id,pA,pB,pTie
30192,0.5658552,0.22573832,0.20840651
53567,0.29408327,0.45897022,0.24694647
65089,0.29098603,0.38505659,0.3239574
96401,0.36678326,0.32180688,0.31140986
198779,0.4524561,0.26501778,0.28252622
292873,0.18623956,0.6235131,0.19024733
313413,0.54455686,0.21036607,0.24507706
370945,0.23198785,0.5493645,0.21864767
441448,0.3385454,0.3521294,0.30932516
481524,0.2764368,0.42490193,0.29866123
497862,0.42699966,0.28428045,0.28871995
587904,0.1974155,0.55545473,0.24712984
604575,0.3127582,0.4473846,0.23985718
738614,0.35371843,0.38596386,0.2603177
862324,0.19140135,0.5505363,0.25806242
863398,0.19983454,0.5912896,0.20887588
887722,0.24514978,0.26131636,0.49353382
914644,0.39661467,0.29882514,0.3045602
933555,0.23814675,0.40648216,0.35537118
1120158,0.4615225,0.29849705,0.23998049
1256092,0.2944169,0.23414032,0.47144285
1404102,0.45134774,0.23654735,0.31210497
1440765,0.10797227,0.7652824,0.12674525
1458108,0.22503175,0.44749203,0.32747617
1491225,0.10747675,0.11988193,0.77264124
1594211,0.43331513,0.28614965,0.2805353
1639617,0.43365905,0.3320511,0.23428984
1744093,0.41629866,0.24590719,0.3377941
1813737,0.38641047,0.34641483,0.26717475
1827787,0.25013846,0.2822281,0.46763334
1842252,0.50889784,0.25861087,0.23249134
2051408,0.44106704,0.24157701,0.31735602
2154496,0.37511283,0.31899774,0.30588946
2298796,0.39999443,0.32218105,0.27782458
2388511,0.54340726,0.22745442,0.22913834
2802516,0.33040705,0.32468966,0.34490335
2857714,0.32764387,0.393225,0.27913117
2912862,0.30410853,0.3401303,0.35576123
2944182,0.16277206,0.18384667,0.6533813
3254113,0.5118667,0.24730983,0.24082357
3258431,0.4428982,0.29035896,0.2667429
3259481,0.22115383,0.24702592,0.5318202
3373963,0.57181,0.22026014,0.20792982
3445782,0.4169972,0.33457443,0.24842837
3475655,0.25863773,0.27954227,0.46181998
3499263,0.3569561,0.30414763,0.33889627
3503031,0.6190389,0.18863973,0.1923213
3504181,0.36193132,0.37230814,0.26576057
3519254,0.13586898,0.15048964,0.71364135
3567106,0.19344299,0.56108123,0.24547575
3578663,0.2598438,0.2791579,0.4609983
3590999,0.07639787,0.06512253,0.85847956
3622781,0.34735414,0.36608794,0.28655788
3643104,0.13084862,0.70810574,0.16104558
3710170,0.3453321,0.30968753,0.3449804
3760933,0.37884486,0.34025085,0.2809043
3773792,0.47752804,0.26610056,0.25637144
3777134,0.1324851,0.7127737,0.15474118
3994811,0.5218772,0.24865001,0.2294727
3995635,0.35593385,0.357207,0.28685915
4186011,0.14128321,0.7069426,0.1517741
4349090,0.61401355,0.16102244,0.22496402
4356730,0.60289836,0.17790833,0.21919328
4486480,0.2744489,0.3476686,0.37788248
4510489,0.4740925,0.26606706,0.25984052
4587071,0.37263688,0.33089408,0.29646897
4615863,0.10971611,0.7269241,0.1633597
4683272,0.10232125,0.090346016,0.80733275
4790276,0.28685513,0.40804553,0.3050993
4961077,0.29383868,0.43151146,0.27464986
4970917,0.49257734,0.2724437,0.23497897
4990514,0.092834234,0.0838069,0.82335883
5061737,0.40424165,0.34613335,0.24962491
5069186,0.60733014,0.1351823,0.2574876
5166668,0.08269582,0.8083774,0.10892681
5187535,0.20914404,0.26231214,0.52854383
5188727,0.33561504,0.3523168,0.3120682
5378146,0.4557122,0.25816822,0.28611952
5498037,0.37117746,0.36911717,0.2597053
5530797,0.37423825,0.3201629,0.30559888
5717448,0.2927692,0.4015218,0.30570894
5879089,0.16856094,0.57653415,0.25490487
5973148,0.49651775,0.27525547,0.2282267
6058088,0.20110206,0.549313,0.24958497
6223290,0.28766212,0.46668118,0.24565676
6241568,0.37731683,0.32320902,0.29947415
6274602,0.293347,0.40027058,0.3063824
6287371,0.14977068,0.6806914,0.16953795
6394907,0.7603908,0.1145744,0.12503475
6447538,0.09296668,0.7544928,0.1525405
6492528,0.12449005,0.12602967,0.7494803
6570133,0.4523749,0.2700409,0.27758417
6701196,0.51771975,0.24562687,0.23665342
6807968,0.666006,0.13917306,0.19482097
6817408,0.7499479,0.08967817,0.16037394
6831350,0.25513574,0.49226257,0.25260168
6853605,0.5676339,0.21553,0.21683607
7021095,0.5024218,0.25382584,0.24375238
7047857,0.7869045,0.09233279,0.120762676
7271889,0.21768028,0.31733042,0.46498924
7311145,0.22776124,0.37809724,0.3941415
7324219,0.49514753,0.2618337,0.24301878
7417163,0.2883133,0.36995727,0.34172937
7484756,0.28387854,0.41016695,0.30595455
7591373,0.14584622,0.13178703,0.7223668
7599930,0.3273317,0.38280374,0.28986463
7739903,0.33597344,0.35154396,0.3124826
7831108,0.32974136,0.25970745,0.41055125
7886413,0.37916937,0.296668,0.32416266
8017578,0.21559648,0.2087215,0.575682
8027538,0.46496195,0.3066242,0.22841388
8108394,0.39063248,0.36118367,0.24818385
8173595,0.12575766,0.719332,0.15491039
8210755,0.372538,0.37665537,0.25080657
8322953,0.18953316,0.33442402,0.47604284
8627100,0.25330344,0.22291024,0.5237863
8639923,0.22586358,0.2664458,0.50769067
8785767,0.16320936,0.15186673,0.6849238
8942841,0.14886495,0.66138875,0.18974629
8948997,0.2779803,0.38714683,0.33487287
9059535,0.3103298,0.36665803,0.3230122
9198128,0.7606815,0.09793381,0.14138463
9420277,0.24330504,0.4528195,0.30387536
9424912,0.37371385,0.3579727,0.26831344
9473040,0.29753214,0.2872653,0.41520256
9484428,0.47469077,0.3021854,0.22312377
9534298,0.49533552,0.24916245,0.25550196
9558869,0.24995768,0.49654222,0.25350013
9601406,0.39207622,0.32184955,0.28607422
9638121,0.37615454,0.3905167,0.23332871
9644862,0.31720096,0.4005894,0.28220963
9740296,0.75616574,0.09255578,0.1512784
9785707,0.35937446,0.3747635,0.26586205
9865433,0.18090245,0.1898741,0.6292234
10038573,0.13776585,0.13805392,0.7241803
10156891,0.3528519,0.36308202,0.28406602
10203267,0.20294985,0.44229418,0.35475606
10349570,0.3218477,0.32876772,0.34938458
10403116,0.747315,0.11554993,0.13713504
10604421,0.18003793,0.6425218,0.17744023
10622974,0.22247331,0.6025237,0.17500307
10798145,0.39987063,0.2813289,0.31880048
10875646,0.31890613,0.23353848,0.4475553
10909236,0.7929789,0.084733665,0.12228742
10966560,0.39592987,0.2965271,0.3075431
10974521,0.2125318,0.5203444,0.26712382
10993520,0.37132075,0.39160806,0.23707122
11036870,0.34411487,0.33712086,0.31876424
11089285,0.6147954,0.1877142,0.19749035
11174153,0.22861636,0.45162022,0.31976348
11288315,0.22934572,0.56979465,0.20085965
11462903,0.6692622,0.13948976,0.19124807
11466834,0.4687904,0.2766838,0.25452578
11477748,0.2777264,0.444507,0.2777666
11570555,0.20448196,0.19618823,0.5993298
11607871,0.36339128,0.3841618,0.2524469
11662304,0.29687056,0.3069111,0.3962183
11802413,0.17696424,0.62366277,0.199373
11841984,0.295108,0.23421033,0.47068167
11953413,0.38874575,0.37637627,0.23487803
11955851,0.3109025,0.39199036,0.29710716
12030710,0.76422644,0.10002973,0.13574386
12361286,0.68668926,0.1494541,0.1638567
12688674,0.24037321,0.48739251,0.27223426
12747778,0.24760002,0.2671235,0.4852765
12749848,0.09424013,0.7819663,0.12379353
13035190,0.27754962,0.48695204,0.2354983
13347957,0.33303195,0.341074,0.32589415
13394448,0.48472074,0.2943138,0.22096542
13556772,0.41165638,0.2865403,0.3018033
13651087,0.31338835,0.40552196,0.28108975
13657431,0.22805275,0.22866775,0.54327947
13678371,0.6636674,0.15760426,0.17872839
13709106,0.7129937,0.12616824,0.16083811
13735973,0.21870689,0.2997804,0.4815127
13744661,0.6595639,0.16250338,0.1779327
13782880,0.18059862,0.18992905,0.6294723
13797059,0.40585673,0.27604637,0.31809694
13896087,0.3134111,0.33605364,0.35053524
14280062,0.288125,0.25542545,0.45644957
14354101,0.23612185,0.2513666,0.51251155
14451315,0.71927625,0.1241833,0.1565405
14493470,0.2661564,0.5287365,0.20510721
14685320,0.1175961,0.101706535,0.78069746
14819628,0.3897661,0.35087135,0.25936258
14940307,0.3762609,0.33259842,0.2911407
15059469,0.17158118,0.6369446,0.19147421
15097210,0.41944656,0.24989593,0.33065757
15132484,0.23074767,0.4025039,0.36674842
15193241,0.44711038,0.31749886,0.23539074
15214568,0.28817156,0.33961356,0.37221494
15247315,0.43904078,0.31421462,0.24674465
15323548,0.53037983,0.2749873,0.19463292
15372768,0.2691398,0.34580648,0.3850537
15439831,0.5079251,0.22914827,0.2629267
15551443,0.3602858,0.34963965,0.2900746
15641037,0.40291893,0.35016847,0.24691261
15762385,0.4863702,0.25477594,0.25885382
15816190,0.58313286,0.21420869,0.20265841
15828515,0.49210352,0.250407,0.25748944
15909896,0.3476937,0.3544403,0.29786608
15945921,0.15677492,0.15077548,0.6924497
16127462,0.283039,0.3217542,0.39520684
16134621,0.17190032,0.16823983,0.65985984
16164492,0.5035643,0.23342569,0.26300994
16192524,0.34046,0.3129959,0.3465441
16345289,0.32879028,0.33282664,0.33838305
16350735,0.12775062,0.7267802,0.14546923
16441516,0.2840412,0.28743535,0.4285235
16461522,0.34731245,0.3347337,0.31795385
16503078,0.092732795,0.09459596,0.8126712
16587778,0.2730502,0.28450188,0.4424479
16593225,0.34800458,0.28032744,0.37166795
16685973,0.2687553,0.16619028,0.5650544
16748032,0.3206092,0.38207445,0.29731643
16956280,0.24174371,0.27050152,0.48775467
16957411,0.29267204,0.38954192,0.31778604
17102186,0.27802446,0.26678088,0.45519462
17214070,0.25068814,0.24699771,0.5023142
17434002,0.367583,0.34378368,0.28863338
17441805,0.124766074,0.7306962,0.1445377
17448643,0.4224623,0.30630437,0.27123332
17452762,0.07801149,0.8160602,0.10592832
17579220,0.17220446,0.29159015,0.5362054
17697317,0.12372007,0.18236226,0.69391763
17786813,0.35967305,0.3082511,0.3320758
17846323,0.79885846,0.067377046,0.13376454
17994707,0.3282777,0.390841,0.28088123
18086268,0.51213056,0.19941868,0.2884507
18094964,0.1851639,0.6134703,0.20136583
18120046,0.2771478,0.47289506,0.24995714
18124674,0.2663181,0.36515734,0.36852452
18138965,0.35564628,0.35135782,0.29299596
18149745,0.41201997,0.33344305,0.25453696
18161882,0.25676987,0.3988512,0.3443789
18229379,0.23535873,0.21771908,0.54692215
18240359,0.09593845,0.10600745,0.79805404
18419266,0.13536476,0.71153134,0.15310389
18452420,0.294117,0.33988008,0.36600295
18655827,0.6598992,0.13432518,0.20577565
18667468,0.12916264,0.14071071,0.7301267
18777426,0.25355977,0.2984616,0.44797865
18802659,0.23746333,0.50196886,0.26056787
19055999,0.22772147,0.24405055,0.528228
19086537,0.25381944,0.49372795,0.25245252
19108602,0.36092153,0.25803846,0.38104
19153923,0.25955325,0.5295208,0.210926
19190525,0.48566833,0.26544496,0.24888672
19223330,0.24721482,0.4656906,0.28709462
19298357,0.4084132,0.35529754,0.23628923
19351701,0.47362307,0.29883045,0.22754645
19606851,0.2594984,0.28787386,0.4526277
19610571,0.1822578,0.59935164,0.21839063
19855179,0.19695747,0.18884867,0.6141939
19919902,0.63691777,0.14993635,0.21314594
19965981,0.40355092,0.30895054,0.28749862
19978669,0.20015891,0.18008828,0.61975276
20092364,0.24027923,0.43517062,0.32455012
20154595,0.093516156,0.08399199,0.8224918
20185159,0.39092955,0.29949167,0.30957875
20191819,0.47021934,0.27303082,0.25674975
20317893,0.4193917,0.30952975,0.27107862
20323081,0.31199217,0.33869734,0.34931052
20358281,0.39348137,0.3113386,0.29518002
20389020,0.22646703,0.49387306,0.27965993
20449586,0.48529914,0.27097112,0.24372976
20513961,0.41930872,0.32007685,0.26061442
20579712,0.16433352,0.1148435,0.720823
20663371,0.31198585,0.34707415,0.34093994
20704787,0.2993663,0.28672373,0.4139099
20960602,0.21137722,0.5559031,0.23271973
21067116,0.4544896,0.31214008,0.23337036
21076858,0.41922858,0.32223094,0.25854045
21363092,0.14778268,0.65339327,0.19882399
21397191,0.22042774,0.3159679,0.46360427
21469188,0.21270311,0.44209093,0.34520602
21546978,0.73673046,0.113869056,0.1494005
21624867,0.09726745,0.78090006,0.12183248
21882851,0.15836112,0.64086777,0.20077117
21998657,0.28853625,0.34705713,0.36440668
22030556,0.10130911,0.095900826,0.8027901
22179610,0.3556652,0.31348753,0.33084726
22198032,0.37369487,0.3486376,0.2776675
22203562,0.2614759,0.23641044,0.5021137
22224316,0.44368896,0.29102266,0.26528838
22225330,0.3366657,0.3511655,0.31216884
22285215,0.26703396,0.2823221,0.450644
22287709,0.26888278,0.3410161,0.3901011
22383280,0.6289474,0.18094935,0.19010337
22387439,0.26396018,0.32860425,0.40743554
22513174,0.41332242,0.29892698,0.28775072
22619105,0.38453797,0.3265981,0.2888639
22632044,0.2491894,0.5121898,0.23862086
22730772,0.17363131,0.6202619,0.20610677
22875501,0.32733256,0.27482542,0.39784202
22897436,0.09169596,0.7735718,0.13473222
22921409,0.27518463,0.25109154,0.4737239
23109454,0.17000167,0.16941509,0.6605832
23151287,0.37424114,0.34632048,0.2794383
23262408,0.09479258,0.79200846,0.11319901
23454698,0.36481678,0.3582547,0.27692854
23469839,0.28069672,0.43026063,0.28904265
23476865,0.38916627,0.33916566,0.27166808
23479672,0.30532837,0.40563145,0.28904024
23496712,0.61790717,0.17834307,0.20374978
23626873,0.49308768,0.20916936,0.29774287
23752038,0.28661492,0.344733,0.36865202
23886831,0.2590064,0.37346727,0.3675264
23949628,0.6398184,0.17698248,0.1831992
23974130,0.5594998,0.23724921,0.20325094
23981422,0.3290124,0.31431374,0.35667387
24079185,0.538557,0.15352616,0.30791685
24156886,0.42203563,0.28918368,0.28878066
24212890,0.3834479,0.3001973,0.3163548
24217487,0.43917614,0.30270314,0.2581207
24244170,0.24551764,0.49016663,0.26431578
24244682,0.545716,0.22548316,0.22880082
24250539,0.44265282,0.3182465,0.23910065
24291614,0.25978678,0.5198236,0.22038962
24298976,0.2489225,0.4540382,0.29703927
24355595,0.36447254,0.31804812,0.31747934
24392931,0.20236278,0.16991158,0.62772566
24399403,0.3434654,0.33708522,0.3194494
24487972,0.14016603,0.10718727,0.7526466
24659060,0.14599012,0.7021418,0.15186799
24685627,0.42441314,0.30838665,0.2672002
24694301,0.14407839,0.12798226,0.7279393
24710636,0.2803109,0.31215602,0.4075331
24766918,0.43800598,0.3414391,0.22055501
24866717,0.2608498,0.3352694,0.40388083
25269381,0.34273928,0.31535444,0.34190628
25419050,0.22416173,0.48747483,0.28836346
25523100,0.33352324,0.35506296,0.3114138
25545380,0.37693074,0.38848898,0.2345803
25560438,0.42702535,0.32235622,0.25061846
25572605,0.08923348,0.7879622,0.12280433
25629188,0.39003387,0.27945414,0.33051196
25674048,0.37373748,0.2731123,0.3531502
25927022,0.14654014,0.6970504,0.15640941
26009090,0.28179708,0.42144382,0.2967591
26092030,0.51936924,0.24188279,0.23874797
26269482,0.37075907,0.27514046,0.3541004
26344235,0.38012812,0.29729715,0.3225748
26376073,0.122727655,0.11638172,0.76089066
26390985,0.2651619,0.3266874,0.40815067
26425483,0.20434095,0.48168036,0.31397867
26535266,0.29547548,0.38688833,0.31763616
26741574,0.2841375,0.28601405,0.42984846
26752065,0.23151204,0.42328745,0.3452005
26762900,0.13645706,0.71198225,0.15156074
26786929,0.61783177,0.15556201,0.22660628
26853196,0.2883701,0.32308486,0.3885451
26880709,0.25706056,0.23892434,0.50401515
26887305,0.21639651,0.22017267,0.56343085
26910129,0.26951352,0.35600588,0.37448063
26928706,0.22845674,0.41527578,0.35626754
26954423,0.34970322,0.32581708,0.32447976
26977623,0.28449526,0.35099292,0.36451188
27094543,0.42525375,0.3194991,0.25524715
27368944,0.2454674,0.49412036,0.2604123
27595930,0.58838564,0.19441253,0.21720184
27640786,0.53920364,0.23768805,0.22310826
27672843,0.3422281,0.40842432,0.24934761
27698358,0.37528148,0.24494512,0.3797734
27758122,0.30994833,0.41788024,0.27217153
27806049,0.3801742,0.31196725,0.30785856
27899018,0.24094814,0.2541056,0.50494623
27937485,0.24771687,0.5077111,0.24457207
28084074,0.22939356,0.21414086,0.55646557
28207817,0.32505944,0.4061859,0.26875472
28502436,0.3428021,0.341317,0.3158809
28503704,0.46994746,0.30113512,0.22891742
28614681,0.23191208,0.49591392,0.2721741
28647536,0.24319743,0.4310387,0.32576394
28683800,0.37007108,0.36057723,0.2693516
28694407,0.30632383,0.45219442,0.24148174
28779054,0.124720156,0.74121857,0.1340613
28810507,0.29955122,0.36136532,0.33908346
28813930,0.33893952,0.3250718,0.3359887
28967472,0.32520965,0.3430385,0.33175185
29066489,0.222306,0.21726355,0.56043047
29105374,0.33098516,0.3884155,0.2805993
29213044,0.38995475,0.34226397,0.26778132
29409951,0.54807574,0.22913638,0.22278795
29477106,0.47549614,0.22759934,0.29690444
29500587,0.45262736,0.30119586,0.24617675
29650947,0.42473453,0.30867362,0.26659188
29769670,0.43323606,0.29892546,0.2678384
29781135,0.122546524,0.7383502,0.1391032
29819376,0.18050048,0.6289235,0.19057606
29890516,0.18391322,0.16837229,0.64771456
29998700,0.4366945,0.28305078,0.28025472
30116192,0.25636205,0.40188867,0.3417493
30231571,0.6254893,0.18578379,0.18872687
30299961,0.33064008,0.32543358,0.34392637
30309090,0.39632758,0.34571692,0.2579555
30406816,0.3389225,0.37446538,0.2866121
30596949,0.5397712,0.2277009,0.23252787
30614122,0.41598052,0.2839613,0.30005822
30621995,0.30323485,0.3082128,0.38855237
30632871,0.17884403,0.6033968,0.21775919
30633394,0.47928473,0.29511052,0.22560477
30651405,0.3978544,0.2869281,0.31521747
30716997,0.40168986,0.32228863,0.27602157
30792503,0.24323681,0.46536252,0.2914006
30887610,0.16551995,0.17389199,0.660588
30960412,0.31540796,0.3601739,0.32441813
31055850,0.5449267,0.22395812,0.23111519
31168210,0.23198771,0.17224877,0.5957635
31514551,0.37511525,0.31277385,0.31211084
31520138,0.30936226,0.33175546,0.35888228
31538450,0.4561137,0.2604869,0.28339937
31588430,0.4346475,0.29151186,0.2738406
31708717,0.30950576,0.38636705,0.3041273
31731551,0.21605267,0.36037153,0.42357582
31735386,0.51807606,0.23784737,0.24407652
31747214,0.74103355,0.11080866,0.14815779
31764032,0.27695647,0.27686846,0.44617507
31919812,0.16634777,0.17336184,0.6602904
31970451,0.34276235,0.37096384,0.2862739
31981480,0.32121715,0.3371167,0.34166613
32074050,0.40618774,0.23263732,0.36117497
32175659,0.36485186,0.32437968,0.3107685
32282452,0.4825196,0.22208095,0.29539946
32347214,0.21423084,0.5443378,0.24143133
32354026,0.48324192,0.2745966,0.24216157
32362908,0.12174925,0.11012767,0.7681231
32405882,0.5466735,0.2333015,0.22002508
32574248,0.6999193,0.13844281,0.16163798
32619509,0.40032905,0.32673764,0.27293327
32638273,0.34747007,0.4398835,0.2126465
32724969,0.8036807,0.07703152,0.11928778
32734944,0.31143817,0.4166444,0.27191752
32811956,0.30628687,0.31262317,0.38108993
32935133,0.31222588,0.37709934,0.3106747
32992211,0.801919,0.08322465,0.114856444
33061116,0.0946483,0.075607784,0.8297439
33161531,0.43899858,0.3055437,0.2554578
33358005,0.32899943,0.320903,0.3500975
33407477,0.08258543,0.8051781,0.11223647
33419218,0.1880701,0.5798188,0.23211114
33467556,0.45645317,0.27530286,0.26824394
33540537,0.33093676,0.417843,0.25122023
33583573,0.38180652,0.28646412,0.3317293
33861741,0.3489107,0.3572442,0.29384512
33917986,0.27315253,0.46449062,0.26235685
33926655,0.18952662,0.5445194,0.26595396
33944248,0.3619494,0.3782612,0.25978938
33955780,0.23644294,0.21518448,0.54837257
33989060,0.26492566,0.48246214,0.25261223
34009462,0.5481819,0.1612891,0.290529
34066561,0.5236801,0.26212052,0.21419948
34083819,0.38693866,0.31396562,0.29909575
34107392,0.38773298,0.33730415,0.27496278
34135285,0.35414562,0.28516066,0.3606937
34137502,0.57125056,0.23730901,0.19144039
34141317,0.309433,0.31184787,0.37871915
34141516,0.754548,0.11110097,0.13435109
34308745,0.1656047,0.62127364,0.21312167
34309572,0.2180886,0.52022564,0.2616858
34348633,0.20616738,0.21127722,0.58255535
34360479,0.22327648,0.22262223,0.5541013
34378632,0.30123952,0.41937998,0.27938044
34480121,0.12051553,0.10409527,0.77538913
34504374,0.3304095,0.28599718,0.38359326
34540796,0.36675176,0.36771545,0.26553282
34549104,0.35382918,0.33077636,0.31539452
34649448,0.3217347,0.44249874,0.23576659
34712778,0.41188616,0.30787462,0.2802392
34742772,0.5543903,0.23086527,0.21474448
34780911,0.26442295,0.43881592,0.29676113
34888646,0.23809876,0.49629062,0.26561058
34934612,0.09233909,0.09408582,0.813575
34946957,0.18559162,0.6203797,0.19402863
34993192,0.31819496,0.2615911,0.42021388
35073394,0.13168493,0.106854975,0.76146007
35076201,0.4351772,0.22964257,0.33518022
35088788,0.41033757,0.28844288,0.3012196
35188934,0.3284527,0.29868084,0.3728664
35201644,0.41127497,0.3343206,0.25440446
35235817,0.18752894,0.5704937,0.24197735
35282086,0.284105,0.4565797,0.25931525
35303250,0.17665371,0.1610044,0.6623419
35322214,0.3818813,0.37214792,0.24597077
35375799,0.2648971,0.30909488,0.42600802
35471736,0.23268636,0.35384125,0.41347238
35492332,0.27579427,0.23632197,0.48788375
35654393,0.3846271,0.34821278,0.2671601
35662089,0.12401658,0.72751236,0.14847104
36062822,0.49603257,0.27775562,0.22621186
36171158,0.22014959,0.27335346,0.50649697
36222911,0.34469146,0.40298104,0.25232753
36278274,0.805981,0.076107785,0.11791119
36351965,0.30972052,0.3778534,0.3124262
36358064,0.13379106,0.7034871,0.16272181
36530527,0.15854248,0.1519058,0.6895517
36545767,0.35531458,0.38855496,0.2561304
36797344,0.5932274,0.21593136,0.19084133
36963252,0.27742696,0.28536177,0.4372113
37043878,0.3260406,0.35988382,0.31407562
37058073,0.30006096,0.34095,0.35898903
37079639,0.51749116,0.20850387,0.274005
37132737,0.14625174,0.6928198,0.16092844
37203239,0.16517542,0.22113743,0.6136872
37206390,0.26540983,0.35533124,0.37925893
37270092,0.5066452,0.26757845,0.22577628
37358949,0.27388096,0.36724702,0.35887203
37403219,0.35907745,0.2925094,0.3484131
37409670,0.51983917,0.2296875,0.2504733
37411931,0.28734723,0.36877334,0.34387946
37611174,0.38237253,0.26799294,0.3496345
37653109,0.2835076,0.38921103,0.3272814
37697874,0.34121972,0.31577286,0.34300742
37875624,0.3883687,0.34592307,0.26570815
37882642,0.2997377,0.37902045,0.32124195
37896187,0.20916735,0.57368153,0.2171511
37951752,0.07221253,0.83184874,0.09593872
38367458,0.27282983,0.38618255,0.34098762
38541643,0.13304804,0.71937627,0.1475757
38558732,0.4111699,0.31969494,0.26913524
38760658,0.37954658,0.3358996,0.28455377
38857249,0.56885624,0.2225051,0.2086387
38966329,0.39829358,0.32217404,0.2795323
39145012,0.38787603,0.3520914,0.26003256
39161068,0.14588436,0.6909149,0.16320075
39180293,0.23824139,0.5320762,0.22968246
39480682,0.2793755,0.42447588,0.29614854
39506411,0.34282184,0.32863238,0.3285458
39507509,0.22548796,0.28396884,0.49054316
39539705,0.72753924,0.10504046,0.16742033
39691906,0.42293492,0.3279504,0.24911466
39773882,0.21871777,0.5292691,0.25201318
39827089,0.31865546,0.38817206,0.29317248
39962815,0.3632377,0.3124947,0.3242676
39996578,0.39300674,0.28096363,0.32602966
40014519,0.32376382,0.34345308,0.33278307
40025404,0.17607062,0.17032798,0.6536014
40059390,0.32132006,0.3464807,0.33219928
40132483,0.31561705,0.3146368,0.3697462
40152314,0.5736194,0.19632372,0.23005679
40172326,0.3622768,0.31845844,0.31926477
40175065,0.28559345,0.4135008,0.30090573
40222815,0.4798328,0.25758392,0.2625833
40277037,0.37253654,0.3636524,0.26381108
40307655,0.6718328,0.11090697,0.21726012
40469994,0.40609396,0.35462493,0.23928112
40556750,0.4296431,0.30334744,0.26700947
40594907,0.48257738,0.23818311,0.27923945
40617317,0.38831407,0.34057224,0.27111375
40686068,0.37576407,0.2516355,0.37260053
40687256,0.22729766,0.5416799,0.23102236
40718039,0.51351047,0.2616565,0.22483306
40823165,0.74508524,0.10541135,0.14950338
40931395,0.2402228,0.48039657,0.2793806
40959188,0.31496826,0.31868157,0.3663502
41007496,0.5736618,0.22040783,0.2059304
41097827,0.1373775,0.69370496,0.16891755
41123370,0.28406182,0.34509647,0.37084168
41126880,0.20631616,0.19031799,0.60336584
41176201,0.22886378,0.25661713,0.5145191
41306206,0.32070127,0.31216055,0.36713824
41401699,0.30034322,0.31256607,0.3870907
41634841,0.22676235,0.18407892,0.58915865
41689846,0.31085038,0.3653904,0.3237592
41729147,0.3680331,0.35991552,0.27205145
41939754,0.5608829,0.19914283,0.23997417
42048887,0.28207392,0.42084825,0.29707786
42196315,0.112272814,0.76867425,0.119053006
42363635,0.37719092,0.33824977,0.28455943
42421151,0.4074475,0.3035094,0.2890431
42422183,0.31608784,0.41028595,0.27362624
42439658,0.29716387,0.2875907,0.41524547
42441079,0.30370927,0.31261042,0.38368037
42507851,0.4183304,0.32615063,0.255519
42584195,0.23841135,0.22995502,0.5316337
42733901,0.27796075,0.38472593,0.33731332
42832538,0.3213171,0.31921664,0.3594663
43013256,0.17649062,0.17356892,0.64994043
43028545,0.34469742,0.32291013,0.33239248
43053669,0.40145501,0.3118382,0.28670678
43199588,0.64225876,0.14564666,0.21209455
43245275,0.32432798,0.25887713,0.41679487
43393319,0.686651,0.11666819,0.19668081
43490392,0.30831194,0.31618258,0.3755055
43613344,0.23929727,0.27709478,0.48360798
43641645,0.21618082,0.22786017,0.555959
44113499,0.47078854,0.2559129,0.27329868
44132997,0.21434121,0.25409782,0.53156096
44216523,0.16376281,0.6555107,0.18072648
44286334,0.37830815,0.27501762,0.34667423
44341326,0.1966268,0.5665428,0.23683041
44429455,0.71149737,0.11542018,0.1730824
44439894,0.51461214,0.25913456,0.2262533
44654591,0.18807593,0.57391953,0.23800446
44685153,0.5234695,0.25848258,0.21804787
44801794,0.29134685,0.3842957,0.32435745
45083686,0.37775424,0.31571385,0.30653194
45197798,0.235304,0.21753855,0.54715747
45203971,0.07499686,0.82585335,0.099149786
45239136,0.39007297,0.33111218,0.2788149
45295652,0.22159535,0.47789404,0.30051064
45306623,0.43565574,0.24356776,0.3207765
45349724,0.12977928,0.106738925,0.7634818
45445864,0.13093717,0.72519964,0.14386325
45527285,0.40798655,0.29760906,0.29440442
45649084,0.29593545,0.38961667,0.3144479
45679685,0.5485421,0.22456717,0.22689076
45742698,0.075779974,0.82323384,0.10098619
45745424,0.17984936,0.15815404,0.6619966
45768623,0.42540106,0.2659019,0.30869702
45813536,0.38447177,0.30159786,0.3139304
45862971,0.2760482,0.24486215,0.4790897
45871743,0.42741638,0.29147926,0.28110436
45963597,0.31901738,0.3757339,0.30524868
45978184,0.16114736,0.61513734,0.22371529
46097953,0.39964852,0.35956594,0.24078557
46298937,0.21360976,0.17552978,0.61086047
46364451,0.26222944,0.22720644,0.5105641
46626014,0.33356485,0.34802163,0.3184136
46687772,0.31907552,0.3579082,0.32301632
46809189,0.3139715,0.18153352,0.50449497
46821932,0.46315122,0.25555322,0.2812956
46876466,0.19715592,0.19156855,0.6112755
46908692,0.18486172,0.1844837,0.6306545
46944333,0.38825175,0.3517526,0.2599956
47180516,0.3580257,0.36631498,0.27565926
47227021,0.32180983,0.3560587,0.32213148
47599014,0.21312442,0.49960104,0.2872745
47623951,0.41931129,0.3218028,0.25888595
47651837,0.3550073,0.3387528,0.30623993
47717262,0.3330144,0.36600924,0.30097646
47734761,0.29475218,0.40116933,0.30407855
47768118,0.2490269,0.4276824,0.32329077
47769825,0.5641041,0.20405966,0.23183623
47964341,0.445352,0.34535635,0.20929168
47979246,0.21007638,0.56897247,0.22095113
48015690,0.12190977,0.719339,0.1587512
48070351,0.48972183,0.28744876,0.2228294
48081420,0.23145168,0.2837594,0.48478898
48139544,0.33284137,0.4113751,0.25578362
48142269,0.2853711,0.38973132,0.32489762
48165008,0.40692136,0.29482284,0.2982558
48179205,0.46682733,0.30420285,0.22896977
48242477,0.5093175,0.25534022,0.2353422
48259531,0.13439308,0.70696765,0.15863934
48264930,0.081500754,0.8026114,0.11588786
48265471,0.09185917,0.091680326,0.81646055
48300687,0.4213725,0.29744938,0.28117815
48430092,0.25217858,0.41982996,0.3279915
48469580,0.41644508,0.28861976,0.29493517
48531611,0.31208512,0.33295727,0.3549576
48576265,0.60522646,0.19369665,0.20107691
48642438,0.122544736,0.72998726,0.14746799
48656223,0.16919674,0.6494949,0.18130843
48670803,0.37276104,0.34020293,0.28703606
48675796,0.18031332,0.33200428,0.48768243
48707291,0.25334358,0.40254417,0.34411228
48759239,0.15235256,0.6817285,0.16591898
48919853,0.15422684,0.6906368,0.15513639
48942865,0.12204379,0.7165626,0.16139361
49066516,0.47363096,0.29838994,0.22797906
49148726,0.7234237,0.12716366,0.14941263
49213656,0.22247419,0.23990214,0.5376237
49360504,0.16770366,0.31194705,0.52034926
49435804,0.39209187,0.3298803,0.27802786
49465636,0.08768678,0.7936107,0.118702576
49568525,0.3893182,0.35503572,0.25564614
49610973,0.08404501,0.80189407,0.11406098
49623367,0.2694494,0.36550108,0.36504948
49697314,0.22912395,0.30808115,0.46279487
49817121,0.5038525,0.28728822,0.20885926
49883581,0.19641726,0.569978,0.23360473
49947138,0.119788684,0.7093,0.17091134
49977065,0.12808846,0.7275762,0.14433533
50045381,0.16539858,0.6498325,0.18476899
50145026,0.29464427,0.36775994,0.33759576
50149330,0.39261308,0.3380157,0.2693712
50196105,0.2659523,0.43274125,0.30130652
50272973,0.11676444,0.11593857,0.767297
50508809,0.4668648,0.25584358,0.2772916
50589143,0.19722843,0.20271394,0.60005754
50594058,0.22192384,0.56092894,0.21714717
50608374,0.3841439,0.35259274,0.26326334
50656327,0.22303179,0.50716084,0.2698073
50756439,0.30260572,0.2823122,0.41508204
50914747,0.4979549,0.29073355,0.2113115
51122739,0.30306932,0.39806804,0.29886264
51210806,0.2110459,0.49689686,0.29205722
51421088,0.33361566,0.34024704,0.3261373
51460330,0.36198685,0.36088,0.27713314
51473653,0.22766247,0.53205574,0.24028173
51490527,0.53078055,0.264878,0.20434144
51497349,0.14057717,0.15225028,0.70717263
51526530,0.1682804,0.6572151,0.17450461
51557426,0.3062216,0.3358211,0.35795733
51618708,0.4968211,0.23372069,0.2694582
51653907,0.62812567,0.17568846,0.19618586
51766718,0.3221249,0.33567792,0.34219718
51782523,0.35556585,0.3671497,0.2772845
51806745,0.6396734,0.16423649,0.19609006
51857553,0.24061401,0.3793461,0.38003993
51908978,0.3331396,0.311528,0.3553324
52088968,0.27269807,0.28695014,0.44035178
52094506,0.13340126,0.7279739,0.13862495
52353020,0.39120284,0.32560584,0.28319135
52356911,0.24904047,0.468392,0.2825675
52388359,0.39634278,0.29302233,0.31063485
52459595,0.22199309,0.49076173,0.28724515
52489452,0.4633605,0.25202066,0.28461882
52660023,0.29574698,0.26691774,0.43733534
52770361,0.393138,0.32431942,0.2825426
52797780,0.15450421,0.6815003,0.16399543
52893105,0.36969444,0.30363247,0.32667306
52915987,0.35036,0.3609449,0.28869507
52934238,0.54334325,0.23687424,0.21978253
53017222,0.2035098,0.21534394,0.58114624
53058989,0.23970807,0.42683792,0.3334541
53082068,0.38423884,0.35978287,0.25597823
53091456,0.2532253,0.28330174,0.463473
53134540,0.5360866,0.17649567,0.28741768
53184609,0.41517502,0.35596278,0.22886227
53443545,0.14778571,0.629143,0.22307135
53517536,0.09878017,0.10056925,0.80065066
53527420,0.20917293,0.5914494,0.19937764
53704229,0.42567083,0.27210498,0.30222425
53759321,0.4499634,0.27290946,0.27712715
54024689,0.3748813,0.33697724,0.28814143
54080316,0.57868767,0.19791271,0.22339962
54081918,0.3064496,0.29411668,0.3994337
54086375,0.29627636,0.36010027,0.34362328
54148055,0.14544585,0.6812575,0.1732967
54230341,0.17226286,0.6521559,0.17558128
54262195,0.61712956,0.17159516,0.21127526
54330510,0.37476823,0.34009972,0.28513202
54384068,0.27992868,0.3386961,0.38137522
54447870,0.29479483,0.3834059,0.32179934
54523115,0.28438914,0.40953553,0.30607533
54551429,0.2925057,0.3083394,0.39915484
54706172,0.31268188,0.4373276,0.24999046
54822700,0.4240645,0.3132014,0.26273412
54866362,0.27372295,0.24919383,0.47708324
54931325,0.2996701,0.33649513,0.36383474
54955806,0.53709126,0.20969823,0.25321048
54973675,0.22933717,0.5183517,0.2523112
55076734,0.25196958,0.19360413,0.55442625
55173888,0.24427104,0.5070446,0.24868433
55198760,0.13957258,0.12651679,0.7339107
55301863,0.3838509,0.3508725,0.26527655
55331276,0.167463,0.6525249,0.18001215
55414738,0.356842,0.34548184,0.29767615
55608506,0.09705347,0.10394618,0.79900044
55654310,0.33986527,0.33361274,0.32652205
55695969,0.14181052,0.7101785,0.14801095
55698583,0.21220985,0.2203185,0.5674717
55873199,0.2509107,0.3169097,0.4321796
55908596,0.091910854,0.7865671,0.1215221
56006011,0.1649631,0.26911402,0.5659229
56024811,0.34993324,0.33750018,0.31256658
56345886,0.35321376,0.30175662,0.34502953
56375195,0.12591541,0.740406,0.13367859
56391994,0.19815093,0.24192116,0.5599279
56432908,0.110071026,0.089945756,0.79998326
56446540,0.22130774,0.20160365,0.5770886
56470233,0.6407291,0.1822146,0.17705622
56494128,0.30982912,0.19140019,0.49877077
56498932,0.17356609,0.5993117,0.22712223
56570247,0.21970606,0.48721066,0.2930833
56591099,0.79175884,0.08460257,0.12363857
56636147,0.35980326,0.33168185,0.30851486
56649304,0.43715465,0.33104238,0.23180299
56714813,0.7818471,0.08748887,0.13066405
56721443,0.31980616,0.3241995,0.3559944
56733980,0.14576048,0.6934026,0.1608369
56787434,0.25811774,0.4142007,0.32768148
56810430,0.2716814,0.46567014,0.2626484
56874306,0.105799735,0.77047485,0.12372547
56969406,0.3893073,0.33516964,0.27552307
56973692,0.20816293,0.18516767,0.60666937
56975393,0.37835628,0.28994253,0.3317012
57056642,0.2634458,0.46313313,0.27342114
57180984,0.237643,0.24507323,0.5172838
57303972,0.42249757,0.31655458,0.26094788
57310751,0.69561106,0.15397619,0.15041278
57442593,0.105460316,0.097485326,0.7970544
57464350,0.27618447,0.41672882,0.3070867
57552684,0.34134907,0.31940755,0.3392434
57581451,0.3268145,0.37469202,0.2984935
57663615,0.39206347,0.29620737,0.3117292
58108903,0.38907927,0.4021531,0.20876758
58127902,0.35317156,0.33484596,0.31198248
58129946,0.51695967,0.246926,0.2361144
58131904,0.32444003,0.41844153,0.25711852
58178065,0.3729754,0.28960943,0.33741507
58200921,0.3086902,0.36821422,0.3230956
58207052,0.36427754,0.30304864,0.33267373
58320015,0.19441964,0.59445596,0.21112445
58430697,0.18408196,0.60691226,0.20900576
58586803,0.37217718,0.2788499,0.34897292
58628175,0.7009191,0.11889888,0.18018205
58730565,0.27788374,0.4134055,0.30871078
58844122,0.38927624,0.29658827,0.3141355
58855804,0.29842752,0.24355546,0.458017
58949044,0.3745238,0.28309897,0.34237716
58971764,0.41479087,0.28752846,0.2976807
59022044,0.35203856,0.3610455,0.28691596
59036967,0.2363585,0.23618214,0.5274594
59076194,0.31369993,0.4218873,0.26441276
59131163,0.22078562,0.4334938,0.34572047
59247765,0.40083417,0.29032555,0.30884025
59346615,0.3089032,0.33026427,0.3608326
59377658,0.26047665,0.3271128,0.41241056
59404377,0.29534814,0.35249037,0.3521616
59404456,0.25788882,0.35253534,0.38957584
59408135,0.3732329,0.26978883,0.35697824
59727862,0.24488647,0.25698656,0.49812692
59806204,0.21994992,0.5407454,0.23930474
59808824,0.3217774,0.30754846,0.3706741
59824387,0.18289773,0.5563884,0.26071388
59939964,0.39974874,0.30069318,0.2995581
60121960,0.16362008,0.6524484,0.18393151
60193558,0.5127315,0.18587492,0.30139354
60214197,0.30878434,0.34371597,0.34749973
60314975,0.35544136,0.29045805,0.3541006
60373227,0.0637265,0.8486217,0.087651774
60545540,0.51159126,0.21608396,0.27232477
60548314,0.29623517,0.3496108,0.35415405
60772243,0.22978534,0.509089,0.26112565
60898580,0.38134882,0.32016927,0.2984819
60904186,0.33176845,0.3885987,0.2796329
61093234,0.4238534,0.2576434,0.31850314
61120436,0.3594863,0.28541955,0.35509416
61143223,0.23844488,0.5091671,0.25238803
61160669,0.3102395,0.3162501,0.37351042
61276176,0.29928243,0.38987136,0.31084615
61303490,0.5268146,0.25156507,0.22162032
61314766,0.28571343,0.4361326,0.27815387
61327490,0.59310216,0.21127288,0.195625
61343237,0.28803197,0.3108195,0.40114853
61412684,0.12839076,0.71035594,0.16125336
61501780,0.51803637,0.26514578,0.21681789
61558028,0.35471705,0.2728682,0.3724147
61564781,0.24136677,0.35173246,0.4069008
61609805,0.13244458,0.12068775,0.7468677
61612801,0.58472776,0.21598577,0.19928649
61619064,0.17562792,0.6088853,0.2154867
61777900,0.32696208,0.3122059,0.36083207
61864121,0.26337364,0.42852804,0.30809832
61925294,0.42697117,0.2935152,0.27951363
61965696,0.22537324,0.45663998,0.3179868
61999541,0.27239525,0.41887787,0.30872694
62043814,0.5513455,0.12884125,0.3198132
62069597,0.6591242,0.16263837,0.1782374
62077669,0.19387558,0.5896161,0.21650822
62126909,0.5868143,0.2017223,0.21146338
62142106,0.29166773,0.4788606,0.22947171
62220900,0.26200444,0.35135043,0.38664514
62424602,0.31957301,0.310841,0.369586
62433712,0.57614017,0.20179696,0.22206287
62563269,0.45991617,0.2671475,0.27293628
62650316,0.4873266,0.26627043,0.24640304
62750940,0.20557594,0.55927515,0.23514888
62764458,0.27897274,0.23104233,0.48998502
63138580,0.11643375,0.121472284,0.76209396
63461737,0.58198637,0.20891343,0.20910016
63619026,0.24396466,0.27332672,0.48270863
63662467,0.24988799,0.32252115,0.42759088
63699891,0.09136577,0.80143183,0.1072024
63815707,0.19422208,0.6105116,0.19526635
63866747,0.31523547,0.40317038,0.28159425
64112033,0.32309034,0.35605463,0.32085505
64150085,0.30198365,0.3113356,0.38668078
64211461,0.28150448,0.33183134,0.3866642
64247839,0.36142138,0.33313683,0.30544183
64278103,0.3166406,0.35143915,0.33192024
64571863,0.39674443,0.3370431,0.26621246
64659709,0.70641005,0.13131237,0.1622776
64711480,0.11125098,0.099070065,0.789679
64715260,0.12282206,0.7225501,0.15462781
64757753,0.39889735,0.30859414,0.2925085
64887855,0.3419657,0.3438844,0.31414995
64942083,0.18043733,0.56721765,0.25234497
64987913,0.26704255,0.51842844,0.21452898
65111410,0.33905435,0.3160319,0.34491378
65347038,0.2718817,0.24006711,0.48805118
65504068,0.100302875,0.081921436,0.8177758
65525364,0.17941172,0.6523117,0.16827656
65544126,0.26058218,0.24390312,0.4955147
65555822,0.3924373,0.3399863,0.26757646
65632389,0.11944943,0.7400238,0.1405268
65700319,0.13246924,0.6381311,0.2293997
65745439,0.1548643,0.2020274,0.6431083
65766556,0.4737181,0.26343298,0.26284882
65868091,0.6472917,0.17375329,0.17895505
65900695,0.54311156,0.21449281,0.2423956
66155606,0.3618586,0.3686527,0.26948872
66167562,0.6036574,0.19344819,0.20289443
66246031,0.31744182,0.31397837,0.36857983
66250487,0.3296219,0.34728038,0.3230977
66258110,0.14360996,0.52329856,0.33309156
66310559,0.25791672,0.4565898,0.28549352
66440298,0.18418635,0.13777798,0.6780357
66507627,0.26762736,0.40062538,0.3317473
66592960,0.27672723,0.2716647,0.451608
66663160,0.33854923,0.29305318,0.36839768
66699553,0.37884426,0.33708894,0.28406686
66712101,0.41034207,0.34481505,0.24484292
66717329,0.37013447,0.33801565,0.29184988
66786209,0.38271216,0.26802805,0.3492598
66848153,0.31295535,0.35838577,0.328659
66965326,0.1032554,0.09410055,0.8026441
67152163,0.5638889,0.20149396,0.23461708
67327709,0.14721064,0.67000306,0.1827863
67339404,0.3472916,0.34002784,0.3126806
67405472,0.21084371,0.5608402,0.22831608
67525190,0.2074508,0.5446755,0.24787365
67606846,0.33887532,0.36017781,0.30094695
67744229,0.25667253,0.46772414,0.27560326
67828746,0.31038392,0.36776018,0.32185593
67960801,0.15282324,0.66369635,0.18348037
68043473,0.3544444,0.3535455,0.29201007
68211145,0.182805,0.5974837,0.21971133
68277554,0.37170464,0.33997437,0.28832096
68299707,0.5414734,0.18556586,0.27296078
68593198,0.3706179,0.35023165,0.2791504
68833317,0.383791,0.35415167,0.2620574
68866655,0.20805533,0.5536244,0.23832029
68890531,0.36908728,0.32982668,0.3010861
68920028,0.4414198,0.28384018,0.27473998
68940324,0.37877825,0.31446362,0.30675814
69094828,0.23487464,0.2567997,0.50832564
69276800,0.3559868,0.36748075,0.27653244
69498024,0.24594557,0.4674933,0.28656107
69535182,0.30969158,0.38885963,0.30144882
69554887,0.79288197,0.08351899,0.12359905
69721128,0.22708529,0.23280859,0.54010606
69739263,0.10991016,0.74299276,0.14709708
69753463,0.20485273,0.1976746,0.59747267
69767403,0.24485986,0.41068414,0.34445605
69976808,0.48852152,0.22651643,0.28496206
70186050,0.6839102,0.12277412,0.19331573
70264803,0.40501714,0.30149543,0.2934874
70585397,0.3647753,0.23309545,0.40212923
70793137,0.53324425,0.23210062,0.23465505
70893707,0.3797286,0.30493066,0.31534073
70903723,0.32176596,0.34970975,0.3285243
70912581,0.3362817,0.36496577,0.29875255
70977611,0.41310546,0.28658998,0.30030453
71023956,0.12064324,0.1269469,0.7524099
71047602,0.37054348,0.32995394,0.29950264
71132119,0.29836455,0.4560085,0.24562693
71190948,0.63919324,0.16500482,0.19580194
71683683,0.32690805,0.2922169,0.380875
71699302,0.20381898,0.20294401,0.593237
71770169,0.43122756,0.2769519,0.29182047
71802515,0.36151874,0.35241258,0.2860687
71884763,0.34394783,0.3466174,0.30943474
71955180,0.34614718,0.33429852,0.31955427
71956333,0.49652752,0.26856107,0.23491143
72035655,0.524081,0.25210047,0.22381845
72049246,0.42314392,0.31568104,0.2611751
72135386,0.09950742,0.086811,0.8136815
72140361,0.4276554,0.26852393,0.30382064
72237387,0.058769356,0.8452177,0.09601299
72289075,0.7868016,0.09434587,0.118852556
72350385,0.12102866,0.10790016,0.7710712
72511783,0.726485,0.11871254,0.15480237
72537032,0.3660774,0.3412568,0.29266578
72551638,0.3727906,0.3864359,0.2407735
73144799,0.102048755,0.7815314,0.116419904
73160093,0.2804386,0.44024077,0.2793207
73160920,0.31645414,0.40350845,0.28003752
73227792,0.60322875,0.19414642,0.20262483
73249283,0.11007983,0.090452,0.7994682
73288796,0.2699088,0.32976854,0.4003227
73298758,0.34748203,0.40050042,0.2520176
73323467,0.47058538,0.214662,0.31475255
73480272,0.25096396,0.28428352,0.4647525
73537277,0.56988037,0.22571632,0.2044033
73544272,0.31959143,0.38484988,0.29555863
73576434,0.46045035,0.3162841,0.22326551
73625918,0.44177985,0.2729434,0.28527674
73650850,0.35686043,0.2278348,0.41530475
73704096,0.24382679,0.48552653,0.27064663
73710468,0.5920183,0.19236696,0.21561478
73736742,0.44454426,0.3143708,0.24108495
73771022,0.3394899,0.17350833,0.48700175
73821264,0.1746123,0.59749717,0.22789052
73902561,0.2892394,0.32735556,0.38340497
73905810,0.49860248,0.28064656,0.22075088
73936271,0.19933777,0.54512805,0.25553417
73980122,0.09763563,0.096008435,0.80635595
74109885,0.3601276,0.33453277,0.3053396
74125158,0.42401332,0.3047413,0.2712454
74185665,0.30396628,0.4245797,0.27145395
74260397,0.19748667,0.6002921,0.2022213
74274070,0.48333323,0.27224526,0.24442153
74321866,0.22890516,0.18709855,0.5839963
74458627,0.47178674,0.29738563,0.23082764
74492564,0.3114349,0.40330696,0.28525817
74521474,0.39718276,0.33572108,0.2670962
74591564,0.26740474,0.28116766,0.4514277
74630805,0.46041638,0.2995239,0.24005972
74732152,0.4484811,0.27228472,0.27923417
74771281,0.0945853,0.7988432,0.10657151
75162689,0.49239463,0.25748232,0.25012305
75185897,0.34321114,0.35220858,0.30458033
75221603,0.30150446,0.2840805,0.41441503
75268821,0.23521894,0.23744369,0.5273374
75465848,0.4392059,0.27514577,0.28564826
75510608,0.49572924,0.2713466,0.23292422
75636523,0.3533936,0.33198705,0.31461936
75652056,0.2651992,0.24822405,0.48657674
75654377,0.32438374,0.3391554,0.33646092
75756798,0.26433334,0.24391417,0.49175248
76020303,0.33143502,0.34313518,0.3254297
76023415,0.21850944,0.5170153,0.26447526
76043195,0.2603317,0.25999668,0.4796716
76071886,0.38976467,0.29871532,0.31151998
76089710,0.39461878,0.37109876,0.23428246
76092429,0.39730474,0.27416348,0.3285318
76128166,0.48250172,0.22509581,0.29240242
76154249,0.19085044,0.57928926,0.2298603
76189828,0.3506632,0.3131541,0.33618268
76316376,0.31391388,0.28773034,0.39835587
76546068,0.28215754,0.314895,0.40294743
76583649,0.10443441,0.089281,0.80628455
76703164,0.4598245,0.28080806,0.25936738
76818137,0.31654665,0.36030367,0.3231497
76929915,0.08337019,0.7929081,0.123721786
76937152,0.3633029,0.34334388,0.29335317
76953214,0.35141686,0.32862186,0.31996125
77034664,0.37210217,0.37793264,0.24996513
77072101,0.25101602,0.4213331,0.32765087
77100058,0.2979281,0.41119143,0.29088047
77139482,0.26875994,0.4232709,0.30796912
77164741,0.103506826,0.092701614,0.8037915
77181015,0.3165683,0.3739422,0.30948955
77293566,0.4021147,0.32743597,0.27044928
77367943,0.66644096,0.14063627,0.19292285
77445904,0.32437423,0.32481223,0.3508135
77620894,0.39115214,0.25322202,0.35562587
77659288,0.33634692,0.31832793,0.3453252
77745064,0.17356816,0.59343296,0.23299895
77764403,0.24802558,0.21350542,0.538469
77799737,0.5162942,0.22074297,0.26296285
77822904,0.46306255,0.2974099,0.23952746
77861425,0.22791852,0.2246706,0.54741085
77862025,0.09467463,0.7819351,0.123390354
78048540,0.095471285,0.7931172,0.11141149
78153464,0.22053856,0.51511306,0.2643484
78238349,0.29440752,0.29909047,0.406502
78276181,0.3920251,0.3127725,0.29520237
78323278,0.30227414,0.24720334,0.45052248
78350806,0.12849411,0.7228792,0.14862666
78380340,0.49520364,0.23152985,0.27326646
78429920,0.29190248,0.389953,0.31814444
78445775,0.5836507,0.1816393,0.23471
78719920,0.06747638,0.8325376,0.099986
78724708,0.14648789,0.6377258,0.21578628
78726841,0.41241708,0.30799356,0.27958938
78763720,0.39125916,0.29734918,0.31139165
78804889,0.21066284,0.49262902,0.29670817
78956673,0.6397025,0.17958675,0.18071075
79087561,0.35105005,0.32157972,0.32737023
79179109,0.26508534,0.30998695,0.42492768
79293841,0.48809916,0.22880892,0.2830919
79299896,0.39138576,0.32042006,0.28819412
79405520,0.22904138,0.30782637,0.4631322
79490409,0.34920254,0.35118985,0.29960752
79519224,0.4378846,0.3129484,0.249167
79523242,0.6789023,0.13946703,0.18163069
79629494,0.19930832,0.6065227,0.19416893
79780700,0.508472,0.21168287,0.27984512
79789750,0.21456234,0.51767325,0.2677644
79818028,0.3007662,0.20003054,0.49920323
79833841,0.5505274,0.20376687,0.24570581
79890507,0.38903272,0.32393003,0.28703725
80014216,0.3894435,0.31776875,0.2927878
80082858,0.09763016,0.77355653,0.1288133
80141038,0.29953608,0.3394625,0.36100137
80186619,0.3732911,0.30480906,0.3218999
80205282,0.2526105,0.32504663,0.42234278
80279897,0.32196745,0.3522382,0.32579428
80525318,0.39430416,0.23885131,0.36684453
80552572,0.4900998,0.23544277,0.27445737
80592148,0.32210928,0.35025838,0.32763225
80657707,0.22691491,0.5202969,0.25278822
80678508,0.35037056,0.359867,0.28976238
80685096,0.3190774,0.34121284,0.33970976
80704803,0.13329087,0.7070259,0.15968327
80787512,0.30948606,0.2894498,0.40106407
80968808,0.32816365,0.34425732,0.32757893
81185517,0.34457344,0.28875464,0.36667192
81192693,0.17906214,0.63636655,0.18457137
81235835,0.44290853,0.30265966,0.25443175
81238423,0.17773639,0.1518053,0.6704583
81249307,0.37579218,0.34516114,0.27904665
81304812,0.29400694,0.32486463,0.38112843
81314120,0.5557025,0.20986983,0.23442775
81562417,0.23489846,0.34778324,0.4173183
81653300,0.10270718,0.77820617,0.11908662
81655735,0.26146436,0.19129562,0.5472401
81700778,0.3068455,0.32002598,0.37312847
81731578,0.27398354,0.4426051,0.28341126
81954652,0.3546147,0.23379168,0.41159362
82241435,0.31920052,0.39462033,0.2861791
82324757,0.5725789,0.19291827,0.23450284
82344731,0.36951274,0.32251713,0.30797017
82487187,0.17631756,0.6133698,0.21031266
82511181,0.2699885,0.44305384,0.28695765
82659450,0.36695537,0.3492677,0.28377688
82742882,0.33158115,0.270978,0.3974408
82826838,0.25151816,0.34085524,0.4076266
82849718,0.41387278,0.2664582,0.31966895
82880589,0.4030262,0.31885397,0.27811983
82908392,0.43627483,0.25278273,0.31094244
83046909,0.19442566,0.1780021,0.6275722
83055200,0.2001183,0.55543745,0.24444428
83160691,0.44417357,0.2966771,0.25914928
83377839,0.28567925,0.34185553,0.37246525
83379819,0.28340888,0.27526048,0.44133064
83407252,0.67461276,0.15106219,0.17432508
83451493,0.22000718,0.53966814,0.24032475
83509981,0.31092766,0.33912155,0.3499508
83620275,0.40753353,0.27469233,0.3177741
83732566,0.38440257,0.32175702,0.2938404
83928327,0.33270782,0.35904008,0.3082522
84031958,0.31223473,0.39957318,0.28819212
84096412,0.36796257,0.30359933,0.32843813
84127059,0.4207741,0.3167935,0.26243243
84178907,0.58645463,0.18051971,0.2330257
84377416,0.20438719,0.3177023,0.47791055
84389393,0.37727603,0.3141056,0.30861843
84452556,0.62245494,0.17383644,0.20370862
84475574,0.36480868,0.26679558,0.3683958
84483673,0.45465383,0.29551747,0.24982864
84569956,0.3787621,0.32013693,0.30110088
84617438,0.29173672,0.32979557,0.3784677
84652878,0.22233817,0.33586723,0.4417945
84759783,0.32555,0.32381633,0.35063362
84760327,0.6238414,0.17972703,0.1964316
84762535,0.3315024,0.31910065,0.34939694
84798842,0.26479194,0.22893481,0.50627327
85115442,0.3430947,0.32221588,0.3346894
85170785,0.33034885,0.28086978,0.3887814
85273352,0.49102983,0.24692596,0.2620442
85279513,0.28711528,0.3651517,0.34773302
85305874,0.39924636,0.24217318,0.3585804
85318392,0.16594462,0.6870743,0.14698105
85516503,0.28172848,0.34554836,0.37272313
85565223,0.22435045,0.20473099,0.5709185
85676838,0.16673724,0.6351735,0.19808927
85722057,0.5080087,0.24060294,0.2513883
85758625,0.33853632,0.32907516,0.33238846
86015370,0.22323757,0.14980714,0.6269553
86063424,0.35907796,0.3471204,0.29380158
86226617,0.5375521,0.21643665,0.24601118
86275592,0.18640639,0.6009932,0.21260041
86326684,0.19416408,0.16182327,0.6440127
86393019,0.34126875,0.33454165,0.32418954
86419007,0.33926308,0.3574621,0.30327487
86445267,0.26389676,0.4616912,0.27441198
86491823,0.12894835,0.11331361,0.7577381
86511480,0.28078878,0.2603873,0.45882386
86573522,0.26919007,0.44959635,0.28121355
86630949,0.3057001,0.38401803,0.3102819
86721623,0.2471745,0.5042981,0.24852748
86858696,0.5014207,0.23532626,0.2632531
86870228,0.26119655,0.12484249,0.6139609
86935812,0.39450604,0.34015974,0.26533425
87092462,0.30494162,0.3680173,0.32704103
87097337,0.5143361,0.27036735,0.21529655
87127901,0.26788023,0.30577993,0.4263398
87142305,0.58211976,0.22714552,0.19073468
87213079,0.38724363,0.32827663,0.28447977
87253114,0.2069823,0.21805237,0.57496536
87284463,0.4550894,0.28219363,0.26271692
87473131,0.21202575,0.2465903,0.5413839
87490807,0.6556752,0.16969539,0.1746294
87533124,0.25890923,0.41968438,0.32140636
87562146,0.11324948,0.74488074,0.14186974
87637025,0.3460115,0.31029773,0.34369075
87680801,0.3866622,0.31956595,0.2937719
87763287,0.36083764,0.42271018,0.21645218
87907321,0.23172665,0.22496544,0.5433079
88139056,0.28502643,0.41799316,0.29698038
88189114,0.3055865,0.3962092,0.29820427
88263458,0.4609521,0.2929171,0.24613081
88282498,0.42391244,0.25824785,0.31783968
88362449,0.327166,0.23515047,0.43768352
88506917,0.5626873,0.22545525,0.21185748
88518623,0.30802748,0.37448546,0.31748706
88580515,0.4530992,0.29661193,0.25028884
88633480,0.29236045,0.3214579,0.3861817
88675730,0.34043878,0.3187205,0.34084076
88696366,0.4265781,0.18350054,0.38992137
88730793,0.47076893,0.2848499,0.24438113
88787348,0.11657774,0.13398927,0.74943304
88870528,0.68003416,0.1524213,0.16754457
88927863,0.4031018,0.2469382,0.34996
88943976,0.20558034,0.5602657,0.23415388
88975668,0.39377216,0.36600897,0.24021886
88992408,0.31507677,0.37924698,0.30567634
89036775,0.4097834,0.31724256,0.27297404
89112337,0.3284075,0.32022217,0.35137036
89253632,0.37554085,0.3183193,0.30613974
89370857,0.30626836,0.3556595,0.33807215
89473131,0.3875944,0.35902238,0.25338322
89547592,0.11268018,0.09011953,0.7972003
89555505,0.19802839,0.29917926,0.50279236
89619745,0.18931596,0.6520466,0.15863739
89633373,0.12967026,0.7098192,0.1605105
89898710,0.13722496,0.70696634,0.15580876
90264798,0.34474984,0.3624149,0.2928353
90282780,0.6086205,0.16004616,0.23133335
90309616,0.5469653,0.21717061,0.23586409
90309999,0.6712494,0.10624916,0.22250137
90318969,0.5575181,0.25296122,0.18952063
90353060,0.5445497,0.26887828,0.18657197
90499918,0.7179764,0.118392415,0.1636312
90530234,0.3800622,0.2925166,0.3274212
90598504,0.22855897,0.46375313,0.30768797
90752096,0.39153364,0.309873,0.29859337
90898779,0.30816483,0.27280098,0.41903412
90924664,0.23126604,0.217897,0.5508369
91010489,0.39294994,0.37591052,0.23113954
91036999,0.26924118,0.27884176,0.45191708
91062197,0.12274256,0.73132735,0.14593004
91072929,0.44811136,0.28563824,0.26625043
91073225,0.35767147,0.4105258,0.23180273
91120476,0.44960207,0.290751,0.25964692
91135016,0.10944792,0.7331819,0.1573702
91200921,0.28795454,0.3034921,0.40855336
91249465,0.3699463,0.3432727,0.28678095
91270932,0.39624918,0.34367093,0.26007986
91353116,0.25925514,0.38700268,0.35374215
91392552,0.3483515,0.26060593,0.3910426
91406839,0.27633488,0.2828207,0.44084442
91508203,0.25320962,0.37009358,0.3766967
91514729,0.21409059,0.54761344,0.23829602
91542193,0.40965614,0.25779322,0.3325507
91574025,0.5617139,0.22862089,0.20966527
91641175,0.33182928,0.34448785,0.32368287
91818070,0.28107455,0.18301834,0.5359071
91890530,0.13472253,0.69442767,0.17084976
91910103,0.3756125,0.33346286,0.29092464
92087698,0.27096248,0.26825038,0.4607871
92137308,0.39437962,0.32840806,0.27721238
92196834,0.29073128,0.38692647,0.32234213
92214682,0.32745618,0.3248333,0.34771055
92324167,0.26967448,0.33814758,0.3921779
92465454,0.53708106,0.22243,0.2404889
92657890,0.27265045,0.43515497,0.29219455
92690213,0.3935683,0.31516415,0.2912675
92757501,0.21399647,0.18576536,0.6002382
92816758,0.22206934,0.5629872,0.21494342
92862218,0.33553088,0.37151134,0.2929578
92984718,0.2636572,0.2872557,0.44908708
93080131,0.4791357,0.18472593,0.33613843
93119658,0.4064937,0.3140916,0.27941468
93135336,0.22458051,0.22921565,0.5462039
93150483,0.08449312,0.082168534,0.8333384
93187704,0.09478443,0.08239887,0.82281667
93206098,0.22534694,0.49370322,0.2809498
93331354,0.37343276,0.28307065,0.34349665
93553254,0.24994719,0.40382546,0.34622735
93578218,0.35469425,0.232051,0.41325477
93582394,0.33562234,0.33491457,0.3294631
93671538,0.26744682,0.30494812,0.427605
93678596,0.6755151,0.14711261,0.17737229
93800091,0.33512625,0.29274,0.3721338
93979331,0.27089596,0.45908317,0.270021
93981832,0.25172225,0.41704956,0.33122826
94023215,0.36098677,0.2038123,0.43520096
94093596,0.28272998,0.33674932,0.3805208
94095678,0.31395254,0.29899696,0.38705054
94166335,0.18038449,0.60421306,0.21540236
94227666,0.42867783,0.2887447,0.28257743
94257885,0.4368347,0.3252233,0.2379421
94324643,0.2587019,0.51004833,0.2312498
94423307,0.21157251,0.23334287,0.5550846
94505586,0.31700686,0.41833976,0.26465344
94550320,0.49889874,0.24582458,0.25527668
94559008,0.27898672,0.47847062,0.2425427
94620029,0.33229944,0.24264148,0.42505902
94658635,0.2500445,0.4764642,0.27349135
94671712,0.3336246,0.37198424,0.29439119
94675401,0.39322576,0.35331553,0.25345868
94740109,0.3342857,0.35886973,0.30684453
94800366,0.51114595,0.24061374,0.24824038
94998442,0.4054205,0.31210035,0.28247908
95019533,0.1304522,0.15847495,0.71107286
95039176,0.56648123,0.17112188,0.26239687
95042730,0.2807468,0.39003378,0.32921943
95070638,0.40744734,0.23999427,0.35255837
95091053,0.62576014,0.22547032,0.14876962
95211333,0.54418176,0.22566754,0.23015067
95281340,0.40241027,0.24173668,0.35585308
95535518,0.4523453,0.24105783,0.30659696
95535957,0.09310218,0.7985805,0.10831727
95582216,0.47015643,0.23458655,0.29525706
95588829,0.47930333,0.27934968,0.24134699
95644301,0.45587823,0.28554037,0.25858143
95896686,0.37446544,0.3300566,0.2954779
95912792,0.6198765,0.2052824,0.17484112
95945153,0.32076067,0.40887025,0.27036908
95949138,0.34895444,0.276419,0.3746266
95981558,0.3937799,0.31268728,0.29353282
95989196,0.24302697,0.2265031,0.53046995
96344904,0.2833309,0.36327517,0.35339397
96410999,0.57720935,0.199396,0.22339457
96519810,0.432963,0.2968771,0.27016
96574725,0.7551898,0.08843152,0.15637866
96638380,0.4153258,0.32647517,0.25819907
96808026,0.09438994,0.77891195,0.1266982
96831724,0.25721613,0.37283406,0.36994988
96840376,0.12520991,0.10495608,0.76983404
96861466,0.14127433,0.6408808,0.21784484
96902474,0.23821087,0.29182655,0.46996257
96946600,0.07245395,0.061657496,0.86588854
96948069,0.11688061,0.11124569,0.7718737
97053367,0.33675024,0.30218777,0.36106202
97120486,0.2574966,0.19355589,0.5489476
97314374,0.3476198,0.3113695,0.34101075
97360777,0.16303878,0.1505594,0.6864018
97391343,0.1842814,0.20733884,0.60837966
97445496,0.35713315,0.34551248,0.29735437
97484822,0.34132737,0.29594022,0.3627324
97535673,0.1849229,0.19674492,0.61833215
97569672,0.46045965,0.22971442,0.30982596
97665106,0.49523634,0.26847863,0.2362851
97715567,0.6005583,0.18005867,0.21938303
97774303,0.27391896,0.27618268,0.44989836
98000427,0.41277018,0.32712647,0.26010337
98286543,0.19159709,0.21974072,0.5886622
98518052,0.3079807,0.35560057,0.3364188
98605209,0.36009157,0.34110522,0.2988032
98606019,0.78769964,0.09330668,0.118993625
98828183,0.4980789,0.27495337,0.22696778
98864387,0.2801707,0.43054795,0.28928134
99126847,0.32286638,0.43309382,0.24403979
99141574,0.37037274,0.35861906,0.27100816
99226500,0.55653393,0.24197036,0.20149575
99227288,0.48642245,0.2719983,0.24157934
99337382,0.3882697,0.32263297,0.28909734
99419594,0.7087366,0.13133748,0.15992585
99533234,0.49198487,0.2669223,0.24109279
99602950,0.4611924,0.31769016,0.2211174
99615539,0.2671301,0.35048822,0.38238174
99673516,0.47844768,0.26334783,0.25820446
99674820,0.40285176,0.27718014,0.3199681
99768258,0.22302435,0.53943485,0.23754078
99810117,0.46208596,0.28395656,0.25395748
99815200,0.6133333,0.1918866,0.19478022
100010272,0.21952602,0.5676423,0.21283174
100040967,0.3673528,0.35491875,0.2777285
100242235,0.14865415,0.70103204,0.15031387
100272253,0.42977446,0.2791722,0.29105335
100387126,0.5478987,0.22158192,0.23051935
100562184,0.15810177,0.16525775,0.67664057
100592931,0.38266152,0.3422261,0.27511233
100683546,0.64036965,0.18281306,0.17681728
100818951,0.25578758,0.32559806,0.4186143
100925297,0.16498262,0.53063655,0.30438083
100936447,0.2703206,0.47029927,0.2593802
100940158,0.21266489,0.2098584,0.5774767
101156092,0.19475073,0.5991282,0.20612116
101218967,0.5726496,0.22080019,0.20655017
101285917,0.5105764,0.22756979,0.26185372
101474451,0.41295034,0.3368652,0.25018448
101485010,0.37836787,0.26324078,0.35839134
101511137,0.3303902,0.36666813,0.30294168
101533352,0.44032452,0.16653393,0.39314157
101577952,0.326199,0.30156678,0.37223423
101737634,0.20240632,0.62033993,0.17725377
101762713,0.23131205,0.40600502,0.36268288
101774346,0.25194943,0.48632577,0.2617249
101892776,0.4986958,0.2419226,0.2593816
101918832,0.36606073,0.3367776,0.29716167
102139071,0.24371742,0.28085726,0.47542533
102208792,0.33651298,0.38026032,0.28322673
102249854,0.5154829,0.259133,0.2253841
102274264,0.32010555,0.4075209,0.2723735
102279008,0.25415254,0.24333595,0.50251156
102338226,0.3453922,0.30829337,0.3463145
102362890,0.47827518,0.24697967,0.27474523
102365884,0.4601986,0.2772021,0.26259935
102375388,0.25485417,0.38227376,0.362872
102440574,0.3816833,0.34280083,0.27551585
102481158,0.3326022,0.3619187,0.30547905
102557686,0.22868766,0.2665229,0.50478935
102720241,0.28597942,0.33436492,0.37965563
102766546,0.3143836,0.2992515,0.3863649
102800243,0.31873214,0.33521777,0.3460501
102834482,0.5498581,0.24407272,0.20606907
102839110,0.6613901,0.12916967,0.2094402
102882378,0.15356684,0.13290727,0.7135259
102986510,0.40090695,0.2953175,0.3037756
103014146,0.27205917,0.3239945,0.40394637
103029271,0.7559792,0.10489616,0.13912474
103088501,0.41352656,0.2754389,0.31103456
103186650,0.40319014,0.33643907,0.26037082
103300640,0.3440239,0.31126553,0.34471056
103404710,0.274862,0.27454838,0.45058966
103513055,0.33336642,0.3192247,0.34740886
103521570,0.27238584,0.45498985,0.2726242
103706682,0.30328932,0.4290971,0.26761353
103982723,0.3871546,0.30868736,0.30415806
104006539,0.25842005,0.36860925,0.37297067
104062312,0.3537136,0.30856517,0.3377213
104234339,0.40843436,0.28407305,0.30749252
104327024,0.53699774,0.24524395,0.2177583
104351632,0.48678675,0.2873786,0.22583471
104397560,0.24454385,0.2795081,0.4759481
104419242,0.16063303,0.666869,0.17249805
104426062,0.21843226,0.19961211,0.5819557
104444797,0.15791944,0.14210796,0.6999726
104602136,0.29875216,0.33038548,0.37086233
104646942,0.37253574,0.30981448,0.31764972
104773595,0.35672033,0.33317602,0.3101037
104856430,0.43573055,0.25432923,0.30994025
104868968,0.25349262,0.5343192,0.21218815
105091542,0.44370013,0.23399074,0.32230914
105266972,0.2211062,0.23308066,0.54581314
105365883,0.23218955,0.5208441,0.24696639
105393223,0.18071483,0.15325528,0.66602993
105530501,0.28434536,0.34651315,0.36914158
105586158,0.29559314,0.48207808,0.22232881
105595476,0.43083963,0.17183274,0.39732763
105651124,0.3094739,0.40616146,0.2843646
105706836,0.59735703,0.2150889,0.18755405
105763138,0.4231294,0.31640244,0.26046816
105949611,0.23271564,0.26929772,0.4979867
105956094,0.38451654,0.33164412,0.28383937
106035300,0.32914072,0.3808928,0.28996655
106083975,0.113469124,0.1158875,0.77064335
106235130,0.38649046,0.34760422,0.26590532
106266353,0.2804354,0.29787016,0.4216945
106390115,0.32146272,0.34363493,0.33490232
106391223,0.30671066,0.28946075,0.40382856
106419164,0.080433995,0.0770359,0.84253013
106517636,0.16721661,0.41581044,0.41697294
106536315,0.3192887,0.2539906,0.4267207
106822113,0.46133474,0.26301512,0.27565017
106853717,0.56235045,0.22227223,0.2153773
106972419,0.21345088,0.21803541,0.5685137
107022877,0.23603137,0.48839694,0.27557173
107099682,0.12263172,0.7389634,0.1384048
107269005,0.23697603,0.27385774,0.48916623
107283019,0.1788659,0.60396636,0.21716769
107286860,0.15204936,0.6543318,0.19361888
107344797,0.30489436,0.33730838,0.3577972
107484016,0.26627764,0.26751217,0.46621016
107498868,0.5403344,0.1917426,0.26792297
107512736,0.23205987,0.26860657,0.49933362
107654757,0.45129862,0.28848022,0.2602212
107674127,0.7116099,0.13069794,0.15769209
107846647,0.37390295,0.38959748,0.23649953
107929474,0.35563293,0.351423,0.29294407
108017283,0.3371133,0.40930054,0.25358608
108064616,0.24070062,0.19112913,0.56817025
108183829,0.4114093,0.33814108,0.25044966
108245066,0.4888642,0.23271734,0.2784184
108309396,0.1477826,0.13694738,0.71527
108334066,0.5491244,0.23986515,0.21101046
108386988,0.38030392,0.32081598,0.29888007
108388194,0.08136127,0.81556624,0.103072435
108404504,0.2448831,0.20019865,0.5549182
108477597,0.15995175,0.15366101,0.6863873
108619841,0.42600662,0.30982408,0.26416925
108666474,0.16851476,0.6226364,0.2088488
108720029,0.35069832,0.2910688,0.35823283
109000969,0.21804188,0.47844255,0.30351558
109007772,0.47489953,0.22785495,0.29724553
109410988,0.12460726,0.112816155,0.7625766
109427323,0.24106397,0.32602417,0.43291187
109525309,0.29297686,0.35884944,0.34817374
109568328,0.62836146,0.13018918,0.24144936
109592613,0.111691184,0.75144553,0.1368633
109599364,0.40386033,0.35326627,0.24287343
109816184,0.12640229,0.72592026,0.14767747
109847941,0.1621952,0.63597864,0.20182614
109865867,0.29203686,0.3494136,0.35854948
110019484,0.29109752,0.36765245,0.34125015
110114870,0.49909636,0.27733487,0.22356881
110174608,0.2915956,0.42100203,0.2874023
110306747,0.27541116,0.38928148,0.33530736
110435563,0.39594126,0.33058354,0.27347523
110598122,0.258899,0.15092608,0.5901749
110694476,0.118537836,0.74434257,0.13711967
110738755,0.39239994,0.32074532,0.28685468
110883364,0.26959062,0.3615531,0.36885625
110926655,0.30724344,0.33306608,0.3596905
110975268,0.33286372,0.3713414,0.295795
111048085,0.24598157,0.25316215,0.50085634
111144115,0.361245,0.36942178,0.26933318
111333777,0.39128715,0.38110465,0.22760817
111396302,0.48822415,0.24713223,0.26464358
111472473,0.4023075,0.3093922,0.28830025
111478329,0.30260208,0.26300848,0.4343894
111591547,0.15894936,0.16644357,0.67460704
111595695,0.21924052,0.22640869,0.5543508
111718171,0.19281662,0.61124164,0.19594176
111741281,0.33905074,0.41467425,0.24627507
111747539,0.25976604,0.19841632,0.54181767
111800951,0.36739108,0.3443682,0.28824076
111815989,0.30309847,0.3256469,0.37125462
111889666,0.22917765,0.20205846,0.56876385
111979495,0.34724015,0.33788124,0.31487858
112250790,0.089923345,0.80424434,0.10583233
112306173,0.4316145,0.20884405,0.35954142
112344150,0.20479712,0.54680496,0.24839795
112573067,0.32535654,0.36319017,0.31145328
112587107,0.33337408,0.2509367,0.4156892
112768373,0.25380394,0.3805768,0.36561927
112938333,0.58070266,0.21386994,0.20542741
112959184,0.31704882,0.38865507,0.29429606
113041831,0.1848616,0.39011037,0.42502806
113136348,0.28103465,0.41158533,0.30737996
113180402,0.40923333,0.33682206,0.2539446
113299919,0.209683,0.53401566,0.2563014
113322996,0.21848601,0.51917607,0.26233798
113333607,0.4221368,0.31775004,0.26011318
113396996,0.28784806,0.32816914,0.3839828
113526296,0.6445945,0.15735874,0.19804671
113533799,0.41950306,0.27542877,0.30506814
113814017,0.39468026,0.33814174,0.26717794
113842835,0.35962448,0.33988407,0.30049145
113972794,0.2646455,0.28856927,0.44678518
113996207,0.218703,0.59408605,0.18721098
114037004,0.26660198,0.26076534,0.47263256
114099029,0.27425823,0.41712147,0.30862036
114586927,0.3469663,0.39466894,0.2583648
114649337,0.34939325,0.37589785,0.27470887
114659557,0.80292207,0.07626368,0.12081425
114720363,0.3819987,0.32261378,0.29538754
114723677,0.33649686,0.40262794,0.2608753
114912688,0.339275,0.3328129,0.32791206
114935782,0.3977758,0.32518125,0.27704293
114961673,0.60636884,0.17402083,0.2196103
115196411,0.25778642,0.31665984,0.42555377
115323295,0.23789702,0.23037842,0.5317245
115360062,0.06762588,0.8431882,0.08918593
115638340,0.10013574,0.7842048,0.11565945
115696123,0.2257315,0.52845156,0.24581702
115755020,0.44984832,0.26584747,0.28430426
115833760,0.2799962,0.35351768,0.36648613
115840356,0.38494587,0.31913862,0.29591557
116005242,0.18127848,0.1345784,0.6841432
116022101,0.34681064,0.31733337,0.335856
116135851,0.6214686,0.1579633,0.22056808
116197968,0.38021937,0.32679492,0.29298574
116268170,0.12537354,0.11932988,0.7552965
116274384,0.36388958,0.34582034,0.29029012
116673066,0.4896933,0.2376999,0.27260676
116906090,0.506038,0.25102583,0.24293618
117012844,0.10585779,0.7740871,0.1200552
117042177,0.50680315,0.2169097,0.27628717
117044552,0.46467316,0.26839653,0.26693028
117138881,0.29534927,0.43445534,0.27019542
117150803,0.21304028,0.19102085,0.5959389
117188139,0.13527119,0.119402684,0.74532616
117219507,0.2077811,0.22961397,0.56260496
117265612,0.5471198,0.23292263,0.21995753
117272656,0.24225146,0.23159152,0.526157
117397898,0.42570305,0.28345257,0.29084435
117586351,0.18645315,0.5285857,0.28496122
117617524,0.2261246,0.50157166,0.2723038
117959541,0.30344096,0.3225255,0.37403354
118119544,0.11729946,0.73937404,0.14332645
118159656,0.31637248,0.3486309,0.33499664
118341212,0.25847363,0.26745975,0.47406667
118404397,0.32282797,0.3970347,0.28013733
118478473,0.3174526,0.37031022,0.31223717
118595921,0.5634678,0.22560227,0.21092999
118627274,0.39028305,0.3244169,0.28530005
118655033,0.36351472,0.33376265,0.30272266
118722601,0.7095872,0.104340374,0.18607248
118731531,0.21158862,0.4782238,0.31018752
118824975,0.36479452,0.24815391,0.38705155
119110638,0.57332087,0.21377884,0.21290031
119138094,0.25950122,0.48058796,0.25991082
119160380,0.095297545,0.7895437,0.115158714
119195200,0.27670193,0.16482683,0.55847126
119246254,0.09521213,0.7834641,0.121323735
119265914,0.21422492,0.22049187,0.5652832
119286383,0.063072905,0.8609336,0.07599348
119300546,0.4627594,0.29463193,0.24260867
119392660,0.36029583,0.3263961,0.313308
119447867,0.29075316,0.4020638,0.30718312
119510696,0.12906493,0.6988864,0.17204873
119528604,0.7232364,0.12637094,0.15039271
119535497,0.5791474,0.22931956,0.19153304
119599813,0.15461971,0.6650189,0.18036136
119789195,0.24277362,0.5076573,0.24956912
120004116,0.60434175,0.17717443,0.21848379
120072579,0.3643341,0.32723802,0.30842778
120279613,0.4029998,0.31330636,0.2836939
120292603,0.21565056,0.44825268,0.3360967
120298223,0.49826878,0.1896988,0.31203246
120519609,0.25774735,0.25512692,0.48712578
120683198,0.61062664,0.20687859,0.18249474
121039605,0.3977619,0.3790408,0.22319722
121085978,0.37983623,0.34630066,0.2738631
121111099,0.36760694,0.27799922,0.35439384
121115833,0.402467,0.2990041,0.29852888
121182436,0.7715466,0.10450146,0.1239519
121461364,0.549972,0.23369591,0.21633205
121504720,0.63049376,0.17051183,0.1989944
121513463,0.07421262,0.062374372,0.863413
121519784,0.5054506,0.27442142,0.22012797
121576405,0.39922446,0.2943067,0.30646884
121663832,0.31262666,0.348563,0.33881035
121733546,0.40728673,0.335753,0.2569602
121878316,0.43323702,0.2888218,0.27794123
121899774,0.30750036,0.40508252,0.28741708
122013844,0.70681375,0.12458616,0.1686
122031620,0.2278132,0.46587428,0.3063125
122059149,0.4297351,0.29362175,0.2766431
122134546,0.39700797,0.38432142,0.21867062
122160973,0.40651485,0.33502492,0.25846022
122208084,0.54422987,0.2363678,0.21940237
122227197,0.25885698,0.41885102,0.32229203
122463776,0.26141882,0.4170016,0.32157958
122523438,0.37440127,0.35258883,0.27300987
122577886,0.49963036,0.24997358,0.25039598
122601610,0.27450272,0.36186194,0.36363533
122775923,0.23363955,0.27378327,0.49257717
122790857,0.36032158,0.20537968,0.4342987
122836691,0.3678858,0.3402547,0.2918595
122931491,0.5156454,0.25368997,0.23066467
122947958,0.3452092,0.38037813,0.27441266
123426414,0.40146914,0.31185472,0.28667605
123699166,0.32961836,0.36976165,0.30062005
123982046,0.12986949,0.11720195,0.75292856
124044865,0.57318616,0.1826719,0.24414192
124060038,0.54625136,0.23799168,0.21575704
124255384,0.6943107,0.116105594,0.18958369
124261895,0.2531954,0.45294088,0.29386368
124315031,0.28359547,0.30585644,0.41054812
124418647,0.40984514,0.24150336,0.34865147
124469358,0.38554925,0.27692738,0.33752337
124540621,0.27067903,0.30154026,0.42778072
124556638,0.28872165,0.42898193,0.28229645
124611200,0.23267941,0.49580452,0.27151608
124630469,0.2596457,0.37748203,0.36287224
124797767,0.2234367,0.549895,0.22666831
124859722,0.41186988,0.3248878,0.26324233
124932959,0.41761175,0.28609487,0.29629338
124953277,0.24276666,0.4936271,0.26360625
124968420,0.29132283,0.3321068,0.3765704
125023135,0.7366423,0.10617408,0.15718354
125049334,0.41007727,0.31459013,0.27533254
125068422,0.4411782,0.30190852,0.25691333
125278740,0.5467331,0.205742,0.24752492
125468438,0.31826016,0.28701267,0.3947272
125476722,0.33113748,0.3651625,0.30370003
125493611,0.27409658,0.4312512,0.2946522
125577780,0.2146793,0.18435366,0.600967
125599328,0.1188317,0.12910378,0.7520645
125682858,0.23311387,0.17970131,0.5871848
125787766,0.17801185,0.58158237,0.24040578
125857825,0.5548229,0.22667749,0.21849963
125876648,0.71807325,0.10235408,0.17957267
125946145,0.40938258,0.33467913,0.2559383
126018958,0.32484728,0.36350262,0.3116501
126115480,0.21222118,0.49043688,0.29734188
126136975,0.6316572,0.16765898,0.20068385
126177764,0.3618766,0.37938687,0.2587365
126225654,0.15049027,0.67707115,0.17243859
126227049,0.4395527,0.3158508,0.24459651
126253571,0.14152591,0.6851265,0.17334755
126678421,0.5017001,0.2491597,0.24914022
126680362,0.61721253,0.18780893,0.19497858
126736413,0.4159943,0.32710677,0.25689888
126758520,0.24282022,0.4258974,0.33128238
126904997,0.28158066,0.34736186,0.37105745
126977696,0.23396416,0.21402639,0.5520095
127116268,0.2391795,0.48684952,0.27397105
127305631,0.47740954,0.2721831,0.25040734
127638822,0.22151671,0.50473523,0.27374798
127640629,0.22767553,0.37558085,0.39674366
127678682,0.5900657,0.22503534,0.18489888
127870848,0.29686597,0.27921343,0.4239206
127952450,0.30940264,0.40700778,0.28358957
127982670,0.3770495,0.2584569,0.36449355
128263276,0.20503071,0.58925426,0.20571508
128368900,0.28860438,0.3536677,0.3577279
128420893,0.29892612,0.40714616,0.29392773
128439439,0.6703755,0.13806988,0.19155464
128588182,0.16803385,0.30238315,0.529583
128590248,0.33302194,0.28594536,0.3810327
128621477,0.22949442,0.242786,0.52771956
128647490,0.20108587,0.54232806,0.25658605
128655717,0.26851153,0.38173532,0.34975314
128673789,0.5065727,0.25967047,0.23375677
128761802,0.41775367,0.31424454,0.26800177
128949591,0.1722547,0.31044137,0.5173039
129103844,0.35708007,0.37569568,0.26722425
129151326,0.42242458,0.29152414,0.28605124
129257832,0.31121302,0.47661418,0.21217279
129277625,0.4477035,0.2912936,0.2610029
129439345,0.37540716,0.35488147,0.26971135
129481800,0.36130986,0.38100624,0.257684
129517551,0.16159235,0.66327,0.17513761
129791516,0.33058855,0.36447412,0.3049374
129920613,0.3002786,0.4423777,0.25734374
130065839,0.07973093,0.80245066,0.11781843
130081095,0.5184819,0.27318627,0.20833188
130161597,0.6183048,0.2004063,0.18128888
130204179,0.11569574,0.7535472,0.13075708
130213181,0.10910682,0.77032954,0.12056365
130376213,0.31721693,0.29481328,0.38796985
130552063,0.3895199,0.28839305,0.32208708
130620240,0.24036512,0.3825504,0.37708443
130773051,0.12608258,0.7276381,0.14627925
130777496,0.29539648,0.39921844,0.30538517
130853270,0.18475448,0.5642869,0.2509586
130922453,0.3392663,0.30788273,0.3528509
130949313,0.26751792,0.49370053,0.23878153
131021828,0.111483626,0.7616174,0.12689903
131147010,0.47687924,0.27930158,0.24381919
131208465,0.40194997,0.3423945,0.2556556
131288722,0.30224106,0.37036753,0.3273915
131379339,0.5725219,0.18743443,0.2400437
131389926,0.2862941,0.38604236,0.32766348
131428961,0.48530412,0.24052048,0.27417544
131454540,0.3626879,0.3235436,0.3137685
131454827,0.7542912,0.10157609,0.14413273
131561875,0.31740674,0.3471174,0.33547595
131589513,0.11871873,0.7289812,0.15230015
131590828,0.22159027,0.35442853,0.42398125
131682646,0.2081889,0.2604766,0.5313344
131703375,0.40620717,0.3201068,0.27368602
131815904,0.32634968,0.39471182,0.27893853
131844960,0.29668126,0.3636573,0.3396615
131913663,0.25980893,0.3890975,0.35109356
131939314,0.2634373,0.37926105,0.35730168
131944166,0.10589156,0.09780241,0.7963061
131967081,0.18109946,0.6224831,0.19641747
131976127,0.43319702,0.3025317,0.2642713
132007937,0.3167786,0.37887412,0.30434725
132447208,0.102297254,0.7720033,0.12569943
132511780,0.40054423,0.28203276,0.31742302
132674740,0.63130933,0.16917948,0.19951122
133025844,0.72404575,0.116762884,0.15919133
133224819,0.32227072,0.31767303,0.36005622
133488887,0.21833082,0.5506143,0.23105484
133507731,0.41982138,0.33667848,0.24350013
133547624,0.3199649,0.34192735,0.3381078
133547760,0.10452629,0.7725611,0.12291263
133559054,0.56555676,0.21766788,0.21677533
133806226,0.4022867,0.30018467,0.2975286
133806778,0.398688,0.32595003,0.27536198
133832350,0.2647678,0.349068,0.38616422
133992837,0.20077881,0.20922638,0.58999485
134027627,0.15936895,0.17775504,0.66287595
134058684,0.13425708,0.12022508,0.74551785
134134770,0.273124,0.42691544,0.29996058
134149491,0.47585273,0.26920614,0.25494117
134190253,0.2379108,0.46528107,0.2968082
134264759,0.479638,0.29490313,0.22545879
134416987,0.5231374,0.22940944,0.24745318
134445396,0.36308822,0.3439343,0.29297742
134477555,0.28189623,0.42146888,0.29663497
134602342,0.77071255,0.09901911,0.13026837
134603786,0.14274663,0.7004934,0.15675995
134632307,0.34143925,0.34162596,0.3169348
134688770,0.48356143,0.16038893,0.3560497
134894387,0.48144647,0.25561947,0.262934
134981298,0.5063982,0.26879138,0.22481044
135033830,0.21101592,0.539308,0.24967605
135231029,0.41377273,0.35230085,0.23392639
135262034,0.3407448,0.3256644,0.3335908
135387742,0.56479,0.20639127,0.22881874
135540059,0.51901716,0.23515919,0.2458236
135614151,0.22413945,0.29469657,0.48116404
135703586,0.2928563,0.28498653,0.4221572
135712120,0.12866478,0.13571756,0.73561776
135748570,0.17304482,0.16780588,0.6591493
135821542,0.18749563,0.59546876,0.21703555
135868301,0.5450488,0.21598995,0.2389613
135869560,0.11018603,0.7668832,0.12293078
135877884,0.4436794,0.32849464,0.227826
135900190,0.20018005,0.5862502,0.21356975
135902844,0.693966,0.13016234,0.1758717
135936109,0.33557457,0.33717474,0.3272507
135965211,0.53448725,0.2386435,0.22686926
136065660,0.3507196,0.32239506,0.32688537
136170568,0.21617365,0.5363524,0.24747398
136282836,0.43813765,0.28163162,0.28023073
136422015,0.104081534,0.10355735,0.7923611
136663969,0.5772232,0.18123426,0.24154253
136676644,0.35067883,0.3257505,0.3235706
136877293,0.37947255,0.3523185,0.26820898
136959345,0.3808282,0.28874463,0.33042717
137036826,0.34984985,0.34202936,0.30812082
137083004,0.27302,0.2962524,0.4307276
137280884,0.31275478,0.33745733,0.34978795
137313384,0.19480231,0.51663065,0.2885671
137517882,0.10695784,0.74012214,0.15292005
137526381,0.32884327,0.25843897,0.4127177
137766919,0.3948278,0.25902322,0.34614897
137833261,0.36165455,0.37268868,0.26565677
137927307,0.4101878,0.32621557,0.2635967
137935393,0.38913506,0.33994675,0.27091816
138013043,0.19214094,0.1985697,0.60928935
138084191,0.30746076,0.38093695,0.3116023
138088289,0.39886758,0.24465807,0.35647434
138150255,0.2380904,0.21314287,0.54876673
138208581,0.21595712,0.34656057,0.43748233
138326358,0.4359619,0.29695672,0.26708135
138789190,0.36121842,0.42333627,0.21544531
138790660,0.3583914,0.18726277,0.45434588
138862977,0.66349906,0.14608648,0.19041449
139032486,0.36274904,0.36090764,0.27634326
139055827,0.24327977,0.22087424,0.535846
139105634,0.4979283,0.2505906,0.25148103
139177400,0.48132598,0.23938762,0.27928647
139343777,0.19245364,0.4165644,0.390982
139583603,0.2873275,0.23979688,0.47287565
140071533,0.35888746,0.23757078,0.4035417
140074501,0.47692072,0.25406906,0.26901022
140165849,0.4938717,0.19733147,0.30879685
140166126,0.18683071,0.65673506,0.15643415
140286518,0.59323746,0.20178871,0.20497379
140569717,0.43748063,0.31944475,0.24307461
140695017,0.38202935,0.37721813,0.24075252
140746031,0.41478243,0.30818433,0.27703327
140938773,0.3300256,0.19803953,0.47193485
140986598,0.14081115,0.106028914,0.75315994
141071487,0.5939343,0.19290629,0.21315934
141182781,0.2658355,0.31128702,0.42287752
141222451,0.2619516,0.4549752,0.2830732
141257336,0.32349953,0.2912957,0.38520476
141264536,0.3419585,0.3223056,0.33573586
141477074,0.6552966,0.14960904,0.19509433
141624993,0.191291,0.6249467,0.18376228
141737739,0.7517591,0.109698296,0.13854255
141795084,0.36041656,0.32180625,0.31777725
141836949,0.3446699,0.34075645,0.31457362
141937111,0.3418909,0.33554775,0.32256126
141938012,0.39607358,0.2514701,0.3524563
142046731,0.49240455,0.22133783,0.28625754
142188832,0.32185337,0.37104374,0.30710295
142359881,0.27572262,0.35887828,0.36539912
142467940,0.18080299,0.16946833,0.64972866
142493053,0.36466885,0.3386452,0.29668596
142505097,0.5704581,0.19911966,0.23042226
142652201,0.3616292,0.3544698,0.283901
142666279,0.31232536,0.32515457,0.36252004
142679386,0.32690668,0.25610837,0.41698495
142899803,0.25428936,0.48274392,0.26296675
143010462,0.17864025,0.6152763,0.20608349
143051684,0.2867419,0.27594838,0.4373097
143068476,0.3513273,0.34177008,0.3069027
143183970,0.38017046,0.36154118,0.25828832
143198280,0.25608757,0.4418222,0.30209023
143401888,0.34330216,0.35644984,0.30024806
143411874,0.3440831,0.3311122,0.32480463
143558501,0.3077938,0.34691393,0.34529233
143611734,0.4797375,0.17465775,0.34560478
143789824,0.4918305,0.24133427,0.2668352
143823770,0.34456578,0.3409376,0.3144967
144031797,0.17756863,0.6111821,0.2112493
144093798,0.6080972,0.17841198,0.21349086
144095044,0.1889245,0.5965751,0.21450041
144150734,0.24921171,0.3334309,0.41735741
144205806,0.21578985,0.23864998,0.5455602
144247420,0.23768052,0.3158219,0.44649756
144251125,0.21938975,0.5349405,0.24566981
144254638,0.30694312,0.38156697,0.31148988
144276703,0.2326754,0.51751566,0.24980892
144375426,0.5604267,0.18930224,0.25027108
144400163,0.4114715,0.2981061,0.2904225
144419082,0.42469096,0.34315908,0.23215002
144506029,0.5214053,0.21249108,0.26610363
144563009,0.26949188,0.3054869,0.42502126
144706335,0.27921712,0.42556491,0.29521802
144873681,0.08919968,0.79216874,0.11863163
144980560,0.26858494,0.42004925,0.3113658
145145629,0.39997604,0.23399654,0.36602738
145160168,0.27120268,0.31138465,0.41741267
145191896,0.2505249,0.29526958,0.45420557
145295832,0.47429237,0.26349878,0.26220882
145405672,0.41981065,0.30905628,0.271133
145561897,0.29404253,0.40496624,0.30099133
145627477,0.34554207,0.38334548,0.27111247
145812756,0.15231904,0.65817434,0.18950668
145822423,0.30698282,0.27232745,0.4206897
145827113,0.26823172,0.47270873,0.25905955
146112016,0.13772108,0.7067993,0.15547962
146279381,0.29101565,0.29684418,0.41214022
146305248,0.36550373,0.35085243,0.28364387
146344468,0.41093615,0.26206937,0.32699445
146542743,0.23556593,0.4279616,0.33647245
146730683,0.1533811,0.4122841,0.43433478
146787255,0.24752924,0.25253215,0.49993855
146934869,0.39338845,0.30933058,0.29728097
146957224,0.162983,0.1125475,0.7244695
146980204,0.46794,0.25153267,0.28052726
147014780,0.70392096,0.12132254,0.17475647
147056526,0.23672415,0.52317065,0.24010517
147063229,0.144046,0.6942331,0.16172093
147073200,0.22278412,0.2661992,0.5110167
147080163,0.25517637,0.39561385,0.34920976
147089206,0.21851644,0.2017116,0.57977194
147092774,0.6435937,0.18197942,0.17442681
147184775,0.3690579,0.3221683,0.30877376
147235064,0.46749935,0.21887273,0.31362796
147291492,0.3712207,0.27585474,0.35292447
147424573,0.069060154,0.83369285,0.09724706
147453243,0.33723068,0.26577634,0.39699292
147468615,0.45602366,0.31157956,0.23239683
147579201,0.19346553,0.30893412,0.49760032
147804571,0.3150708,0.2742788,0.41065037
147859717,0.4342777,0.3142306,0.25149176
147919367,0.32696813,0.34763184,0.32540005
148003798,0.26926857,0.4616295,0.2691019
148113919,0.36357528,0.2741037,0.362321
148150261,0.30192557,0.32941628,0.3686582
148229679,0.3391861,0.38257563,0.27823824
148258418,0.39802176,0.24796642,0.3540118
148283256,0.32094374,0.37454242,0.3045138
148312752,0.13153048,0.6645506,0.20391881
148343740,0.18670134,0.18005426,0.63324434
148345636,0.42499107,0.22648865,0.34852025
148384486,0.3487932,0.3508248,0.300382
148414331,0.35512224,0.33586022,0.3090175
148695806,0.26943034,0.29802254,0.43254712
148742523,0.18414912,0.25521156,0.56063926
148868083,0.5402558,0.1902265,0.26951772
148869876,0.345161,0.36496562,0.2898733
148918567,0.31742027,0.33106261,0.35151714
148953776,0.3747514,0.36967176,0.25557682
149086724,0.27531704,0.41548035,0.30920264
149100026,0.5997173,0.2038661,0.19641663
149119807,0.6600933,0.15114346,0.18876329
149151854,0.3197184,0.3639144,0.31636727
149161108,0.5364772,0.25102776,0.2124951
149264495,0.4540375,0.29640576,0.24955668
149284203,0.2871571,0.3901159,0.32272702
149413088,0.52810806,0.16227019,0.30962178
149522636,0.12462844,0.71972704,0.15564449
149603328,0.3581353,0.32164657,0.32021806
149773683,0.36886212,0.3340592,0.29707858
149792659,0.23330154,0.53327644,0.23342206
149801266,0.29646558,0.34587172,0.35766268
149805674,0.46553633,0.23816673,0.29629695
149977326,0.73525566,0.11660848,0.14813595
150023885,0.25794816,0.2864572,0.4555946
150103775,0.3572699,0.34024122,0.30248892
150129771,0.316412,0.38973558,0.29385242
150146783,0.3413541,0.35549566,0.3031502
150155155,0.48481193,0.27357474,0.24161331
150220146,0.32846707,0.3653435,0.3061894
150397391,0.37238222,0.30542997,0.3221879
150460773,0.30627933,0.36178565,0.3319351
150646471,0.6892737,0.14294663,0.16777964
150748250,0.3116585,0.32055116,0.3677903
150756637,0.30496782,0.40636435,0.2886678
150793045,0.64274734,0.17322525,0.18402745
150838035,0.33595103,0.2855217,0.37852728
150857616,0.2629785,0.33123016,0.4057913
150929280,0.20057178,0.19518751,0.6042407
150978685,0.7120431,0.1117022,0.17625473
151073886,0.15294057,0.15332377,0.6937356
151286288,0.1867163,0.1666285,0.64665526
151320725,0.19255778,0.1958832,0.6115591
151335809,0.33968645,0.34860873,0.31170487
151398771,0.6362511,0.14810012,0.21564876
151552176,0.50104713,0.27944735,0.2195056
151584682,0.584704,0.19494985,0.22034618
151599737,0.29195574,0.35348213,0.35456213
151642256,0.40579835,0.24695732,0.3472444
151662173,0.31235048,0.42445016,0.2631994
151787967,0.2294124,0.46324694,0.30734068
151790928,0.30435222,0.37945366,0.31619412
151933871,0.36497813,0.37210426,0.26291764
151937833,0.488511,0.21208993,0.29939908
151960085,0.1423687,0.69730234,0.16032897
152026087,0.6326887,0.18301821,0.18429315
152052607,0.22812058,0.4552836,0.3165958
152173215,0.3778807,0.32967156,0.29244778
152205405,0.23235968,0.4192456,0.3483948
152461046,0.24645144,0.28058818,0.47296032
152580015,0.2447845,0.42926654,0.325949
152585393,0.38692147,0.34478706,0.2682915
152641577,0.4631222,0.30180025,0.2350776
152719086,0.6566449,0.16203538,0.18131979
152734262,0.5420208,0.23365569,0.22432354
153006036,0.31146595,0.32473022,0.3638038
153055964,0.1486005,0.65417755,0.19722186
153056933,0.33025756,0.37750322,0.29223916
153238616,0.31503198,0.33856586,0.3464021
153302305,0.3525021,0.30001608,0.34748185
153369406,0.54504085,0.1989961,0.25596306
153507087,0.40543652,0.33438224,0.2601813
153818336,0.19247098,0.23751606,0.5700129
153847655,0.3100386,0.28734052,0.4026209
153941994,0.24863589,0.5038217,0.2475424
153952584,0.3228655,0.41117218,0.26596233
154166608,0.26710847,0.44645494,0.2864365
154218566,0.30415744,0.41937995,0.2764626
154592823,0.34768268,0.36186245,0.29045486
154653836,0.14637674,0.66562754,0.18799575
154660688,0.4442204,0.21284305,0.34293658
154669960,0.18724738,0.61018777,0.20256478
154781476,0.39997628,0.31602252,0.28400126
154791391,0.47890285,0.24121298,0.27988416
154933089,0.3204938,0.3701145,0.30939183
155772487,0.2807653,0.31142545,0.40780923
155850298,0.25988755,0.35696688,0.38314557
155853770,0.30053338,0.38934177,0.31012484
155909853,0.15482125,0.64564085,0.19953793
155938206,0.42841887,0.27999428,0.29158673
155960442,0.51767117,0.2561731,0.2261557
156030652,0.2957619,0.45377803,0.2504601
156080546,0.34368306,0.31267333,0.34364358
156083835,0.26675287,0.3205124,0.41273478
156224783,0.34266797,0.34645304,0.31087908
156361177,0.24784487,0.24156596,0.5105891
156534274,0.5719994,0.2314117,0.19658892
156658073,0.3636562,0.41388017,0.22246368
156778175,0.38013276,0.36712414,0.2527431
156969775,0.35349786,0.33655867,0.30994353
157015136,0.22071654,0.17186826,0.60741514
157180273,0.42541626,0.31767038,0.2569133
157204357,0.40224844,0.3070833,0.29066822
157215465,0.39298043,0.33788937,0.2691302
157278976,0.17181323,0.61760414,0.21058269
157287102,0.19641343,0.59456825,0.20901826
157296335,0.16035728,0.5795099,0.26013273
157324307,0.26532578,0.24416222,0.490512
157381519,0.43766496,0.26643702,0.295898
157491002,0.18393923,0.24928285,0.5667778
157534903,0.3341777,0.3655588,0.30026352
157570376,0.14071934,0.62896454,0.23031612
157635157,0.2953824,0.38764718,0.31697044
157683879,0.3453807,0.28342697,0.3711924
157721706,0.33366922,0.33801547,0.32831532
157778924,0.47310507,0.28540573,0.24148925
157859809,0.27674592,0.48146716,0.24178684
158191068,0.1950959,0.23153959,0.57336456
158195097,0.23622857,0.37829742,0.385474
158451646,0.3755257,0.33353266,0.29094163
158468964,0.3233152,0.38273877,0.29394606
158658476,0.53869236,0.24412683,0.21718088
158748523,0.5397404,0.17036983,0.28988984
158789158,0.20177908,0.21268898,0.58553195
158817196,0.18210988,0.57089555,0.24699457
158917775,0.5078967,0.2454469,0.24665639
158929736,0.41371867,0.28629228,0.299989
159022796,0.2362478,0.2595843,0.5041679
159160826,0.6509797,0.15295841,0.19606194
159177395,0.34025115,0.3588391,0.30090976
159206202,0.20194565,0.117585056,0.6804693
159262910,0.29851818,0.42850554,0.27297622
159325465,0.5169741,0.18684871,0.29617718
159356777,0.15680721,0.6894012,0.15379156
159483167,0.24985886,0.33447796,0.4156632
159765082,0.27586767,0.33429018,0.38984212
159792105,0.50124496,0.28748134,0.21127367
159834707,0.18958312,0.20576572,0.60465115
159873344,0.31987497,0.31563422,0.36449084
159876365,0.34449375,0.3534496,0.30205664
159936506,0.26890355,0.27870756,0.4523889
159949147,0.38159752,0.32109857,0.2973039
159965987,0.5236329,0.25003305,0.22633411
159976261,0.38950905,0.22698912,0.38350183
160044871,0.41269416,0.2963294,0.29097646
160206260,0.52923113,0.23890287,0.2318659
160293935,0.38742033,0.3467053,0.26587442
160304853,0.34912342,0.37331358,0.27756295
160324967,0.3038924,0.30942923,0.38667837
160372373,0.39881927,0.2910876,0.3100932
160497620,0.31817654,0.3622586,0.31956494
160574040,0.37568405,0.2995318,0.32478416
160651448,0.35553142,0.29282808,0.3516405
160817237,0.53291076,0.24947853,0.21761072
160900647,0.41609854,0.29998165,0.28391987
160922869,0.27710024,0.28782994,0.43506977
160934951,0.16354898,0.12224906,0.7142019
160964387,0.39891598,0.31639642,0.28468752
161260435,0.15864511,0.68192774,0.15942714
161260796,0.5088348,0.24257022,0.24859506
161269431,0.42673227,0.32527122,0.24799655
161279088,0.24115159,0.46186045,0.29698795
161447803,0.6315442,0.18308648,0.18536933
161667354,0.25748965,0.32703918,0.41547117
161980222,0.3363983,0.28256127,0.38104045
162244409,0.5319158,0.24267446,0.22540982
162293818,0.5504801,0.23182924,0.21769062
162377606,0.3542712,0.24996153,0.39576724
162437844,0.23524813,0.39206287,0.37268898
162570624,0.28040087,0.36212894,0.35747027
162600684,0.27728352,0.2778455,0.44487107
162636691,0.46738485,0.29744935,0.23516582
162689056,0.1963636,0.22668688,0.5769496
162723672,0.09854686,0.095701315,0.8057518
162813583,0.3027823,0.3955895,0.30162823
162827884,0.21954998,0.25565484,0.52479523
162913875,0.4063307,0.2922,0.3014693
163109053,0.34542787,0.3240338,0.3305383
163124322,0.3820234,0.27836245,0.33961412
163136960,0.5913035,0.187323,0.22137348
163170605,0.31179592,0.3551515,0.33305258
163190329,0.27362087,0.4030612,0.32331792
163230945,0.22392756,0.30317426,0.47289822
163344344,0.2363983,0.20834672,0.555255
163517117,0.49476138,0.19600317,0.30923545
163676223,0.24959856,0.2652991,0.48510236
163690963,0.3630461,0.30578303,0.33117086
163707939,0.33542523,0.2850028,0.37957197
163743238,0.30384547,0.40396556,0.29218906
163840104,0.74489504,0.11644732,0.1386576
163859185,0.11262125,0.14396943,0.7434093
163889821,0.10039275,0.10738905,0.79221815
163994800,0.3718153,0.34625897,0.28192577
164041116,0.15082692,0.6759582,0.17321475
164059111,0.6061562,0.18974224,0.20410159
164166763,0.17842597,0.17089649,0.6506775
164247298,0.25977886,0.358659,0.38156214
164272932,0.3599582,0.35592273,0.28411904
164381506,0.41574374,0.31312558,0.27113065
164502756,0.40284124,0.3197323,0.27742648
164554377,0.29423422,0.2842019,0.4215639
164614087,0.30878797,0.3605968,0.33061528
164659921,0.49595702,0.25978538,0.2442576
164664656,0.15510479,0.6511414,0.1937538
164806500,0.30101794,0.3252806,0.3737015
164828765,0.5401717,0.2429822,0.21684617
164845254,0.56413054,0.21178506,0.22408438
164929177,0.42465347,0.3229443,0.25240225
164977642,0.22608268,0.23434481,0.53957254
165163307,0.109426826,0.76369077,0.12688236
165269782,0.084523514,0.7845776,0.13089894
165543789,0.34408292,0.31912154,0.33679563
165653338,0.41272828,0.31357238,0.27369934
165668322,0.3241358,0.41849163,0.25737253
165837216,0.19316284,0.17270282,0.63413435
165845444,0.08958315,0.09246073,0.81795603
165854494,0.08791982,0.79572284,0.116357386
165924848,0.21028358,0.548397,0.2413194
165987197,0.36069393,0.3109534,0.3283527
166031989,0.13297077,0.71398735,0.15304193
166103899,0.18608573,0.62252057,0.1913937
166120566,0.35468218,0.36190933,0.2834085
166130708,0.8043984,0.07660654,0.118994944
166133014,0.5870056,0.13414451,0.27884987
166194228,0.34486845,0.4103113,0.24482024
166267452,0.39647067,0.2827755,0.3207538
166277414,0.22967784,0.3467754,0.42354676
166294441,0.3477409,0.37374097,0.27851814
166521648,0.41825673,0.3377944,0.24394888
166595865,0.31868166,0.3650996,0.31621876
166596141,0.41391057,0.32367507,0.26241434
166712956,0.27535632,0.40765053,0.3169932
166850569,0.14806862,0.6793139,0.17261747
166944633,0.66744876,0.14760232,0.18494892
166961968,0.17316468,0.6541146,0.17272069
167005382,0.16108598,0.14679225,0.69212174
167028495,0.48210457,0.25153804,0.26635736
167080911,0.23507567,0.2680697,0.4968546
167101867,0.46943772,0.27287212,0.2576902
167247924,0.17743735,0.6171111,0.20545152
167265396,0.45756996,0.25367782,0.28875226
167266978,0.20860222,0.52314734,0.26825044
167278818,0.30341822,0.3969537,0.29962814
167298114,0.3138512,0.28226992,0.40387887
167320067,0.33788705,0.3420306,0.32008234
167419725,0.6210396,0.14272414,0.23623626
167463142,0.72292674,0.1206971,0.15637623
167517523,0.6594696,0.15633136,0.18419898
167592984,0.29358345,0.41737318,0.28904343
167620523,0.481323,0.29360238,0.22507465
167622122,0.39675772,0.29570112,0.30754116
167641792,0.4362128,0.2832855,0.28050166
167876959,0.69334686,0.1302244,0.17642878
167957798,0.44237703,0.27611437,0.2815086
168065211,0.1723959,0.16909496,0.65850914
168363086,0.37170905,0.32082167,0.30746928
168471733,0.3287892,0.35294253,0.31826836
168483341,0.19595708,0.5779472,0.22609569
168490370,0.7902246,0.081507444,0.12826793
168503533,0.3897333,0.32883435,0.28143236
168589894,0.2632668,0.51013756,0.22659563
168671174,0.70874596,0.12192633,0.16932777
168729775,0.30009136,0.36922315,0.33068547
168772236,0.4187501,0.32744685,0.253803
168817429,0.26153824,0.4046956,0.33376622
168936070,0.2933832,0.37200418,0.33461252
168946856,0.34557775,0.37978056,0.27464172
168996339,0.7341914,0.11076274,0.15504593
169055261,0.40548897,0.26228637,0.3322247
169063413,0.0680816,0.06267358,0.86924493
169070848,0.36996484,0.31927225,0.31076288
169155044,0.1574326,0.14070803,0.7018594
169269197,0.40529564,0.29032788,0.30437654
169318267,0.42871463,0.27347514,0.29781014
169470804,0.22571692,0.22482136,0.54946166
169526192,0.09995319,0.105062254,0.7949846
169684936,0.42703956,0.3036444,0.26931608
169715561,0.25109795,0.44228223,0.30661976
169751275,0.53208196,0.24041852,0.22749947
169758664,0.2991133,0.2816477,0.41923898
169763328,0.20195842,0.5977405,0.20030113
169784149,0.6255601,0.17369047,0.2007494
169954315,0.22812337,0.246095,0.5257816
169993692,0.060386337,0.8516565,0.087957196
170014023,0.34359658,0.34859997,0.30780348
170172663,0.28396362,0.37622947,0.3398069
170212609,0.32706416,0.32363984,0.349296
170249524,0.27345806,0.29345065,0.4330913
170319345,0.09083187,0.78000695,0.12916115
170457446,0.3279082,0.29745495,0.3746368
170580450,0.25695622,0.32740325,0.41564056
170847896,0.22602695,0.4591537,0.31481934
170935158,0.2340991,0.35067138,0.41522962
171067474,0.42456886,0.33512956,0.24030156
171084912,0.22438541,0.20319553,0.57241905
171203885,0.42147598,0.27153337,0.30699062
171367910,0.32055265,0.33292896,0.3465184
171385530,0.36917707,0.32974288,0.30108005
171404634,0.45375693,0.29395974,0.2522834
171435115,0.252336,0.46480194,0.282862
171497432,0.61805844,0.1878137,0.19412793
171753964,0.32135332,0.4180045,0.26064223
171887744,0.4308877,0.31821063,0.25090173
171974656,0.34122723,0.3360299,0.32274294
171978632,0.23772168,0.48108676,0.28119147
171995062,0.24801753,0.26446646,0.48751602
172087456,0.20278378,0.17016582,0.6270504
172104274,0.4165816,0.33596697,0.24745138
172178833,0.20530221,0.56237423,0.23232356
172436484,0.5702543,0.2200277,0.20971793
172489334,0.412932,0.33444342,0.25262457
172536972,0.26309878,0.45258173,0.2843195
172970691,0.699493,0.1150047,0.1855023
173012380,0.35158393,0.36468694,0.28372908
173095007,0.3094176,0.3065335,0.3840489
173274612,0.29569885,0.39507127,0.30922997
173364979,0.26944995,0.26914006,0.46141
173638961,0.4208822,0.31729096,0.2618268
173729787,0.3543211,0.32462382,0.3210551
173765586,0.14311467,0.70918965,0.14769569
173799147,0.4605267,0.2601231,0.27935022
173825002,0.32310024,0.3663042,0.31059554
173884962,0.48688743,0.26138213,0.2517304
173942635,0.3395276,0.38776225,0.2727102
173988927,0.40829578,0.32451692,0.26718736
174012979,0.36037728,0.27808413,0.36153853
174033244,0.26963714,0.35591358,0.37444928
174165605,0.41221693,0.18531422,0.40246883
174172159,0.26374266,0.49829128,0.23796608
174210323,0.3317492,0.3636331,0.30461782
174235077,0.5317865,0.19947354,0.26873994
174239985,0.22566138,0.53518814,0.23915048
174365281,0.31566936,0.22817178,0.4561589
174468382,0.32095432,0.29890126,0.3801444
174564892,0.33733797,0.34460905,0.31805298
174580045,0.111218564,0.74127775,0.14750372
174727915,0.16522901,0.6500138,0.18475726
174799786,0.54766935,0.17598145,0.27634916
174803059,0.3473348,0.3702406,0.28242466
174816457,0.25444183,0.4364237,0.30913448
174859383,0.22531526,0.37271795,0.40196687
174884455,0.31531194,0.3152665,0.36942154
174959811,0.352031,0.19840485,0.44956416
175081237,0.102082714,0.7619006,0.13601671
175284770,0.18564647,0.15307607,0.66127753
175320249,0.28697366,0.29624298,0.41678336
175340347,0.19308367,0.6133122,0.19360408
175378791,0.13036261,0.725282,0.14435543
175461577,0.25793973,0.31107277,0.43098745
175463124,0.13693817,0.717059,0.1460028
175483328,0.24573302,0.24500687,0.5092601
175569031,0.07838461,0.0762697,0.8453457
175598127,0.14305863,0.18421876,0.6727226
175717836,0.25077194,0.3969416,0.35228643
175737641,0.25215444,0.23899154,0.50885403
175804640,0.29327396,0.3569595,0.3497665
175866822,0.3803145,0.3369276,0.2827579
175888324,0.715654,0.12730111,0.15704487
175978056,0.21972676,0.546776,0.23349728
175995063,0.3135796,0.3488377,0.33758265
175996586,0.38171637,0.26246926,0.35581434
176044840,0.35236382,0.3150493,0.33258682
176112915,0.16660917,0.6182424,0.21514845
176239042,0.22136201,0.19412203,0.584516
176293155,0.36081037,0.24624145,0.3929482
176488435,0.2599074,0.40905026,0.3310424
176488956,0.7553147,0.10915105,0.13553433
176547811,0.2680512,0.45769927,0.27424955
176652508,0.21174447,0.5591094,0.22914606
176656350,0.43284371,0.33773386,0.22942245
176684487,0.47611126,0.25213298,0.27175578
176777033,0.43285465,0.2613741,0.3057713
176859306,0.12751745,0.7212963,0.1511863
176896815,0.5202163,0.2246287,0.255155
176941038,0.4312945,0.3346304,0.23407511
176979943,0.38147947,0.32946208,0.2890584
177009879,0.44535315,0.29396573,0.26068115
177022352,0.3411854,0.33389586,0.32491878
177032456,0.2531608,0.28271884,0.46412036
177086090,0.38428113,0.32731292,0.2884059
177151720,0.43744668,0.32749796,0.23505537
177180419,0.28010982,0.41662857,0.30326158
177277096,0.27392742,0.3682889,0.35778368
177333087,0.12421935,0.7356804,0.14010029
177431761,0.17260535,0.18924546,0.6381492
177460908,0.457104,0.33734983,0.2055462
177738347,0.5287844,0.26284128,0.20837432
177767548,0.48882416,0.22580184,0.285374
177844613,0.4761104,0.26678753,0.25710204
177932764,0.23821087,0.29182655,0.46996257
177969330,0.47376382,0.21297227,0.31326395
178031890,0.41379753,0.29253295,0.29366943
178114498,0.27675807,0.30560732,0.41763467
178181746,0.16991831,0.603433,0.22664869
178191127,0.33045053,0.38022453,0.2893249
178191300,0.4821936,0.2469499,0.27085653
178376585,0.2710828,0.37651476,0.35240245
178408493,0.464617,0.26161432,0.2737687
178423884,0.2248622,0.55490184,0.22023597
178496942,0.19278271,0.60481626,0.20240104
178712074,0.6384956,0.1508828,0.21062161
178748804,0.1709496,0.63035995,0.19869046
178768580,0.31595194,0.31884304,0.36520502
178772381,0.27489698,0.4834756,0.24162745
178785698,0.43873674,0.3410541,0.22020917
178826818,0.28568208,0.4252645,0.28905332
178896809,0.40782318,0.33311898,0.25905785
178974816,0.7840898,0.08414892,0.13176124
178983275,0.10453655,0.10204469,0.7934187
179170564,0.3531408,0.38761678,0.25924242
179265533,0.5535871,0.22196655,0.22444633
179330311,0.4043207,0.3607767,0.23490267
179343898,0.3796009,0.34038338,0.2800157
179364209,0.47611392,0.28488073,0.23900537
179442957,0.41515332,0.28370392,0.30114275
179461974,0.2740513,0.3785018,0.34744695
179464373,0.15520437,0.6944653,0.15033038
179639424,0.30912298,0.35085127,0.34002575
179662488,0.4109961,0.2725702,0.31643376
179694761,0.43584347,0.25253263,0.31162387
179757471,0.33278158,0.19605786,0.47116062
179771641,0.35036796,0.39880046,0.25083163
179793290,0.3923461,0.19083363,0.41682026
179926491,0.66617054,0.12827465,0.20555474
179943906,0.22403719,0.19545344,0.5805094
179983357,0.45393142,0.24728717,0.2987814
180038300,0.43449134,0.2781906,0.28731802
180039088,0.22844753,0.462609,0.3089435
180087284,0.28167415,0.22990862,0.4884173
180223913,0.49830115,0.31386518,0.18783367
180327590,0.3397001,0.3787106,0.28158924
180486224,0.4897349,0.2615234,0.24874178
180585934,0.53709424,0.24839942,0.21450631
180655157,0.31789407,0.32474676,0.35735917
180795941,0.2079644,0.58795893,0.20407665
180809229,0.1910286,0.5969434,0.212028
180822212,0.18877858,0.60568875,0.20553267
180839306,0.3189196,0.2829667,0.39811367
180973025,0.3267713,0.34987417,0.32335457
181022960,0.119761765,0.119014,0.76122415
181095445,0.30576873,0.30800965,0.3862216
181183126,0.28400406,0.3465452,0.3694508
181212331,0.6850899,0.14024228,0.17466776
181261423,0.43916968,0.27603415,0.28479618
181333923,0.4450137,0.2963808,0.25860548
181410205,0.1978028,0.5594573,0.24273989
181419851,0.33653015,0.35001746,0.31345242
181579619,0.31533912,0.3633479,0.32131308
181584535,0.29089892,0.38507065,0.32403043
181606808,0.31416908,0.3160967,0.36973423
181726221,0.4265303,0.34697214,0.22649759
181765556,0.32941192,0.33254728,0.3380408
181852544,0.42365086,0.24311484,0.33323434
181975665,0.2651887,0.32010117,0.41471022
182017603,0.27659026,0.25417593,0.46923378
182026013,0.34190902,0.34630218,0.3117887
182061143,0.52165735,0.21280874,0.26553398
182092577,0.704551,0.13286243,0.16258666
182107952,0.35551548,0.33642143,0.30806312
182165985,0.29810095,0.38254637,0.31935275
182199878,0.47401032,0.26247865,0.26351103
182270185,0.3776542,0.3009331,0.3214127
182297384,0.2605153,0.30963218,0.42985252
182331123,0.11953257,0.10471364,0.77575386
182345336,0.45559767,0.25548273,0.2889196
182399816,0.22482322,0.47583634,0.29934046
182659650,0.2500363,0.17259465,0.577369
182675764,0.15707113,0.1518175,0.6911113
182684533,0.49245232,0.27972007,0.22782758
182797220,0.49040994,0.28395984,0.22563024
182842100,0.19707268,0.5320787,0.2708486
182894492,0.32956785,0.4413606,0.22907156
183024850,0.4015499,0.31773072,0.28071937
183083146,0.67146194,0.14590722,0.18263091
183203376,0.4836442,0.27602047,0.24033536
183229951,0.47961456,0.2878737,0.23251182
183305637,0.40599892,0.33524057,0.25876057
183348882,0.7136593,0.12998472,0.15635605
183367786,0.5241993,0.19224797,0.2835527
183508420,0.08385693,0.08194791,0.83419526
183575714,0.42192543,0.30787963,0.270195
183661976,0.4108931,0.27678904,0.3123178
183711802,0.2798783,0.3856223,0.33449942
183840153,0.12919301,0.7431572,0.12764972
184029984,0.22856711,0.2186246,0.5528083
184043653,0.2359237,0.55154103,0.21253525
184128422,0.25950542,0.49262074,0.24787389
184148886,0.3905748,0.3656564,0.24376878
184336585,0.60413647,0.17906861,0.21679495
184364645,0.27912447,0.32027844,0.40059704
184365388,0.25699288,0.25770226,0.48530486
184368450,0.24665082,0.3649495,0.38839966
184442274,0.18242598,0.17550737,0.6420667
184461160,0.6188114,0.19570114,0.18548736
184476329,0.4282981,0.32427064,0.24743123
184518781,0.26194128,0.35189828,0.38616043
184529232,0.30017152,0.33907786,0.36075056
184530309,0.3565111,0.26961315,0.37387574
184754113,0.5408247,0.22423473,0.23494057
184819442,0.3255273,0.3287722,0.3457005
184876636,0.39299518,0.2303224,0.37668237
184894470,0.49856386,0.26641476,0.23502143
185043228,0.3425865,0.33511063,0.3223029
185307942,0.18038292,0.13195801,0.6876591
185371213,0.17162628,0.6248081,0.20356564
185775215,0.38576618,0.26699802,0.34723586
185826596,0.3775117,0.32899162,0.2934966
185874767,0.5372062,0.25255322,0.21024066
185954571,0.32433778,0.26707688,0.4085854
186103788,0.4040599,0.2525647,0.34337544
186135515,0.6112417,0.21491937,0.17383896
186192416,0.4310453,0.29151577,0.27743888
186305875,0.29051456,0.31325057,0.39623484
186388985,0.49762028,0.24495432,0.25742546
186704441,0.24843013,0.31288338,0.4386865
186788542,0.23491119,0.46760848,0.29748043
186847934,0.30315953,0.27656028,0.42028022
186870438,0.2316398,0.533636,0.2347242
186911298,0.20519848,0.5839709,0.2108306
187061164,0.2906455,0.35356465,0.35578978
187078755,0.5952004,0.18511744,0.2196822
187082898,0.22017545,0.46242553,0.31739905
187157431,0.23259401,0.36346132,0.40394467
187273758,0.25571012,0.21913609,0.5251539
187507365,0.21175058,0.1803922,0.60785717
187555518,0.335449,0.3504068,0.3141442
187574915,0.41980895,0.29725483,0.28293628
187718264,0.19235976,0.16758882,0.64005136
187780547,0.37618646,0.31557328,0.30824032
187952362,0.5439861,0.17337835,0.2826356
187977355,0.62297344,0.176626,0.20040053
187985863,0.29657295,0.30959502,0.39383203
188188079,0.2969845,0.35139254,0.351623
188289137,0.25462306,0.37183678,0.37354016
188379618,0.40054786,0.28806835,0.31138378
188383023,0.33318484,0.3752499,0.2915652
188428650,0.27213693,0.4043561,0.32350704
188707092,0.36030453,0.39126524,0.24843018
188737033,0.67347896,0.1541268,0.1723943
188742406,0.322732,0.36130103,0.31596693
188748880,0.48601416,0.24202606,0.2719598
188802455,0.4440154,0.28811422,0.26787043
189037006,0.1265738,0.113540575,0.7598856
189063636,0.34158987,0.35007223,0.3083379
189071365,0.32261553,0.2867418,0.39064264
189128884,0.28880745,0.29023683,0.4209557
189177685,0.34131917,0.28152317,0.37715766
189242591,0.48273858,0.28255033,0.23471111
189592603,0.73086756,0.11384712,0.15528525
189859519,0.2924032,0.26058412,0.4470127
189997538,0.17928585,0.1567747,0.6639395
190033685,0.2078438,0.55271363,0.23944262
190100483,0.19351871,0.41398656,0.39249474
190103384,0.5068981,0.2515254,0.24157652
190120251,0.33714595,0.29565707,0.36719692
190170879,0.42311108,0.3195519,0.25733703
190244866,0.3192354,0.36097273,0.31979185
190321456,0.706802,0.1389994,0.15419866
190438113,0.72415733,0.10596958,0.1698731
190645928,0.31164798,0.38031176,0.30804026
190820279,0.28594133,0.24993867,0.46411994
191172345,0.3837578,0.29973257,0.3165096
191263734,0.55579466,0.19299756,0.25120783
191511600,0.25460225,0.47123405,0.27416372
191722007,0.09545633,0.09940076,0.8051429
191764079,0.2636558,0.3826947,0.35364944
192049853,0.31379032,0.38515586,0.30105394
192133038,0.4958235,0.27033427,0.23384221
192217120,0.43733543,0.24505213,0.31761238
192433798,0.2856197,0.38596472,0.32841566
192605511,0.13679159,0.69649565,0.16671282
192665216,0.30849442,0.33494532,0.35656023
192898355,0.37513092,0.33744276,0.28742635
192980368,0.3879387,0.32564813,0.28641316
193065173,0.39756003,0.23828572,0.36415428
193083004,0.41218954,0.2227845,0.3650259
193136942,0.41750082,0.31614628,0.26635286
193149461,0.44435203,0.31008652,0.24556153
193159750,0.33795917,0.37247732,0.28956348
193252255,0.3138395,0.2855888,0.40057167
193321358,0.5615491,0.23892787,0.19952297
193426836,0.33769345,0.35413256,0.30817395
193448453,0.3787674,0.34095058,0.28028202
193910852,0.2729918,0.47988424,0.24712393
193918614,0.25674215,0.35658222,0.38667557
194110594,0.3201345,0.34497035,0.33489522
194114636,0.28991172,0.36714107,0.3429473
194115466,0.53018105,0.25003082,0.21978818
194154570,0.32723942,0.36777166,0.30498898
194258870,0.21568736,0.4625472,0.32176536
194273723,0.34858805,0.33643946,0.31497255
194533429,0.12910412,0.12550028,0.7453956
194626320,0.375857,0.32934856,0.29479444
194709019,0.17687783,0.19093272,0.63218945
194801768,0.27226052,0.28327096,0.44446847
194829114,0.32444477,0.22602229,0.449533
194863118,0.5538114,0.24021886,0.20596975
195081872,0.5285144,0.24673072,0.22475486
195227530,0.16055137,0.65215266,0.18729591
195534409,0.24240121,0.47473595,0.28286287
195713343,0.16202195,0.6394347,0.1985434
195726577,0.1716289,0.6303249,0.19804616
195945682,0.52113825,0.18834664,0.29051515
195978680,0.6872427,0.14975679,0.16300052
196025014,0.36150256,0.399798,0.23869945
196160684,0.3295447,0.2857417,0.38471362
196232084,0.36970228,0.3691301,0.26116773
196253478,0.24883829,0.4259878,0.32517394
196271452,0.6582976,0.15909201,0.18261033
196405045,0.090954475,0.0799487,0.82909685
196412039,0.31209737,0.29612163,0.3917811
196490614,0.3610738,0.34388807,0.29503807
196506254,0.3945669,0.3384507,0.26698244
196519040,0.6015455,0.19533084,0.2031236
196531825,0.33245578,0.3254837,0.3420605
196695252,0.11094869,0.7480621,0.1409892
196733272,0.16023941,0.66232395,0.1774367
196806845,0.34568512,0.31690177,0.33741307
196814462,0.0821833,0.81116277,0.106653936
197061918,0.48027703,0.2967518,0.22297117
197154038,0.2770346,0.22669882,0.49626654
197246496,0.27073088,0.42897403,0.30029503
197292572,0.26201928,0.30857578,0.4294049
197324655,0.34346387,0.37238085,0.2841553
197535755,0.3418065,0.32154512,0.3366484
197624992,0.34773737,0.34184298,0.31041956
197709933,0.31749514,0.277053,0.40545183
197725054,0.2863449,0.37064165,0.34301344
197773399,0.21437505,0.25080627,0.5348187
197841948,0.11918528,0.12925522,0.7515595
197892566,0.3270054,0.34950104,0.3234935
197894508,0.23568489,0.2569699,0.50734526
197948073,0.51133597,0.20435655,0.28430748
198110984,0.4005418,0.34212908,0.25732905
198149119,0.44456694,0.2971347,0.2582984
198197233,0.32008713,0.31875944,0.3611534
198254882,0.12646821,0.72857946,0.14495231
198487737,0.38812858,0.26702628,0.34484515
198631528,0.097667456,0.7850623,0.11727027
198765122,0.31695008,0.29668546,0.38636452
198870048,0.3289599,0.2558517,0.41518843
198894413,0.28375626,0.2732677,0.44297603
198898099,0.13067716,0.7050361,0.16428675
199233633,0.6671173,0.14620025,0.18668245
199241066,0.38415357,0.34850147,0.26734495
199263495,0.2363731,0.47142744,0.29219955
199291802,0.36416408,0.3802463,0.25558946
199296303,0.33610255,0.37138608,0.2925114
199319578,0.42757878,0.2513616,0.3210596
199754128,0.52340555,0.13095823,0.34563625
199841581,0.31424254,0.26934668,0.41641074
199851565,0.53680485,0.23662178,0.22657333
199895047,0.32860547,0.16804549,0.503349
199948186,0.22704695,0.4229542,0.34999886
200034222,0.0857936,0.07784361,0.83636284
200298946,0.4855665,0.25199386,0.26243964
200418591,0.10605859,0.7671847,0.12675674
200425477,0.24826033,0.4784694,0.27327022
200433527,0.41854826,0.3453038,0.2361479
200449446,0.27343434,0.32259104,0.40397465
200451455,0.37447843,0.33659518,0.28892642
200549603,0.15292314,0.6819635,0.16511339
200804332,0.24128883,0.35231194,0.40639925
200811762,0.603274,0.17780164,0.21892436
200887395,0.33882692,0.31164226,0.34953082
201084034,0.40402263,0.35390875,0.24206865
201111181,0.77354646,0.09261594,0.13383755
201250351,0.08911255,0.08154586,0.8293416
201281309,0.2281507,0.5117525,0.26009676
201436038,0.28162763,0.35642007,0.36195233
201575932,0.16510136,0.17532535,0.65957326
201612283,0.33541012,0.3959402,0.2686496
201683895,0.095894106,0.7899422,0.11416362
201774160,0.22393498,0.257519,0.51854604
201867950,0.50229055,0.24007696,0.25763252
201906803,0.29258987,0.3367324,0.37067774
201911861,0.32888007,0.34234035,0.32877964
202025783,0.31518337,0.3225837,0.36223295
202095880,0.2432163,0.48754537,0.26923835
202225427,0.29453608,0.3296244,0.3758394
202245871,0.45129374,0.26340112,0.28530523
202251838,0.265724,0.44034928,0.29392675
202279538,0.22211671,0.49045563,0.28742757
202396022,0.3613683,0.34544134,0.29319036
202567090,0.24324797,0.45901257,0.29773942
202822924,0.28499222,0.2896267,0.42538115
202923073,0.37582827,0.36309275,0.26107898
203040806,0.46673828,0.18205494,0.35120672
203052489,0.18341543,0.48166603,0.3349186
203064111,0.12877662,0.11701576,0.75420755
203173297,0.2594519,0.4048095,0.3357386
203382756,0.3553154,0.41605544,0.22862919
203535476,0.6083319,0.18900745,0.20266064
203565155,0.27459,0.24110961,0.4843004
203773530,0.23259753,0.3087763,0.4586262
203835958,0.27550054,0.34934044,0.37515905
203856166,0.40674326,0.30940992,0.28384677
203869779,0.31732735,0.27276528,0.40990743
203914750,0.108309865,0.09808508,0.7936051
203971666,0.24981304,0.28730795,0.46287906
203972521,0.57669604,0.21953824,0.20376572
203987935,0.80425406,0.079249665,0.11649633
204028301,0.716108,0.12915035,0.15474166
204032816,0.5233361,0.21193327,0.26473057
204245400,0.33500645,0.35562518,0.3093683
204271913,0.2933454,0.35655683,0.35009775
204294238,0.17347199,0.55590856,0.27061945
204316389,0.2769584,0.38578826,0.3372533
204321763,0.23538208,0.524518,0.24009995
204354662,0.431518,0.30748954,0.26099244
204387761,0.37048456,0.3434032,0.28611228
204588668,0.39883086,0.2907677,0.3104014
204621322,0.48393518,0.24017078,0.27589402
204652862,0.23121606,0.46434644,0.30443746
204802559,0.47003478,0.2634746,0.26649064
204831595,0.23291455,0.5481022,0.21898328
204857937,0.23245043,0.5513582,0.21619129
204879430,0.14803591,0.6467648,0.20519932
205009630,0.39872265,0.35450223,0.24677506
205157314,0.3143562,0.33439445,0.35124937
205291223,0.17037216,0.6295774,0.2000504
205321954,0.26293737,0.2252036,0.51185906
205335087,0.3464481,0.39007768,0.26347417
205393049,0.3760885,0.3411701,0.2827414
205520067,0.30097073,0.36366746,0.33536184
205584337,0.11540325,0.105647795,0.7789489
205618955,0.5607351,0.23403479,0.2052301
205662449,0.37754232,0.3015502,0.3209075
205717589,0.3863617,0.3482598,0.2653785
205952780,0.116324246,0.75718343,0.12649237
206021251,0.3500748,0.26217443,0.38775074
206028031,0.34621122,0.32260296,0.3311858
206064665,0.19110313,0.6204365,0.1884603
206275297,0.4770349,0.28749472,0.23547038
206277987,0.3238902,0.33215332,0.34395644
206296451,0.4724125,0.25111118,0.27647635
206427536,0.33636487,0.3576708,0.30596435
206516699,0.37395668,0.31893122,0.3071121
206584844,0.31603205,0.3788976,0.3050704
206682921,0.7372306,0.11332996,0.14943948
206824285,0.20857592,0.26851135,0.5229128
206917370,0.3745949,0.32353395,0.30187112
206956571,0.50695515,0.24109362,0.25195122
207038215,0.13307978,0.7145798,0.1523404
207305063,0.43204242,0.30996037,0.25799724
207307882,0.34748492,0.32107162,0.33144346
207340122,0.34157756,0.3764416,0.28198078
207367848,0.1757003,0.61028033,0.21401934
207390314,0.14048897,0.6920274,0.16748366
207507311,0.22617923,0.3562717,0.41754904
207562178,0.37710342,0.3032809,0.31961578
207572673,0.5421716,0.18397883,0.27384958
207595292,0.7635259,0.0924529,0.14402112
207609056,0.27838746,0.45786867,0.26374388
207658856,0.5054733,0.25580934,0.23871738
207695548,0.10205902,0.09813861,0.79980236
208070832,0.06681615,0.83367676,0.09950712
208097208,0.49889916,0.17640062,0.32470027
208241505,0.31262,0.30597356,0.3814064
208252719,0.3419835,0.34830117,0.3097153
208359111,0.32741863,0.36132672,0.31125468
208410705,0.37886667,0.3465823,0.27455103
208431452,0.29628158,0.4379467,0.2657718
208540904,0.49699703,0.23733672,0.26566628
208572281,0.21951707,0.17539518,0.6050877
208601364,0.34457573,0.30033982,0.35508448
208705568,0.2582123,0.48322973,0.25855795
208746000,0.32474834,0.28215897,0.39309272
208768415,0.5528567,0.19452073,0.2526226
208816164,0.515104,0.2602359,0.22466008
208877389,0.25631228,0.39169282,0.35199487
208898961,0.5532851,0.19294958,0.25376529
208915606,0.27068886,0.3946691,0.33464202
208994557,0.6404544,0.17172192,0.18782367
209054356,0.7719016,0.090909615,0.1371888
209076799,0.17590143,0.5937924,0.23030613
209302802,0.6813646,0.1332787,0.18535675
209332411,0.27079257,0.3547297,0.37447768
209436261,0.4105161,0.30530006,0.28418377
209548908,0.35007778,0.38101324,0.26890895
209554151,0.21014066,0.5486053,0.24125403
209657847,0.35168365,0.37676054,0.27155593
209666353,0.07790494,0.8209204,0.10117471
209968580,0.17767026,0.619233,0.20309673
210135362,0.22015037,0.4217977,0.3580519
210147599,0.14996295,0.13501145,0.7150256
210167925,0.20604049,0.52298754,0.27097195
210168319,0.32831427,0.36150873,0.31017706
210302780,0.40927184,0.26890352,0.32182467
210343643,0.09941652,0.094426595,0.8061569
210380495,0.18794931,0.53796524,0.2740854
210712988,0.30515194,0.3127622,0.3820859
210821843,0.29109013,0.2897353,0.41917458
211157604,0.22558956,0.46476158,0.3096488
211283790,0.48011896,0.19639145,0.32348958
211283935,0.24649046,0.23637722,0.51713234
211357242,0.40025526,0.29959166,0.30015314
211567880,0.13836192,0.7062714,0.15536667
211727403,0.37421682,0.30065066,0.32513255
211897067,0.21995422,0.21435122,0.5656946
212037577,0.54937893,0.21368118,0.23693989
212049783,0.3472255,0.3082395,0.344535
212138560,0.3278846,0.3542268,0.31788862
212357954,0.30197427,0.41072553,0.28730023
212397784,0.1837587,0.16974331,0.6464979
212409560,0.26973534,0.46427023,0.26599443
212429303,0.13577682,0.7296609,0.13456233
212462607,0.27774203,0.4399635,0.28229454
212498729,0.58179605,0.21894439,0.19925958
212615565,0.25761107,0.19082837,0.5515606
212655302,0.29200268,0.44886675,0.25913054
212784272,0.3066947,0.43041974,0.26288554
213108904,0.5315581,0.2447083,0.22373365
213127520,0.33214277,0.3679966,0.2998606
213190316,0.13233091,0.119281575,0.7483876
213309990,0.78781945,0.088314936,0.123865604
213331234,0.5801892,0.21128021,0.2085305
213350108,0.34812462,0.35725144,0.29462397
213416901,0.2617757,0.3367133,0.401511
213511797,0.20050196,0.5535964,0.2459017
213579164,0.24725053,0.25880653,0.49394298
213634693,0.4165813,0.33421233,0.24920635
213942204,0.3672649,0.32732952,0.30540556
213955494,0.15897149,0.6596951,0.18133344
214054171,0.14391313,0.11799122,0.7380957
214096961,0.4618715,0.267893,0.27023563
214206792,0.45767567,0.20928931,0.33303502
214290150,0.32341745,0.33645508,0.34012756
214344677,0.475688,0.2959668,0.22834508
214377552,0.3210358,0.23926315,0.43970105
214494570,0.3370607,0.3149107,0.3480286
214525000,0.19799544,0.28918597,0.51281863
214554929,0.45776325,0.25917166,0.283065
214699911,0.2787496,0.43670896,0.28454158
214720140,0.19506018,0.55030954,0.25463024
214792282,0.32883403,0.337596,0.33357006
214957331,0.64881307,0.1283967,0.22279017
215012976,0.47699007,0.29333422,0.2296757
215079021,0.18508536,0.6027999,0.2121148
215113892,0.21590763,0.55014855,0.23394378
215201492,0.15727979,0.6467649,0.1959553
215252698,0.3829536,0.31967968,0.29736677
215255198,0.31726843,0.30871737,0.37401417
215325950,0.5416344,0.13818827,0.32017735
215407963,0.24096124,0.32201827,0.43702057
215653632,0.41900918,0.27238178,0.30860907
215656639,0.31438905,0.32788417,0.35772678
215796076,0.3658619,0.28744468,0.34669343
215898955,0.23303892,0.25481668,0.5121443
216103711,0.42217195,0.3165723,0.26125577
216157360,0.19387099,0.4016579,0.40447107
216170421,0.39297923,0.36099166,0.24602903
216251817,0.37234527,0.29038855,0.33726627
216327796,0.370569,0.3802447,0.2491863
216392171,0.29848632,0.38545954,0.31605414
216423733,0.49170655,0.2939924,0.21430111
216518798,0.32711682,0.40477055,0.26811266
216937721,0.48733005,0.27490565,0.23776425
216945281,0.31679296,0.31008136,0.37312573
216998706,0.23168512,0.5556118,0.21270306
217015316,0.30968532,0.34544232,0.34487244
217042170,0.108836435,0.09480042,0.7963632
217053150,0.22007507,0.47481227,0.3051127
217178618,0.7676554,0.0893983,0.1429463
217188703,0.109902225,0.11341259,0.7766851
217202687,0.13611962,0.7323728,0.13150755
217260950,0.48733717,0.22993654,0.28272626
217359682,0.34114292,0.36756113,0.291296
217541315,0.371303,0.36009598,0.26860097
217558508,0.39757076,0.31754857,0.28488058
217603706,0.12857254,0.72023666,0.15119079
217696823,0.7418035,0.116385646,0.1418108
217717249,0.2720204,0.47787,0.2501096
217727020,0.25605145,0.39013422,0.35381442
217849742,0.5122142,0.2506283,0.23715752
217877080,0.38593858,0.3564596,0.25760186
217883089,0.36110333,0.36567277,0.27322385
218034551,0.30988237,0.47310245,0.2170151
218148873,0.3239182,0.36772808,0.3083537
218154156,0.24281137,0.3169332,0.44025546
218180077,0.36857077,0.3200417,0.3113876
218312736,0.24496685,0.4182923,0.33674076
218316951,0.5163908,0.23818366,0.2454256
218351903,0.3474479,0.31717202,0.33538005
218408006,0.6382125,0.1802295,0.18155795
218477317,0.18491052,0.15941893,0.6556705
218561080,0.310199,0.3736007,0.31620035
218568373,0.42354855,0.32477817,0.25167334
218630091,0.32711664,0.26821145,0.4046719
218643255,0.35954425,0.24337465,0.39708117
218717891,0.5168942,0.22291021,0.26019564
218833537,0.13307981,0.14398319,0.722937
218841179,0.42639372,0.29999313,0.2736132
218845119,0.8049862,0.07082593,0.1241879
218857235,0.5109929,0.23932295,0.2496842
218967582,0.44451746,0.3232504,0.23223215
219136156,0.095745064,0.086958274,0.8172967
219278908,0.35008726,0.29581937,0.3540934
219292983,0.17728427,0.15679406,0.6659217
219347008,0.1858994,0.21199547,0.60210514
219367387,0.119077146,0.13652779,0.7443951
219461484,0.23248489,0.32252204,0.4449931
219480896,0.29853424,0.44163296,0.25983283
219693035,0.31579944,0.32549518,0.35870534
219783538,0.47884983,0.24434721,0.27680296
219785323,0.35478532,0.29900876,0.34620592
219788879,0.24859378,0.5013653,0.25004083
219844212,0.417037,0.3198409,0.26312202
219845483,0.299539,0.2709317,0.4295293
220011342,0.281053,0.31565222,0.40329474
220085926,0.17981355,0.16034625,0.6598402
220094247,0.25517794,0.46338457,0.28143746
220189627,0.34032708,0.3658231,0.29384986
220210104,0.2034768,0.20026451,0.59625864
220217294,0.23567167,0.29219136,0.47213703
220314497,0.37086388,0.2964014,0.3327347
220319296,0.24484041,0.31386992,0.44128963
220330055,0.24684446,0.38176924,0.37138632
220456269,0.4560278,0.29033673,0.2536354
220548286,0.3547463,0.34966406,0.29558963
220564013,0.122763485,0.7355622,0.14167434
220615907,0.35692608,0.35320863,0.2898653
220616478,0.32723135,0.40927857,0.26349
220635484,0.13277176,0.13193,0.7352982
220647257,0.262645,0.3028556,0.43449944
220681912,0.21410473,0.22363281,0.5622625
220742211,0.28455353,0.35360256,0.36184388
220850022,0.4208817,0.28335822,0.29576015
220862771,0.14394842,0.16659905,0.6894526
220934632,0.32067868,0.2712637,0.40805766
220979019,0.12362876,0.7043725,0.17199868
221031547,0.4623964,0.26745823,0.27014542
221075093,0.2440291,0.3237327,0.4322382
221082092,0.2859561,0.37965074,0.33439308
221141213,0.4969225,0.26064023,0.24243723
221240160,0.2754072,0.2927174,0.43187532
221291404,0.35881764,0.31363204,0.32755035
221310669,0.36941046,0.3612416,0.2693479
221325833,0.2236908,0.41493097,0.36137822
221344059,0.42358723,0.3529568,0.22345601
221670931,0.46152022,0.27213144,0.26634836
221706740,0.17886351,0.60653174,0.21460482
221761045,0.1711505,0.15267128,0.6761783
221821151,0.37198395,0.357383,0.27063298
221849810,0.12239145,0.111903094,0.76570547
221880021,0.2639912,0.5069107,0.22909823
221888807,0.24519612,0.50778,0.24702387
221910677,0.09798044,0.7671573,0.13486224
222055124,0.4383195,0.2454479,0.3162326
222074003,0.3299381,0.3444075,0.32565445
222235567,0.3111987,0.41051805,0.2782832
222446254,0.3099663,0.35739136,0.33264232
222484271,0.41584638,0.30355003,0.28060353
222513701,0.20782039,0.20414539,0.5880342
222601147,0.51978517,0.16615957,0.31405526
222630273,0.31967303,0.311837,0.36848995
222642571,0.28878006,0.26772273,0.44349712
222706307,0.40659693,0.31958792,0.27381516
222780024,0.31308624,0.3247815,0.36213225
222825163,0.35831723,0.3677972,0.27388564
222964702,0.48312297,0.19121635,0.32566068
223086691,0.3766086,0.3646719,0.25871947
223128448,0.09810262,0.7979249,0.10397248
223152990,0.33706272,0.3999897,0.26294768
223289381,0.45529,0.29218045,0.2525296
223432950,0.2511579,0.38353315,0.365309
223491161,0.41028967,0.33006808,0.25964224
223667535,0.50613797,0.26252446,0.23133756
223733793,0.15812741,0.67328817,0.16858439
223738749,0.21030828,0.49224588,0.2974458
223760340,0.34047112,0.32254362,0.3369852
223846341,0.16462655,0.6070919,0.22828154
224054156,0.3831512,0.23895489,0.37789398
224122379,0.32661432,0.3177862,0.35559943
224267964,0.75927573,0.11469156,0.12603271
224306792,0.28384867,0.32124576,0.39490557
224379896,0.155558,0.64827675,0.19616517
224385949,0.21273793,0.319709,0.46755302
224467718,0.3332115,0.34685972,0.31992874
224563036,0.23589891,0.20365044,0.5604507
224586690,0.5707356,0.19760747,0.23165695
224604429,0.23731928,0.37686208,0.38581866
224732802,0.40496203,0.34826478,0.24677315
224881619,0.5065245,0.2495484,0.24392709
224928833,0.28440517,0.37469268,0.34090206
224951848,0.114431225,0.7594473,0.1261215
224952350,0.31041592,0.38759208,0.301992
225037489,0.13419278,0.6898184,0.17598888
225109959,0.24291368,0.27039117,0.4866951
225126519,0.38997102,0.31707528,0.29295373
225187558,0.6215142,0.15932631,0.21915947
225307024,0.30269158,0.3129698,0.38433868
225358058,0.20824365,0.21346454,0.57829183
225529621,0.522763,0.24197967,0.23525727
225547025,0.42445523,0.25989965,0.31564516
225564334,0.6583783,0.14587542,0.19574627
225756243,0.61869025,0.19372106,0.18758868
225767162,0.41416627,0.30266005,0.28317374
225917219,0.31030887,0.34789878,0.34179235
225990924,0.3523779,0.44077542,0.20684664
225994511,0.34507895,0.32242632,0.3324948
226007427,0.20464468,0.54966754,0.24568786
226032403,0.36533073,0.32927886,0.30539042
226054378,0.41501048,0.30626395,0.2787255
226236227,0.67829,0.12697794,0.19473203
226301612,0.48864457,0.28874633,0.22260913
226377820,0.37313545,0.32915097,0.29771358
226430849,0.49751827,0.28567332,0.21680841
226587007,0.4595102,0.28268537,0.2578044
226647899,0.42944375,0.3003748,0.27018148
226843085,0.18167838,0.6146769,0.20364472
226913705,0.07110902,0.81925595,0.10963504
226914691,0.46466327,0.3200665,0.21527019
226969395,0.25101113,0.4640184,0.28497046
227001729,0.30487406,0.3485497,0.34657627
227092557,0.55939555,0.24696773,0.19363675
227175960,0.42480972,0.28262833,0.292562
227206157,0.2886605,0.3865002,0.32483935
227373345,0.32774007,0.38624838,0.28601158
227431597,0.32161084,0.4215042,0.25688496
227433150,0.20219181,0.31056598,0.48724225
227460405,0.27170026,0.37092027,0.3573795
227491693,0.36183035,0.2873365,0.35083318
227541901,0.5436095,0.15118575,0.30520472
227578953,0.11644761,0.7457087,0.13784361
227585857,0.22669008,0.29911318,0.47419682
227601522,0.36833733,0.37832412,0.25333855
227631126,0.36424288,0.326928,0.3088292
227643251,0.19313732,0.32487667,0.48198596
227759644,0.3150477,0.35412174,0.33083057
227888358,0.3976191,0.3150149,0.28736606
227910664,0.32331708,0.4046275,0.27205545
227943659,0.26487124,0.28932786,0.44580087
228133194,0.3450439,0.15275198,0.5022042
228159243,0.28186035,0.3658111,0.35232857
228184959,0.36742315,0.29553032,0.3370465
228244297,0.34832248,0.38434246,0.26733503
228285898,0.17691825,0.18287925,0.64020246
228286132,0.2518046,0.48383638,0.2643591
228293373,0.35797048,0.39522603,0.24680348
228370816,0.23461866,0.4982776,0.26710376
228375007,0.3788052,0.3816312,0.23956358
228410393,0.3829871,0.3283224,0.28869057
228432526,0.17776737,0.59323806,0.22899465
228433385,0.16900074,0.6202279,0.2107714
228489198,0.3511572,0.28852674,0.36031604
228532392,0.41409153,0.33602118,0.24988733
228541191,0.2103908,0.53027284,0.25933632
228578967,0.22662342,0.17918791,0.59418863
228700508,0.76171744,0.099698246,0.1385844
228717863,0.2484715,0.40192303,0.34960547
228729362,0.09767107,0.7840416,0.11828741
228748461,0.31103083,0.25922355,0.4297456
228759454,0.5488913,0.20266892,0.24843974
228860525,0.6639471,0.121772066,0.21428086
228880935,0.28635338,0.3158549,0.39779168
228882601,0.27481544,0.35060206,0.3745825
229006703,0.21615276,0.18312062,0.60072666
229115102,0.49114102,0.2292881,0.27957085
229117107,0.41568685,0.21041663,0.3738965
229125420,0.45548669,0.3102227,0.2342906
229146145,0.31340972,0.29085404,0.39573625
229347207,0.39985844,0.33195165,0.26818985
229347250,0.38067076,0.39623684,0.22309238
229368716,0.31688157,0.41860232,0.26451606
229381391,0.34286422,0.3377887,0.319347
229415538,0.46300435,0.30106777,0.23592791
229638042,0.08275892,0.80854225,0.10869881
229674367,0.26536217,0.38413838,0.35049945
229754628,0.28479612,0.42691863,0.28828517
229786679,0.22339417,0.49230486,0.28430098
229809467,0.32509992,0.3740131,0.30088702
229874927,0.072895035,0.07409455,0.85301036
229968420,0.29690906,0.4776984,0.22539257
230023503,0.7059656,0.122145526,0.17188887
230219826,0.2857049,0.3938131,0.32048205
230240980,0.3267218,0.36871684,0.3045614
230316250,0.43983486,0.25977892,0.3003862
230360053,0.3476835,0.34328213,0.3090344
230469133,0.34240362,0.34779015,0.3098063
230578544,0.39155504,0.3119626,0.2964823
230612173,0.57690454,0.20124573,0.22184974
230629373,0.3754833,0.33178294,0.2927338
230650489,0.20082101,0.44526753,0.35391143
230712548,0.33544147,0.35526702,0.3092915
230754000,0.21069753,0.5217493,0.26755312
230774060,0.48648033,0.22477418,0.28874555
230791937,0.092308156,0.0955219,0.81216997
230952557,0.30516127,0.38387161,0.31096712
230976680,0.39009073,0.33398178,0.27592742
231046913,0.27266702,0.40408483,0.3232481
231261754,0.32962286,0.24513344,0.42524365
231447935,0.44617802,0.28116456,0.27265742
231572695,0.58831775,0.20978272,0.20189959
231619252,0.3940233,0.35313353,0.2528431
231625085,0.34016797,0.37028843,0.2895436
231719989,0.3691736,0.30641648,0.3244099
231746846,0.16009746,0.14090624,0.6989963
231761227,0.09432529,0.14193623,0.7637386
231838412,0.39072698,0.30807295,0.30120006
232063506,0.26998988,0.23064573,0.49936435
232156563,0.4420899,0.3016907,0.2562194
232320729,0.656753,0.11245,0.23079707
232374598,0.4459003,0.29128912,0.26281056
232409609,0.8135338,0.073439725,0.11302644
232427358,0.48077658,0.26331,0.2559134
232434929,0.16850157,0.61023396,0.22126444
232453671,0.35644552,0.23419872,0.40935576
232512059,0.35830212,0.35914478,0.2825531
232522495,0.25681502,0.4090347,0.3341503
232572074,0.17172709,0.18408814,0.6441847
232645361,0.365248,0.3171911,0.317561
232653054,0.27866918,0.43649635,0.2848345
232769626,0.3124422,0.2972141,0.39034376
232793107,0.49807665,0.22357719,0.2783461
232869183,0.37379497,0.18299642,0.44320855
232877095,0.15609777,0.66587573,0.17802647
232893642,0.14431605,0.7031939,0.1524901
232940873,0.28706053,0.3387949,0.37414455
233036963,0.38005978,0.3227095,0.29723075
233070801,0.43843976,0.2548048,0.30675545
233138921,0.24734846,0.3054619,0.4471896
233223043,0.10514697,0.11371147,0.7811415
233395001,0.2782179,0.5205412,0.20124088
233549717,0.19106379,0.582154,0.22678229
233550796,0.38109627,0.29838976,0.320514
233570353,0.1791513,0.6232524,0.19759634
233608399,0.17369801,0.5877296,0.23857251
233704924,0.26576263,0.2600933,0.47414407
233753131,0.33177426,0.3253798,0.34284592
233780422,0.46191493,0.28323737,0.25484765
233815139,0.15903775,0.13186564,0.70909667
233852690,0.34759802,0.32144874,0.33095324
233879378,0.46481556,0.2599638,0.27522066
233906414,0.5450815,0.22960359,0.22531499
234126998,0.10778184,0.11216382,0.7800543
234190763,0.3196141,0.31720176,0.3631842
234209089,0.3201492,0.33891526,0.34093553
234475192,0.3951151,0.30768558,0.29719937
234492560,0.25731662,0.27964672,0.4630366
234561467,0.25358897,0.2912278,0.45518327
234685090,0.33239457,0.33701274,0.33059275
234709229,0.33707085,0.32771194,0.33521718
234730980,0.34503478,0.27997005,0.37499517
234797241,0.21518138,0.216837,0.5679816
234903888,0.24731949,0.45786485,0.2948157
234910661,0.46191406,0.28997073,0.2481152
234954733,0.321703,0.31549627,0.3628007
235203061,0.3882121,0.3030029,0.308785
235235600,0.3510421,0.3703509,0.27860698
235264037,0.45294306,0.19182418,0.35523266
235291592,0.30643666,0.31318408,0.38037926
235365229,0.19099489,0.3170043,0.49200088
235480088,0.33893082,0.37749454,0.28357467
235578312,0.22242825,0.23398124,0.5435905
235606080,0.32281718,0.3194008,0.35778198
235663126,0.3198822,0.38085005,0.2992677
235803546,0.39228103,0.28370327,0.32401568
235807965,0.3385717,0.33528957,0.32613876
235832452,0.16120593,0.15437183,0.6844222
235974677,0.13663283,0.7247691,0.1385981
235995350,0.15741508,0.65591353,0.18667132
236030054,0.11083922,0.7642036,0.12495716
236064445,0.4076044,0.2894245,0.30297112
236093961,0.21506067,0.20619945,0.5787399
236132520,0.336481,0.2973334,0.36618558
236159723,0.2689124,0.4749591,0.2561285
236170502,0.46169448,0.26959744,0.26870814
236199361,0.29404607,0.3166502,0.38930374
236246069,0.19016175,0.18814683,0.6216914
236271757,0.48036113,0.27548447,0.2441544
236420077,0.19875917,0.50790346,0.2933374
236438456,0.4991792,0.26924717,0.23157354
236581029,0.6580472,0.14319502,0.19875784
236598485,0.34119445,0.34794873,0.31085685
236609955,0.37668967,0.27234727,0.35096297
236626048,0.27066466,0.2997488,0.4295865
236674618,0.19198988,0.6039929,0.20401727
236942002,0.28800106,0.44485003,0.26714894
236947751,0.2759213,0.3619116,0.36216712
237030727,0.27430242,0.30304042,0.42265713
237090135,0.10029274,0.09673062,0.80297667
237278120,0.22760181,0.54722166,0.22517654
237316430,0.35384387,0.3579206,0.28823557
237469970,0.5660219,0.20806526,0.22591291
237500058,0.4619193,0.2956987,0.24238196
237688041,0.49456713,0.267977,0.23745584
237816803,0.4099814,0.29221004,0.2978086
237821338,0.4567084,0.26698938,0.2763022
238069683,0.3180292,0.35645086,0.32552
238380049,0.36597952,0.3434796,0.2905409
238459905,0.32235837,0.40563205,0.2720096
238461245,0.24583116,0.47578084,0.27838793
238484832,0.4389002,0.27124056,0.2898593
238528190,0.563558,0.21320163,0.22324038
238547629,0.31004044,0.35612935,0.33383024
238599014,0.5495804,0.208003,0.24241659
238603995,0.41024512,0.31808895,0.27166587
238633992,0.4137288,0.32240963,0.26386166
238720291,0.5954184,0.16927709,0.23530456
238740967,0.15041819,0.2804733,0.56910855
238763551,0.4102571,0.3132955,0.27644736
238783598,0.6195766,0.16978279,0.2106407
238839962,0.46909225,0.27449715,0.25641054
238950699,0.35367167,0.36522222,0.28110608
238990934,0.35496005,0.3664863,0.2785536
238996537,0.66640437,0.1361428,0.19745287
239033301,0.32317466,0.32991552,0.34690982
239048667,0.7074399,0.12226854,0.17029156
239103331,0.27350953,0.30237567,0.4241148
239206486,0.11234273,0.7488806,0.13877667
239210838,0.46779346,0.2747825,0.25742403
239228090,0.4928458,0.18291752,0.32423666
239265382,0.35789567,0.3252938,0.31681052
239272139,0.45705065,0.2670371,0.2759123
239499740,0.11619175,0.7375546,0.14625368
239506842,0.3556659,0.35131812,0.293016
239540149,0.38997516,0.30367064,0.30635425
239546334,0.10006486,0.08821699,0.81171817
239635062,0.57121044,0.21556269,0.21322684
239726306,0.44804448,0.24742764,0.30452785
239791860,0.35065296,0.34754148,0.30180553
239956932,0.6070422,0.17698425,0.21597351
240115410,0.38215083,0.31288004,0.3049692
240259792,0.40585527,0.30013973,0.29400504
240261313,0.42533973,0.24400574,0.33065453
240346295,0.47654808,0.28393415,0.23951778
240416433,0.39225835,0.34897888,0.25876278
240431630,0.26497623,0.4365457,0.298478
240465493,0.4549599,0.25388166,0.2911584
240569977,0.3814157,0.32473484,0.2938495
240664578,0.25904652,0.34495813,0.39599535
240710719,0.35332736,0.16914329,0.47752935
240825980,0.70701855,0.12253324,0.17044827
241053733,0.26617026,0.2987756,0.4350541
241090572,0.32853013,0.39486617,0.27660367
241115855,0.49585247,0.28544632,0.21870127
241253403,0.29853615,0.4002578,0.30120608
241275549,0.584947,0.20647882,0.20857412
241470430,0.18653886,0.6158023,0.19765884
241486038,0.09141584,0.78282225,0.12576193
241621358,0.18182652,0.17897168,0.63920176
241656101,0.109395005,0.12803997,0.762565
241820502,0.31237465,0.4250269,0.2625984
241867910,0.2830615,0.2974673,0.41947117
241944415,0.40870902,0.31839213,0.27289882
241995906,0.20262554,0.23064293,0.5667315
242033817,0.8078721,0.07813111,0.113996744
242094413,0.30463967,0.3602297,0.33513063
242177248,0.37915182,0.33716968,0.28367853
242184981,0.23586923,0.33066815,0.43346262
242423623,0.4843205,0.22817466,0.2875049
242625772,0.39678034,0.30091467,0.30230498
242659269,0.26682523,0.27025527,0.46291947
242943516,0.17172885,0.53532183,0.29294926
243069123,0.095852576,0.7929685,0.111178845
243210622,0.3152797,0.3880563,0.296664
243291222,0.34966037,0.33093968,0.31939992
243418831,0.28240678,0.48214602,0.23544712
243460137,0.45373523,0.26924482,0.27702004
243970712,0.33211172,0.35143366,0.31645465
244053056,0.45571122,0.18795995,0.35632882
244123213,0.486587,0.28013337,0.23327965
244246028,0.40179008,0.3143909,0.28381905
244260739,0.3228349,0.33784592,0.33931914
244366192,0.24136779,0.36032033,0.39831182
244440276,0.16537078,0.67483574,0.1597935
244682535,0.35563776,0.35608837,0.28827384
244816601,0.47566175,0.2321127,0.2922255
244951454,0.7035708,0.1210072,0.17542209
245070660,0.40616176,0.3123649,0.28147337
245070789,0.80800056,0.074928015,0.117071316
245078018,0.44409546,0.29611126,0.25979322
245149456,0.5249046,0.23652546,0.2385699
245314231,0.49009895,0.27861622,0.23128489
245381573,0.27649376,0.48509264,0.23841366
245431842,0.1694033,0.6417826,0.18881412
245514823,0.31637818,0.35060263,0.3330192
245612343,0.24679407,0.31436148,0.43884438
245779613,0.24802953,0.46336776,0.28860274
245835032,0.2556577,0.3885508,0.3557916
245836935,0.1778074,0.51131827,0.3108743
245840459,0.27686253,0.3032975,0.41984
245852427,0.31406495,0.39291632,0.2930187
245852983,0.29162896,0.42172638,0.28664464
245865965,0.11288758,0.14778064,0.7393317
245923091,0.265811,0.3632953,0.37089366
246002814,0.63028777,0.18406078,0.18565157
246089960,0.12667193,0.7221163,0.15121178
246103755,0.33947745,0.35234913,0.30817342
246158140,0.34703687,0.29304734,0.35991576
246164255,0.18092252,0.5691814,0.24989606
246169764,0.106819116,0.75934005,0.13384078
246255497,0.38203025,0.33843735,0.27953237
246420674,0.46040276,0.29980734,0.23979
246435261,0.24476656,0.22897919,0.52625424
246558613,0.56059074,0.2176831,0.2217261
246714719,0.34859124,0.29547983,0.35592884
246812212,0.2635669,0.44930264,0.28713036
246894000,0.23808758,0.44161883,0.32029358
246909739,0.2712129,0.42278123,0.30600587
246911011,0.31700844,0.38129663,0.301695
247195175,0.13252558,0.7029345,0.16453996
247208571,0.3228961,0.29378235,0.38332158
247239304,0.29213637,0.4586653,0.24919826
247279910,0.33961245,0.32181036,0.33857724
247362372,0.17568569,0.1431327,0.6811816
247500882,0.5400455,0.24596909,0.21398538
247645009,0.1475999,0.12531008,0.72709
247795785,0.31586713,0.36703032,0.31710252
247808611,0.22385548,0.2214221,0.5547224
247858077,0.25966063,0.19605812,0.54428124
247937515,0.15176094,0.6847747,0.16346428
247947110,0.5238438,0.24295516,0.23320103
248188336,0.21867135,0.21300215,0.56832653
248298261,0.13500632,0.72369105,0.14130266
248307614,0.56754893,0.21963595,0.21281515
248370073,0.6861592,0.13601097,0.17782977
248451968,0.2388559,0.41852233,0.34262177
248507212,0.09249268,0.09712776,0.8103795
248533914,0.41043252,0.31769663,0.27187076
248759460,0.5428248,0.25728053,0.19989465
248847526,0.18137965,0.2092929,0.6093275
248860573,0.17002597,0.64066845,0.18930556
248924758,0.5241455,0.1428233,0.33303118
249030114,0.40750724,0.26745316,0.32503963
249118362,0.22512864,0.23660304,0.5382684
249120924,0.36180204,0.38391313,0.25428474
249132971,0.22785173,0.34970412,0.4224441
249347057,0.7700656,0.09679949,0.13313486
249373640,0.31875262,0.4029102,0.27833718
249389111,0.62989354,0.122654326,0.24745214
249452210,0.20204799,0.19624522,0.60170686
249515665,0.69552964,0.13864307,0.16582724
249538572,0.47563145,0.25495738,0.26941115
249576331,0.12955683,0.12761381,0.7428293
249612785,0.65954953,0.16575548,0.17469503
249644265,0.27875522,0.27321377,0.44803104
249674016,0.52257293,0.2567652,0.22066192
249686795,0.1506987,0.6713831,0.17791818
249690269,0.40429226,0.27269036,0.3230175
249691536,0.31055048,0.3071341,0.3823154
249704950,0.46889412,0.24419536,0.28691053
249732308,0.16256243,0.14000261,0.697435
249792697,0.3056613,0.32744777,0.36689088
249819164,0.2430302,0.36157206,0.39539772
249999818,0.5374114,0.23364034,0.22894824
250001920,0.29139903,0.38364983,0.3249511
250094311,0.24597636,0.47013327,0.28389034
250113570,0.75380015,0.10163156,0.14456826
250134768,0.29922473,0.38426682,0.31650832
250289355,0.3343719,0.2582821,0.40734595
250425477,0.32967088,0.33515784,0.33517128
250452228,0.10417534,0.76289314,0.13293159
250559035,0.2736113,0.43522063,0.291168
250579666,0.15856715,0.1376251,0.7038077
250643963,0.06734962,0.83047116,0.102179244
250728282,0.10072718,0.10553157,0.7937413
250843373,0.34471345,0.352429,0.30285758
250875514,0.35122773,0.25208986,0.39668232
250930207,0.4718254,0.2836581,0.24451655
251118874,0.7923163,0.078521796,0.12916194
251122176,0.70710987,0.13455737,0.15833274
251215059,0.25527072,0.24934606,0.4953832
251272740,0.5205957,0.24008502,0.23931922
251358291,0.51221263,0.27254257,0.2152448
251423687,0.34241223,0.30555797,0.35202983
251480417,0.24879727,0.23789851,0.51330423
251505912,0.24646413,0.25121078,0.5023251
251510220,0.50034744,0.21058744,0.28906512
251632392,0.22977385,0.4424378,0.3277884
251632750,0.7094745,0.12693007,0.16359547
251944703,0.2674328,0.4356823,0.29688495
251954624,0.12508027,0.12662768,0.7482921
251964126,0.2762834,0.32566276,0.3980538
252027515,0.2179649,0.52959543,0.25243968
252199957,0.2603829,0.25212693,0.48749018
252309854,0.43361482,0.29341537,0.27296993
252351077,0.27869642,0.31160432,0.40969926
252452296,0.3618536,0.3228035,0.31534287
252457907,0.58554965,0.21583946,0.19861083
252461878,0.22387807,0.25083968,0.5252823
252466524,0.24876975,0.41692105,0.33430925
252472389,0.3208607,0.38414901,0.29499033
252487406,0.41387296,0.33871,0.247417
252509369,0.4100558,0.26022375,0.32972047
252529871,0.18819954,0.20570174,0.6060988
252549006,0.2824191,0.26141348,0.4561675
252664915,0.24853222,0.4768152,0.27465263
252673476,0.32419816,0.3325231,0.3432787
252941917,0.31749937,0.35382488,0.3286757
252975927,0.3371449,0.3226843,0.3401708
253037255,0.40088165,0.34842384,0.2506945
253053970,0.35451323,0.35204098,0.29344586
253156481,0.38381764,0.32005954,0.29612273
253311844,0.71678627,0.09123655,0.19197717
253394721,0.15004839,0.10465641,0.74529517
253608122,0.37636897,0.251879,0.37175205
253654369,0.55058825,0.21634325,0.2330685
254044653,0.24854839,0.43164864,0.31980306
254067756,0.28582975,0.40936825,0.30480197
254188803,0.44975254,0.31125054,0.23899691
254207200,0.3812922,0.3766845,0.24202338
254229919,0.20230824,0.28207797,0.51561385
254425416,0.3113013,0.31629956,0.37239918
254452076,0.16234209,0.67088175,0.16677617
254568556,0.37465024,0.3513169,0.27403286
254685723,0.3877349,0.39339584,0.21886928
254685922,0.09311196,0.77604663,0.13084134
254713812,0.4551925,0.2693303,0.27547717
254817867,0.44819865,0.320242,0.23155934
254949416,0.30835706,0.36899218,0.32265073
254963484,0.1862427,0.60139114,0.21236618
255066099,0.07102027,0.83005136,0.09892832
255200059,0.23830768,0.38480884,0.37688357
255201775,0.14070736,0.14933673,0.70995593
255275912,0.30641046,0.2848848,0.40870476
255317174,0.6470213,0.16787046,0.18510823
255353589,0.4438112,0.3140847,0.24210405
255426809,0.17469175,0.19387071,0.63143754
255537795,0.27507252,0.34927085,0.3756566
255629217,0.3511423,0.30872118,0.34013653
255909110,0.38872495,0.33999592,0.27127913
255940458,0.39606276,0.26889145,0.33504573
256182991,0.276529,0.42893293,0.29453805
256224697,0.23867914,0.3842456,0.37707523
256273613,0.3619158,0.32968587,0.30839837
256392955,0.3584773,0.29687595,0.34464678
256445235,0.66776496,0.15148817,0.18074693
256493625,0.17639102,0.64679354,0.17681551
256501501,0.21583742,0.48994094,0.29422167
256550756,0.66189903,0.14485389,0.19324705
256570296,0.29502866,0.48165134,0.22332013
256633831,0.22902471,0.5489217,0.22205356
256658965,0.59902036,0.16427182,0.23670779
256792782,0.638266,0.16858415,0.19314979
256867676,0.4735027,0.24609958,0.28039774
256899548,0.1176397,0.7316181,0.15074222
257299614,0.11296276,0.09200296,0.7950342
257570283,0.37142882,0.29180637,0.33676478
257603645,0.18589959,0.1846312,0.6294692
257659324,0.20588899,0.2102356,0.5838754
257842332,0.2100939,0.54738456,0.24252154
257859377,0.14462037,0.69219553,0.16318414
257863474,0.07208215,0.06761058,0.86030734
257886907,0.45200786,0.26412514,0.28386697
257935880,0.28598306,0.2687679,0.44524902
258045396,0.25328666,0.27527168,0.4714417
258068688,0.7699859,0.09965232,0.13036174
258114179,0.111603595,0.10594117,0.7824553
258228650,0.40700573,0.32489076,0.26810345
258237206,0.24343565,0.21977164,0.53679264
258365560,0.42642462,0.27555853,0.2980169
258390642,0.37822232,0.32024154,0.30153617
258405823,0.5102603,0.24039361,0.24934609
258642691,0.19799799,0.50881577,0.29318622
258763508,0.2080576,0.16335084,0.6285916
258809109,0.20913288,0.57175577,0.21911134
258872398,0.69138587,0.12383698,0.18477719
258876774,0.2125665,0.5682613,0.21917212
259074460,0.2472723,0.20580335,0.54692435
259075252,0.47532102,0.2905525,0.23412645
259080534,0.43473905,0.32836884,0.23689216
259138942,0.65768707,0.1637238,0.17858906
259141341,0.124231376,0.7354365,0.1403321
259143670,0.2544597,0.21854399,0.5269963
259251913,0.4148219,0.37895364,0.20622443
259300359,0.39300665,0.34055176,0.26644164
259341751,0.1660974,0.38471445,0.4491881
259370659,0.5363367,0.25725096,0.20641232
259374344,0.31092092,0.25694093,0.4321382
259374874,0.13701704,0.705676,0.15730691
259438075,0.38040257,0.35112333,0.2684741
259452234,0.80575573,0.07187054,0.12237366
259457531,0.22798784,0.23876902,0.5332432
259571194,0.2806728,0.36362627,0.35570094
259575844,0.11795335,0.74421996,0.1378267
259597438,0.35424706,0.3197814,0.32597154
259617198,0.6003438,0.19991142,0.19974467
259618506,0.4374133,0.29731977,0.2652669
259689678,0.384686,0.30834454,0.30696946
260197639,0.16425696,0.5865132,0.24922976
260244912,0.18553574,0.5492576,0.2652067
260307834,0.5423187,0.22545949,0.23222193
260408367,0.39454094,0.28887826,0.31658083
260423005,0.23680389,0.2722225,0.4909736
260458670,0.20109469,0.5291785,0.2697268
260470006,0.37868527,0.35021192,0.27110285
260542859,0.3800912,0.34386846,0.2760404
260630876,0.28425518,0.34243682,0.37330803
260683628,0.46510002,0.2915199,0.24338001
261031950,0.35851696,0.39612907,0.24535395
261050155,0.4577736,0.28525293,0.2569734
261119093,0.29090583,0.33518782,0.37390628
261149022,0.2905922,0.1863274,0.5230804
261177522,0.55562544,0.21111064,0.23326392
261271400,0.73277146,0.11406059,0.15316795
261295060,0.5206311,0.25988436,0.21948454
261300135,0.40555847,0.28742945,0.30701205
261320960,0.17170675,0.6246578,0.20363541
261349740,0.62034774,0.1774161,0.20223612
261401677,0.3327324,0.33690846,0.33035913
261572367,0.37943718,0.33811733,0.28244543
261650976,0.10479252,0.10105017,0.79415727
261741860,0.3025224,0.3446083,0.3528693
261795989,0.40368855,0.34729698,0.24901447
261811530,0.3918045,0.24372973,0.36446574
261871449,0.3228151,0.22336599,0.4538189
261990326,0.2714839,0.3875939,0.34092224
262090437,0.7082604,0.15459223,0.13714737
262266284,0.29551065,0.3583704,0.346119
262297730,0.41675043,0.24807759,0.33517194
262303887,0.36080232,0.2650582,0.37413943
262391614,0.47557542,0.29224533,0.23217928
262564366,0.3215005,0.36326605,0.3152335
262571023,0.39416376,0.35021687,0.2556194
262574911,0.49950475,0.26663047,0.2338647
262698572,0.5344057,0.25775534,0.20783888
262754685,0.13509047,0.72060615,0.14430335
262827962,0.33034915,0.3417146,0.32793635
262831422,0.25390074,0.26164258,0.4844567
262916170,0.24258779,0.27938005,0.4780321
263049634,0.46236268,0.28636658,0.25127077
263115890,0.4476629,0.29120556,0.26113155
263325029,0.30018198,0.31616426,0.38365385
263434757,0.10054063,0.78669643,0.112762906
263469410,0.5012499,0.2793657,0.2193844
263472436,0.49516127,0.27435133,0.2304875
263721786,0.36211774,0.3996377,0.2382445
263722601,0.38856632,0.26277304,0.34866062
264267033,0.34810677,0.31225863,0.3396346
264286984,0.18237379,0.17932795,0.6382982
264485068,0.3892425,0.3185154,0.2922421
264490457,0.31428778,0.4450952,0.24061696
264569308,0.2550797,0.20818806,0.53673226
264593097,0.30438742,0.33907068,0.35654196
264630146,0.35795256,0.36175588,0.28029162
264638925,0.77834666,0.09452041,0.12713291
264659620,0.3055191,0.40600723,0.2884736
264763787,0.24641523,0.26397744,0.48960727
264800053,0.25571358,0.27806407,0.4662223
264849965,0.4711855,0.30054963,0.2282648
265001185,0.098956905,0.09874419,0.8022989
265230999,0.271365,0.28921333,0.4394217
265256150,0.4701723,0.23677768,0.29305
265280161,0.36483493,0.25803137,0.37713373
265294683,0.41785583,0.3115387,0.27060542
265428506,0.16406709,0.6494279,0.18650508
265477848,0.23072056,0.3985659,0.37071362
265695475,0.31451282,0.35736814,0.328119
265713993,0.2744524,0.46025836,0.26528928
265736401,0.09721463,0.79708767,0.105697766
265960361,0.37419662,0.28480175,0.3410016
266401627,0.32602045,0.3797327,0.2942469
266436610,0.37718725,0.3332832,0.28952962
266498986,0.388282,0.2918704,0.31984764
266543842,0.3691567,0.404355,0.22648835
266642661,0.34035578,0.30673435,0.35290992
266742880,0.16461731,0.1626976,0.6726851
266779960,0.662456,0.15702648,0.1805175
266827216,0.453736,0.28601086,0.2602531
266906277,0.557641,0.21717659,0.22518237
267086926,0.42414382,0.24945734,0.32639882
267089021,0.30920753,0.4458747,0.24491775
267131894,0.2927348,0.2946494,0.4126159
267211648,0.24296801,0.39006463,0.3669674
267403487,0.4658992,0.2799313,0.2541696
267429172,0.32246572,0.25503135,0.42250296
267492673,0.28601125,0.38366237,0.3303264
267568444,0.10205337,0.101491265,0.79645526
267578693,0.2657314,0.3597666,0.37450203
267783660,0.17476925,0.19218442,0.6330463
267804199,0.2983499,0.32293597,0.3787141
267833545,0.13268602,0.72807115,0.13924278
268013902,0.39363664,0.33107767,0.2752857
268017223,0.4381122,0.27017075,0.29171696
268084334,0.47428927,0.25244653,0.2732643
268107777,0.49508253,0.282643,0.22227453
268188750,0.31253496,0.37096134,0.3165038
268302204,0.33888525,0.3254552,0.33565956
268521172,0.4857199,0.26655337,0.24772675
268628461,0.76891345,0.09659972,0.13448688
268695623,0.272588,0.40661305,0.32079884
268888229,0.31977493,0.32286832,0.3573568
268899012,0.33670154,0.33571112,0.3275873
268952808,0.1840528,0.26163355,0.55431366
268988230,0.25132897,0.30023912,0.44843188
269068005,0.33588776,0.32835677,0.3357555
269120791,0.44642314,0.28007632,0.2735005
269243409,0.746455,0.10674022,0.14680475
269312235,0.37830973,0.34102958,0.28066075
269374565,0.11580987,0.75261945,0.13157073
269412492,0.41544923,0.30131522,0.28323564
269510283,0.2513485,0.27503172,0.4736198
269525042,0.122162536,0.10295463,0.7748829
269532871,0.08047661,0.8162509,0.10327251
269565899,0.36176786,0.31683043,0.32140175
269598282,0.31704122,0.41080883,0.27214986
269641005,0.1852936,0.21236093,0.6023455
269662720,0.2092499,0.4786474,0.31210268
269810334,0.15849198,0.15925756,0.68225056
269818760,0.21635927,0.50532573,0.27831495
269924344,0.3756179,0.37443212,0.24995007
270000254,0.36075097,0.316731,0.32251802
270041939,0.32484925,0.39964545,0.2755053
270067434,0.22457218,0.2647218,0.51070595
270069532,0.16165057,0.6424456,0.19590373
270074617,0.21769813,0.48806867,0.29423317
270174193,0.36284238,0.34266207,0.29449558
270189621,0.26915392,0.34221447,0.38863158
270266697,0.269964,0.22750708,0.5025289
270309763,0.42604703,0.34134609,0.23260684
270417576,0.2480233,0.23660341,0.5153733
270443160,0.35689828,0.28915524,0.35394648
270480756,0.34721798,0.33498093,0.31780106
270544312,0.75984323,0.09546304,0.14469369
270584346,0.3625779,0.33475894,0.30266318
270699685,0.32585606,0.41093072,0.2632133
270708067,0.20157886,0.55862516,0.23979598
270784897,0.34364122,0.29975662,0.3566021
270904173,0.2369322,0.45180207,0.31126577
270956550,0.45177656,0.27400026,0.2742232
270992552,0.119637795,0.109809145,0.77055305
271269446,0.38393566,0.31157985,0.30448446
271272733,0.41059667,0.24648331,0.34292006
271314859,0.5115758,0.22469823,0.26372606
271495619,0.33903527,0.33078465,0.33018008
271530637,0.35488248,0.33556962,0.30954784
271687870,0.18590929,0.56968427,0.24440648
271733214,0.31348044,0.24136183,0.44515768
271974373,0.2595849,0.2847357,0.45567942
272017446,0.33856514,0.3341221,0.3273128
272071617,0.5405029,0.20335855,0.25613856
272080894,0.19278169,0.20679057,0.60042775
272150880,0.3047256,0.33954385,0.35573062
272189053,0.20009105,0.21078588,0.589123
272282955,0.43631032,0.3332989,0.2303907
272372202,0.20216088,0.50216216,0.29567695
272382415,0.30120066,0.31898156,0.37981775
272472119,0.44170123,0.2606975,0.2976012
272619686,0.38907304,0.34671202,0.26421493
272620576,0.26503673,0.37488177,0.3600814
272640586,0.34240237,0.3780431,0.2795546
272760985,0.32298186,0.33776692,0.33925116
272897307,0.35797182,0.37465143,0.26737675
273017319,0.27929455,0.26078817,0.45991728
273064269,0.38629746,0.3727512,0.24095125
273123576,0.22383869,0.5619871,0.21417421
273172492,0.26505917,0.41843787,0.31650293
273276943,0.4680853,0.29224733,0.23966739
273412814,0.29867697,0.41325358,0.28806937
273414650,0.3183881,0.36932972,0.31228223
273452823,0.2785202,0.3168717,0.40460816
273613148,0.51275975,0.25028318,0.23695701
273652560,0.4960967,0.26569098,0.23821239
273712885,0.40388942,0.30286276,0.29324785
273775446,0.34070802,0.2382792,0.42101273
273872869,0.46077713,0.31603497,0.22318792
273895404,0.46757278,0.2936508,0.23877643
273910662,0.29305074,0.33592302,0.3710263
273916532,0.3670559,0.39116198,0.24178211
273922155,0.37382695,0.29535753,0.33081558
274060331,0.4352971,0.32116628,0.24353655
274179831,0.5819362,0.19808047,0.21998338
274217559,0.18635017,0.5819254,0.23172444
274240474,0.54004145,0.18314396,0.27681458
274283227,0.41367078,0.3270737,0.2592555
274360109,0.5100438,0.17968445,0.31027183
274383555,0.29123014,0.3210391,0.3877307
274390414,0.1856784,0.5831868,0.2311348
274565870,0.34065163,0.3521836,0.30716473
274606150,0.37970394,0.29170394,0.32859212
274651139,0.33316913,0.37304077,0.2937901
274682742,0.27989194,0.40418416,0.31592387
274869885,0.266295,0.2926142,0.4410908
274920545,0.3025565,0.35307863,0.34436485
275148451,0.43048126,0.2904489,0.27906987
275160040,0.22728056,0.4624495,0.3102699
275266162,0.23717737,0.49190214,0.27092054
275298693,0.34482267,0.29893064,0.35624677
275328904,0.23232491,0.48366052,0.2840145
275463984,0.06849363,0.8425945,0.088911854
275542883,0.22265556,0.4975881,0.2797563
275642027,0.43761373,0.29896662,0.26341963
275664677,0.19868267,0.56899333,0.23232403
275703517,0.26797876,0.44370806,0.28831318
275808123,0.47914237,0.29060167,0.230256
276171902,0.46444482,0.2769074,0.25864777
276196961,0.44389537,0.32233578,0.23376879
276370240,0.26968393,0.4354422,0.29487383
276457521,0.31036514,0.26211557,0.4275193
276579209,0.48159757,0.26429582,0.2541066
276626996,0.33581394,0.31384107,0.35034496
276660566,0.46064106,0.20527118,0.33408776
276668082,0.49020618,0.27093828,0.2388556
276719735,0.40031332,0.32869348,0.2709932
276729685,0.1875935,0.6267622,0.18564428
276827542,0.35921133,0.31158334,0.32920536
276832371,0.4914312,0.26945418,0.23911461
276864973,0.3722997,0.28596625,0.34173405
276908896,0.4189384,0.33139902,0.24966258
277094923,0.5259626,0.23359758,0.24043994
277100353,0.31996775,0.34017658,0.3398557
277124981,0.17640826,0.12881126,0.69478047
277139386,0.14023313,0.7117073,0.14805959
277183249,0.3725859,0.38783664,0.23957743
277254083,0.2884654,0.37490067,0.33663395
277347960,0.24868801,0.45338517,0.29792675
277361770,0.08949063,0.8046224,0.1058869
277408665,0.23272005,0.24620646,0.5210736
277489060,0.10828107,0.10152162,0.7901974
277601230,0.08975976,0.7986795,0.11156075
277669107,0.20674445,0.22768615,0.5655694
277891237,0.3313048,0.33980238,0.32889286
277994811,0.18177044,0.562653,0.25557655
278163564,0.36565304,0.29378912,0.34055787
278351908,0.21744168,0.27495214,0.50760615
278378878,0.16482958,0.14708854,0.68808186
278380717,0.45832682,0.3144158,0.22725733
278480894,0.433837,0.3169002,0.2492629
278516365,0.45637494,0.2752261,0.26839894
278533160,0.31628415,0.3728587,0.3108571
278592691,0.2966426,0.39253405,0.3108233
278615168,0.6038114,0.20789,0.18829855
278838988,0.42989892,0.29674762,0.27335343
278890143,0.2921319,0.3922695,0.31559858
278908043,0.47284922,0.22915809,0.2979927
279002899,0.14436252,0.69541895,0.16021857
279107182,0.44074756,0.29414377,0.26510867
279111868,0.32117334,0.3391325,0.3396942
279140191,0.16937348,0.17318434,0.6574422
279435501,0.1450061,0.15704492,0.69794893
279447051,0.09361162,0.09403813,0.8123502
279517018,0.16830868,0.3335177,0.49817362
279525965,0.22431049,0.21865003,0.5570395
279653888,0.21259628,0.580991,0.20641269
279654440,0.30261928,0.27355972,0.423821
279660306,0.32620385,0.40654504,0.26725107
279663279,0.14993173,0.6819957,0.16807252
279730053,0.30589828,0.32449698,0.36960477
279797820,0.17274284,0.14190829,0.6853489
279943637,0.21670517,0.244307,0.5389879
279947452,0.5379141,0.21555506,0.24653082
280075315,0.3677649,0.32393715,0.30829805
280087386,0.54284394,0.21003902,0.24711701
280123012,0.28802934,0.3160501,0.39592054
280191399,0.46474758,0.26555204,0.26970044
280218216,0.24812837,0.48971012,0.26216152
280235151,0.31772575,0.19477719,0.48749703
280278182,0.34735888,0.28279677,0.36984438
280395299,0.62689704,0.16565701,0.20744602
280651628,0.4525373,0.29023716,0.25722548
280656713,0.3480659,0.3950564,0.2568777
280678386,0.30191132,0.4388283,0.25926042
280850190,0.31540337,0.35266915,0.3319275
280899913,0.22241028,0.49074653,0.2868432
280944753,0.53526384,0.24820311,0.21653302
280957118,0.38210124,0.29717714,0.3207216
281033896,0.22600783,0.19702168,0.5769705
281102393,0.32710502,0.34923497,0.32366002
281244256,0.3821263,0.30246386,0.31540978
281326213,0.09874196,0.09029965,0.8109583
281337869,0.2581059,0.43503132,0.30686286
281340964,0.26988915,0.355593,0.37451792
281342055,0.46638653,0.24053615,0.29307735
281408943,0.31151775,0.4116971,0.27678525
281457356,0.21736427,0.52086806,0.26176772
281485683,0.29063645,0.34455776,0.36480576
281573906,0.0994474,0.77658004,0.12397259
281646734,0.30451387,0.3855995,0.30988666
281666511,0.19902787,0.22078697,0.5801851
281759096,0.4083317,0.28873533,0.302933
281904288,0.30704623,0.4080915,0.28486225
281938456,0.38516623,0.36837548,0.24645823
282075392,0.3417595,0.31310445,0.34513614
282123801,0.09950883,0.09337157,0.80711955
282137324,0.2027112,0.20708302,0.5902057
282155512,0.3182641,0.3683481,0.3133878
282172956,0.39763921,0.3250792,0.27728155
282223844,0.34512076,0.2946786,0.36020067
282344360,0.29361895,0.3215682,0.38481283
282349914,0.22877243,0.4111868,0.36004078
282439334,0.34671208,0.2914694,0.36181843
282449567,0.30204913,0.27798808,0.41996273
282490696,0.28298178,0.2914983,0.42551994
282530049,0.2948014,0.32995626,0.37524223
282584025,0.36977297,0.30755916,0.32266793
282658672,0.52603894,0.20497578,0.26898527
282694995,0.35686752,0.340476,0.30265644
282869732,0.28662726,0.268636,0.44473672
282906292,0.261319,0.25601164,0.48266935
282944252,0.54772705,0.25273514,0.19953789
282994777,0.58602875,0.2096229,0.20434843
283016601,0.3096694,0.35024047,0.34009022
283076475,0.15464564,0.67807084,0.1672835
283088452,0.109253794,0.75206137,0.13868487
283124279,0.20253508,0.58372223,0.21374275
283152166,0.17565213,0.15171859,0.67262936
283198359,0.30148968,0.36979693,0.32871348
283212948,0.17692189,0.5437466,0.27933156
283299522,0.446697,0.2599469,0.29335612
283667861,0.5495406,0.20232779,0.24813168
283697011,0.35646132,0.30682975,0.33670887
283728142,0.36582327,0.35701108,0.27716562
283746053,0.2803317,0.39779994,0.3218683
283887081,0.30844167,0.44990686,0.24165149
283935359,0.26673964,0.23240006,0.50086033
283945358,0.4808955,0.26293418,0.25617045
283945392,0.27658787,0.44562143,0.27779076
283949155,0.55418557,0.20697862,0.2388358
284015792,0.3446702,0.33409467,0.32123512
284047231,0.41029847,0.28372276,0.3059788
284058939,0.19514023,0.3647488,0.44011095
284134735,0.3075823,0.27169174,0.42072597
284155870,0.30312052,0.34059173,0.35628775
284281622,0.26461655,0.27133065,0.46405274
284291531,0.76941615,0.08430746,0.14627638
284432151,0.47608125,0.27476457,0.2491542
284547184,0.506561,0.23238227,0.26105678
284559825,0.20551561,0.4080507,0.38643363
284730564,0.29963794,0.45256925,0.24779288
284874876,0.3365164,0.30552793,0.35795563
284922522,0.5938595,0.19206508,0.21407545
285026107,0.47868067,0.24285328,0.27846605
285047803,0.6237949,0.18436563,0.19183949
285048978,0.2963366,0.3673267,0.33633667
285054377,0.29145285,0.27817017,0.43037695
285064977,0.31364456,0.25975248,0.42660305
285213370,0.3245862,0.4039136,0.2715003
285226095,0.31477633,0.36640528,0.31881836
285265357,0.20619926,0.57105947,0.22274132
285280321,0.2753462,0.25698513,0.46766865
285334159,0.33703953,0.25312173,0.40983877
285382564,0.2149254,0.59517634,0.18989836
285489015,0.34821758,0.29055253,0.36122987
285597983,0.42322588,0.25994676,0.31682727
285634061,0.299372,0.28791484,0.41271308
285664013,0.256572,0.2916009,0.45182714
285666673,0.22474404,0.44565785,0.32959807
285705777,0.3830343,0.35275704,0.2642087
285811677,0.4800378,0.19763719,0.32232496
285842179,0.40197396,0.3402889,0.2577371
285881161,0.19718648,0.18553604,0.61727756
285987326,0.30726334,0.44694373,0.24579293
285993528,0.33620113,0.2540654,0.40973347
286156350,0.14534526,0.6897198,0.16493498
286264130,0.27845436,0.26511705,0.4564287
286302060,0.17162271,0.5691448,0.2592325
286378159,0.33905724,0.38169837,0.2792444
286451810,0.08031312,0.07549443,0.84419245
286562612,0.30332243,0.3984852,0.29819232
286624466,0.32206124,0.36106122,0.31687754
286726927,0.50938934,0.27737805,0.21323264
286741045,0.44800612,0.17987145,0.37212244
286783177,0.32164815,0.21847183,0.45988008
286825863,0.51504433,0.24427816,0.24067745
286848064,0.52918816,0.21178296,0.25902894
286875850,0.18641551,0.59789205,0.21569243
286942981,0.3024361,0.34370145,0.35386238
286984376,0.4476951,0.27883184,0.27347308
287001340,0.34631154,0.35813135,0.29555714
287001931,0.101912685,0.77768457,0.12040271
287242606,0.3819973,0.24203888,0.37596378
287343630,0.4745375,0.26210925,0.26335332
287465160,0.06422479,0.85074854,0.08502664
287467924,0.42522916,0.3144135,0.26035735
287552817,0.2788379,0.33600476,0.38515732
287704272,0.54070926,0.24915871,0.21013202
287789064,0.34362364,0.3752056,0.2811708
287804056,0.1976448,0.20212276,0.6002325
287904864,0.64096093,0.16574547,0.19329363
287914153,0.41256815,0.30617175,0.28126004
287933905,0.21198598,0.2695717,0.51844233
288120722,0.34177554,0.3280628,0.33016166
288319542,0.25217435,0.27693176,0.47089386
288424329,0.07698357,0.064454764,0.85856164
288438335,0.36858544,0.39086556,0.24054897
288444702,0.24612972,0.29185846,0.4620118
288462276,0.25163162,0.35176837,0.3966
288488203,0.13463835,0.71019304,0.15516858
288488905,0.33675012,0.3354736,0.3277762
288496905,0.345337,0.27182376,0.38283926
288663614,0.31946293,0.31576312,0.364774
288782248,0.34123203,0.33605608,0.32271188
288844204,0.22850417,0.48669404,0.28480184
288844676,0.29622108,0.3178421,0.38593683
289124883,0.27366227,0.45748246,0.2688553
289171919,0.21101625,0.19296785,0.59601593
289244098,0.56406254,0.2256602,0.21027727
289252068,0.10864109,0.11319527,0.77816355
289290403,0.18576449,0.18747857,0.62675685
289495857,0.41804308,0.32824293,0.253714
289514891,0.28319708,0.40263152,0.31417137
289736509,0.80224615,0.07386196,0.12389194
289765425,0.38401842,0.31906042,0.2969212
289771997,0.53630114,0.20207502,0.2616239
289821335,0.21845688,0.20912652,0.57241666
289855141,0.19286346,0.55633336,0.25080314
289861908,0.16916715,0.21517032,0.6156626
289967942,0.28888696,0.27654052,0.43457246
289986567,0.41130814,0.26138213,0.32730973
290089605,0.13881251,0.67427665,0.18691081
290247062,0.31216016,0.3593517,0.32848814
290267479,0.30052534,0.36942893,0.33004573
290460507,0.33572048,0.38109615,0.2831833
290687979,0.39355686,0.33572608,0.27071697
290776422,0.38660836,0.25006318,0.36332852
291037764,0.24550423,0.34455386,0.40994188
291113862,0.116986394,0.13385454,0.7491591
291143539,0.19476545,0.41429308,0.39094138
291180460,0.18154152,0.18473881,0.6337197
291274588,0.5176634,0.25386426,0.22847235
291295348,0.45486483,0.22854498,0.31659025
291298352,0.24543439,0.22873878,0.5258268
291305953,0.28880376,0.3570289,0.3541674
291380261,0.5152282,0.19587433,0.28889745
291426455,0.7712566,0.09433309,0.13441034
291485195,0.41612455,0.29498866,0.28888682
291523295,0.30602542,0.36423117,0.3297435
291586211,0.23412855,0.31054002,0.45533147
291736480,0.11103531,0.09769299,0.79127175
291773837,0.12440293,0.12681872,0.74877834
292054726,0.42505658,0.28754988,0.2873935
292323466,0.2504712,0.33836555,0.4111632
292345541,0.10080902,0.7521959,0.14699516
292394576,0.27178934,0.25698638,0.47122425
292549550,0.40365335,0.2936709,0.30267575
292562319,0.35439384,0.312884,0.3327221
292564071,0.1711448,0.16800289,0.6608523
292599318,0.19298646,0.5895679,0.2174456
292602396,0.59241074,0.18222094,0.22536832
292729251,0.36301744,0.3170954,0.3198871
292740726,0.29204997,0.45308825,0.25486174
292848529,0.35030085,0.28871062,0.36098853
293069716,0.26207945,0.5410795,0.1968411
293126462,0.3448138,0.29055136,0.36463484
293288942,0.31573296,0.39012942,0.2941376
293295489,0.3273341,0.35156345,0.32110247
293396762,0.18548685,0.6088845,0.20562863
293398536,0.320244,0.24124639,0.43850955
293524357,0.38158345,0.35320693,0.2652096
293577192,0.20482354,0.16558003,0.6295964
293578416,0.53814965,0.2364688,0.22538154
293631163,0.1843804,0.15151168,0.664108
293638149,0.21303242,0.19778924,0.5891783
293657384,0.22491497,0.5324967,0.24258833
293699778,0.10103963,0.7699232,0.12903717
293710821,0.6132884,0.19721007,0.18950154
293759956,0.20342158,0.53726685,0.25931162
293806217,0.21519084,0.23701172,0.5477975
293947507,0.5239499,0.23525335,0.24079674
294036452,0.5822453,0.19812644,0.2196282
294196556,0.23804282,0.4927132,0.269244
294221526,0.105709255,0.11094303,0.78334767
294302775,0.33069235,0.37116945,0.29813814
294334154,0.29316524,0.29420704,0.41262773
294341871,0.6249218,0.16466111,0.21041703
294403157,0.47571397,0.21069273,0.3135932
294515461,0.36392298,0.34477603,0.29130098
294611003,0.27969217,0.41275808,0.30754974
294656137,0.41368902,0.3130191,0.27329186
294855693,0.7204207,0.11481076,0.16476853
294884757,0.30952427,0.35185733,0.3386184
294935447,0.33934712,0.31684506,0.34380785
294957258,0.3757751,0.32695147,0.29727346
295020214,0.44327298,0.34423402,0.21249299
295139568,0.47913033,0.24729101,0.27357867
295216864,0.37886187,0.30843574,0.31270233
295279884,0.65326357,0.15592334,0.19081303
295411812,0.3402168,0.34423885,0.31554434
295471308,0.4934991,0.24969915,0.25680172
295506725,0.12315889,0.72548,0.15136106
295576677,0.79481643,0.08003451,0.12514906
295604428,0.19277366,0.29363525,0.5135912
295684563,0.34074926,0.3699227,0.28932807
295889027,0.28745273,0.4576031,0.25494418
295919641,0.58923286,0.22208574,0.18868133
295925706,0.29458123,0.3586466,0.34677207
295972262,0.2612456,0.40372175,0.33503264
295985693,0.25282326,0.4647483,0.28242847
296015498,0.49675244,0.2715038,0.23174372
296021304,0.4215615,0.33165732,0.24678113
296108734,0.0859724,0.8004719,0.11355567
296137745,0.512815,0.14524977,0.34193528
296227084,0.37659863,0.33214104,0.29126033
296262025,0.31316656,0.34046772,0.3463657
296473153,0.3892364,0.34471187,0.26605174
296500055,0.16313525,0.6346794,0.20218539
296517686,0.14681672,0.5171606,0.33602265
296550192,0.53226686,0.15617958,0.3115535
296595474,0.1731454,0.42252046,0.40433422
296610526,0.4977011,0.27113798,0.23116088
296763792,0.3588903,0.35292536,0.28818426
296765651,0.5226105,0.24003087,0.23735857
296800616,0.39201,0.30513242,0.3028576
296819776,0.41584417,0.31160563,0.2725502
296928031,0.26205218,0.36032936,0.37761837
297131293,0.39903116,0.3477903,0.2531785
297163843,0.39733186,0.19736496,0.40530318
297592749,0.39581057,0.35985124,0.24433824
297629703,0.39201,0.30513242,0.3028576
297644918,0.24759823,0.16651854,0.58588326
297649366,0.27068165,0.42063773,0.3086807
297863226,0.37630874,0.31354064,0.31015062
298040467,0.3285539,0.25744888,0.41399717
298187036,0.19463298,0.60859,0.19677703
298238551,0.24394079,0.34807402,0.40798515
298331081,0.25175804,0.4563703,0.2918717
298559192,0.14049932,0.13851559,0.72098505
298564875,0.49277672,0.23528007,0.2719432
298622540,0.73527265,0.11522873,0.14949863
298875041,0.35659277,0.28998327,0.35342392
299087043,0.49261495,0.24871576,0.25866932
299126114,0.44592398,0.24391747,0.31015846
299325743,0.40350255,0.30094218,0.29555532
299353890,0.11317118,0.7390025,0.14782637
299387821,0.59332573,0.20994021,0.19673407
299389287,0.21403652,0.4825795,0.30338392
299517420,0.15663226,0.66551125,0.17785655
299665228,0.3491721,0.3729103,0.27791756
299679430,0.19670646,0.19375138,0.60954225
299683154,0.44697917,0.3086953,0.24432555
299819930,0.11023058,0.7675099,0.12225959
300112413,0.16289671,0.6102483,0.22685498
300170897,0.21241495,0.54310536,0.24447961
300238212,0.4210891,0.33148897,0.24742195
300389469,0.33207598,0.34671018,0.32121387
300411034,0.38383788,0.34364852,0.2725136
300446022,0.36026794,0.246357,0.39337504
300576576,0.30614522,0.331706,0.3621488
300865981,0.34935966,0.1771566,0.47348368
300904336,0.39667994,0.3395887,0.26373136
300910446,0.26549992,0.39097062,0.3435294
301011134,0.23054881,0.5211512,0.2483
301130093,0.15325043,0.6299894,0.21676017
301185565,0.22607556,0.2830187,0.49090573
301196992,0.38161245,0.38281402,0.2355736
301240043,0.47682953,0.2992985,0.22387195
301329900,0.24616142,0.31576085,0.4380778
301346955,0.21967171,0.5326643,0.24766408
301353898,0.28128308,0.3040049,0.414712
301401614,0.20508163,0.48658362,0.3083347
301484288,0.4584502,0.24905956,0.29249024
301484730,0.39700073,0.36823353,0.23476571
301504635,0.15114678,0.69322765,0.15562552
301557957,0.36446902,0.34461457,0.29091647
301605001,0.35544503,0.30025715,0.34429783
301673536,0.32949868,0.3550388,0.31546253
301809313,0.54272455,0.22413895,0.23313653
302355890,0.2095084,0.2037032,0.5867885
302437918,0.65377617,0.14787123,0.19835263
302455002,0.2717099,0.4172938,0.31099638
302511262,0.26746562,0.2683704,0.46416402
302567104,0.11317783,0.13716319,0.749659
302580488,0.3408502,0.3545149,0.3046349
302584116,0.49091348,0.23278561,0.27630088
302598400,0.40494826,0.33002785,0.26502386
302692969,0.30002895,0.44302428,0.25694677
302739688,0.6063147,0.17707942,0.21660584
302757805,0.31213537,0.33135572,0.356509
302993412,0.37058315,0.33879516,0.29062173
303013041,0.34184673,0.34524935,0.3129039
303013582,0.32581207,0.15994836,0.5142396
303068913,0.16478129,0.17470098,0.6605177
303131886,0.3519759,0.24944142,0.39858273
303148701,0.5203139,0.21625474,0.2634314
303209495,0.33454502,0.38550907,0.27994585
303331602,0.5271549,0.29582834,0.1770167
303392162,0.40356827,0.3522642,0.24416752
303629823,0.4949745,0.25530523,0.24972023
303639705,0.22394043,0.22145157,0.55460805
303677512,0.30647603,0.37914386,0.31438008
303687948,0.3352662,0.34239814,0.32233563
303925920,0.38858855,0.31854814,0.29286325
303986461,0.3777234,0.37244415,0.2498324
303990149,0.3870286,0.34659666,0.26637474
304022898,0.15763548,0.68241864,0.15994585
304129942,0.28615293,0.4357417,0.27810544
304302523,0.27860552,0.37642267,0.34497184
304305596,0.28369564,0.4181281,0.2981762
304359790,0.10626743,0.12286751,0.770865
304447045,0.42056552,0.26598424,0.31345034
304466823,0.39903355,0.30639073,0.29457572
304541216,0.25479996,0.47099027,0.27420983
304601055,0.25082213,0.448719,0.3004588
304652999,0.33924553,0.2787399,0.38201454
304671071,0.36051598,0.37021694,0.26926705
304745774,0.09761093,0.7832594,0.1191297
304808001,0.54207635,0.18620089,0.2717227
304817133,0.26575214,0.4635199,0.27072793
304827096,0.11563252,0.74060106,0.14376643
304836805,0.2962907,0.31614077,0.38756853
304901128,0.10309862,0.7618897,0.13501173
304945427,0.30124703,0.38332164,0.3154313
305020454,0.45737165,0.28724897,0.25537932
305100096,0.38090312,0.3703892,0.24870774
305116860,0.4142675,0.28016734,0.30556518
305117323,0.2630558,0.47874805,0.25819623
305183840,0.22624955,0.2819708,0.4917797
305269649,0.34991157,0.2896411,0.36044735
305480516,0.21253118,0.20783645,0.5796323
305511785,0.2761367,0.45426843,0.26959494
305704866,0.21565838,0.5656303,0.21871123
305719146,0.26295903,0.4052102,0.33183077
305803618,0.21024984,0.50699615,0.28275397
306162717,0.42697704,0.33658803,0.23643494
306165233,0.16014495,0.15124023,0.68861485
306288705,0.6653193,0.13162497,0.20305574
306320787,0.08596629,0.8019495,0.11208426
306430643,0.43628442,0.3186398,0.2450758
306445172,0.18949367,0.19726218,0.6132441
306541398,0.25957188,0.43863222,0.30179587
306598982,0.44219676,0.30088714,0.25691602
306604003,0.20714568,0.543241,0.24961337
306670276,0.23055315,0.54510254,0.22434427
306865727,0.1386983,0.11567626,0.74562544
306889533,0.20230037,0.56210566,0.23559399
306937146,0.11108639,0.7482733,0.14064023
307112608,0.23917595,0.24229196,0.5185321
307122703,0.29619613,0.40910748,0.2946964
307124313,0.4271711,0.31130552,0.2615233
307169703,0.33124116,0.3262653,0.3424934
307200846,0.44019204,0.29677564,0.26303235
307364982,0.15034807,0.11319222,0.73645973
307424150,0.114605606,0.7304172,0.15497722
307473170,0.4235728,0.31819218,0.258235
307565603,0.74135315,0.115246974,0.14339986
307571036,0.17965604,0.6024603,0.21788363
307590450,0.34963125,0.34187084,0.30849794
307614279,0.36976376,0.33273786,0.29749832
307710444,0.7182264,0.09405262,0.18772112
307821951,0.55769986,0.21721487,0.2250853
307845036,0.47032788,0.26803815,0.26163393
307851657,0.63207406,0.15421595,0.21371001
307973060,0.35606876,0.36855665,0.27537462
308056608,0.45211726,0.296725,0.2511577
308152272,0.13647138,0.13888617,0.7246425
308181755,0.41459337,0.3299059,0.2555007
308301547,0.32415843,0.32170424,0.35413736
308320558,0.42997232,0.30651686,0.2635108
308429338,0.37337473,0.31038997,0.31623524
308572487,0.31423885,0.3905893,0.29517186
308693576,0.2522375,0.25454706,0.49321544
308739814,0.5052908,0.2394752,0.25523394
308770666,0.2984453,0.34048566,0.36106902
308799449,0.69046485,0.1231183,0.18641688
308870429,0.12653881,0.10143275,0.77202845
308957536,0.27285057,0.48911563,0.23803383
309115138,0.58633333,0.17321447,0.24045224
309326206,0.3163179,0.38455057,0.2991315
309491759,0.23205848,0.2521281,0.5158134
309536794,0.3282122,0.30922505,0.36256275
309679328,0.1403148,0.12374805,0.7359371
309750077,0.20080474,0.54309446,0.25610077
309766103,0.17002256,0.5719475,0.2580299
309819211,0.14515728,0.15574509,0.69909763
309991256,0.35383117,0.39584088,0.25032797
310061424,0.41360134,0.29361305,0.29278553
310070849,0.3490255,0.37379307,0.27718142
310084277,0.14851561,0.17738062,0.6741038
310116056,0.2580461,0.39562184,0.34633207
310224214,0.3396907,0.4062684,0.25404093
310365700,0.32151523,0.39036885,0.2881159
310402612,0.3013278,0.40923616,0.28943607
310459236,0.7698789,0.08968981,0.14043123
310490069,0.30067268,0.345415,0.35391232
310526207,0.26429442,0.43543625,0.30026942
310617538,0.21465345,0.53538775,0.24995887
310626464,0.28677383,0.28296188,0.43026438
310712023,0.5930038,0.1738391,0.23315708
310729552,0.39788127,0.31191963,0.29019913
310770509,0.36089972,0.31602418,0.32307604
310785005,0.3084428,0.45471442,0.23684286
311014708,0.38602784,0.35874808,0.2552241
311078703,0.41641244,0.21390916,0.3696784
311391861,0.12493741,0.11094787,0.7641146
311526977,0.3340966,0.40572843,0.26017502
311574180,0.14616363,0.69840974,0.1554266
311682818,0.21515206,0.543186,0.24166204
312168435,0.22989579,0.55717987,0.21292429
312172859,0.6053404,0.20485647,0.18980302
312274238,0.5957951,0.20895861,0.1952463
312349382,0.36042908,0.37262088,0.26695004
312449263,0.3039263,0.32039586,0.37567782
312454782,0.51959354,0.16254954,0.31785688
312455973,0.33429143,0.40034664,0.26536196
312509648,0.17863733,0.6289408,0.19242188
312527284,0.3005008,0.31928873,0.38021043
312559048,0.30628878,0.40733135,0.2863799
312644255,0.39371374,0.31583592,0.2904504
312681288,0.6368174,0.16607478,0.19710782
312870461,0.473832,0.28708616,0.23908181
312879673,0.39203316,0.25287846,0.35508838
312924098,0.1372429,0.11400265,0.7487545
312928924,0.21130055,0.5337669,0.2549326
312944185,0.42250046,0.29551128,0.28198823
312954335,0.44969413,0.29450446,0.25580138
313059996,0.31400108,0.2900241,0.39597479
313079262,0.21987258,0.2739187,0.5062088
313104957,0.19269072,0.62829906,0.17901021
313306326,0.24393013,0.45333877,0.3027311
313571130,0.21012549,0.29462323,0.49525124
313628044,0.42360353,0.26142263,0.31497383
313754011,0.35458803,0.26784983,0.3775622
313931225,0.24851143,0.24950163,0.5019869
314033886,0.30400527,0.32576492,0.3702298
314109883,0.3707169,0.35095316,0.27832997
314171585,0.30853304,0.38596848,0.30549848
314258551,0.6614034,0.1417283,0.19686832
314266683,0.54903567,0.21199824,0.23896606
314281109,0.25749674,0.28415263,0.45835066
314325129,0.27809647,0.16862406,0.5532794
314378862,0.39481774,0.30216113,0.30302113
314485294,0.31350332,0.3048574,0.3816393
314535379,0.691446,0.13398296,0.17457107
314752074,0.39982137,0.26152426,0.33865437
314887546,0.3971985,0.33811873,0.2646828
314894090,0.14762485,0.6664244,0.18595073
315088059,0.17029706,0.6284899,0.20121308
315105010,0.3303792,0.3912334,0.2783874
315269546,0.46466178,0.2874714,0.24786673
315594468,0.28123373,0.36560476,0.35316157
315601934,0.1688164,0.6318462,0.19933744
315782301,0.4053753,0.26026517,0.33435956
315848407,0.24038474,0.2652386,0.49437666
315968261,0.37566102,0.34628078,0.27805823
315999228,0.5502599,0.25371942,0.19602065
316009756,0.41424954,0.3179457,0.26780474
316167168,0.368198,0.33854583,0.29325622
316167977,0.33267927,0.3979997,0.26932105
316248459,0.3499189,0.35117766,0.29890347
316321144,0.7634833,0.10457839,0.13193831
316358352,0.3506083,0.33114073,0.31825098
316476665,0.6493662,0.17476904,0.1758648
316490766,0.37268788,0.3417355,0.2855766
316572634,0.40419456,0.30296496,0.29284045
316588002,0.2113313,0.1783529,0.61031586
316608986,0.3480442,0.33504373,0.31691214
316706868,0.1312177,0.1359182,0.732864
316711818,0.29351565,0.38235742,0.32412702
316767334,0.123584196,0.7427011,0.13371465
316838673,0.34000087,0.28056294,0.37943622
316967433,0.40889493,0.3125375,0.27856755
317119670,0.37122563,0.35561126,0.27316308
317122819,0.3458005,0.32107696,0.33312252
317246777,0.31880438,0.3853436,0.29585204
317262006,0.11256482,0.7597906,0.12764458
317275544,0.2822325,0.34692907,0.3708384
317282501,0.68838143,0.15799706,0.1536215
317334063,0.28677678,0.28329587,0.42992732
317481198,0.19721974,0.17418332,0.6285969
317486062,0.13784637,0.16349196,0.6986617
317544481,0.20298374,0.24762459,0.54939175
317589937,0.2366981,0.52721095,0.23609096
317669005,0.45965797,0.29073727,0.24960476
317895928,0.11378459,0.11421104,0.77200437
317896017,0.33107916,0.3174687,0.35145214
317928438,0.42476422,0.36588925,0.20934653
317978052,0.1498134,0.6941103,0.15607627
318052276,0.39373198,0.29667342,0.3095945
318101267,0.278285,0.34788918,0.37382582
318160729,0.30989093,0.3742702,0.3158389
318161630,0.3123808,0.32534257,0.36227658
318255199,0.11110446,0.103019044,0.7858765
318266086,0.19047622,0.5864279,0.22309586
318308749,0.5048189,0.24712065,0.2480605
318524430,0.4128325,0.28330156,0.30386588
318654582,0.39402774,0.315941,0.29003122
318749846,0.35044506,0.38787037,0.26168463
319172157,0.39758912,0.3381512,0.26425967
319174472,0.27775776,0.4334252,0.28881705
319183076,0.41000834,0.3349939,0.2549978
319254933,0.11534547,0.12172198,0.76293254
319262709,0.19402194,0.5469282,0.2590498
319437416,0.6945031,0.12692043,0.17857645
319444556,0.19007543,0.5637112,0.24621336
319500633,0.2907838,0.22384103,0.48537517
319542798,0.4149051,0.35566014,0.22943482
319594291,0.3353861,0.23721366,0.4274003
319866403,0.33798024,0.31414232,0.3478774
319934998,0.28650853,0.3962706,0.31722093
319976796,0.51634324,0.24264392,0.24101287
319986265,0.38828778,0.27740106,0.33431116
319997892,0.30165938,0.3543607,0.3439799
320013941,0.3521706,0.4155248,0.2323046
320068988,0.6483363,0.16992147,0.18174218
320070813,0.14023755,0.696739,0.16302343
320073296,0.3373051,0.35375988,0.30893496
320081293,0.28153923,0.4210618,0.29739895
320138985,0.25597882,0.4620113,0.28200987
320181619,0.13263412,0.7327875,0.13457847
320307655,0.34923473,0.28450215,0.36626312
320328729,0.5128677,0.19403507,0.29309726
320402549,0.25665918,0.4644576,0.2788832
320474637,0.2922248,0.4144005,0.2933747
320561130,0.2973726,0.3119008,0.39072666
320561139,0.18414181,0.54112613,0.27473196
320566483,0.34584418,0.28225854,0.37189728
320604211,0.20651202,0.21405078,0.57943726
320644669,0.4181434,0.30850735,0.2733493
320699178,0.50593,0.22287782,0.27119228
320733644,0.10819435,0.7766949,0.11511069
320742609,0.22297077,0.4206097,0.35641947
320780156,0.32183683,0.3312235,0.34693974
320944123,0.49204728,0.23023905,0.27771372
320985324,0.72998196,0.13419129,0.13582678
321009948,0.5520301,0.22200198,0.22596794
321221901,0.2299695,0.23762195,0.5324085
321363040,0.2250388,0.43648148,0.3384797
321469753,0.22992949,0.50748867,0.2625818
321490617,0.214764,0.5151903,0.2700457
321533325,0.26687288,0.4187941,0.31433305
321537150,0.1570109,0.5511217,0.2918674
321553388,0.22221051,0.53230476,0.24548477
321564028,0.303022,0.3174686,0.3795094
321742052,0.43083018,0.3224361,0.24673375
321783138,0.3008295,0.3335583,0.3656122
321806190,0.26509094,0.4075772,0.32733184
321838470,0.2165266,0.24148412,0.5419893
321895316,0.38180992,0.36574024,0.25244987
321912645,0.39462087,0.313171,0.29220816
322026138,0.36536244,0.30083004,0.33380756
322063355,0.35694572,0.35101694,0.29203734
322103696,0.40345192,0.37448063,0.2220674
322152671,0.26884356,0.26482692,0.4663295
322295042,0.3422934,0.4128187,0.24488795
322449217,0.09086879,0.8071304,0.10200076
322561474,0.2982386,0.36668792,0.33507353
322712026,0.33467618,0.32659698,0.33872685
322812778,0.62599236,0.16760302,0.20640457
322824750,0.09518601,0.79928255,0.10553144
322901872,0.3733828,0.34109,0.28552714
323035614,0.28284013,0.3150241,0.4021357
323173308,0.462264,0.3074464,0.2302896
323251016,0.2313642,0.22013219,0.54850364
323305235,0.18232049,0.13010056,0.687579
323464573,0.47334898,0.2715647,0.25508636
323539395,0.29485795,0.15812087,0.54702115
323672856,0.35885522,0.33488464,0.30626023
323724591,0.13922673,0.71316046,0.14761284
323731418,0.14210054,0.65510136,0.2027981
323732469,0.083932154,0.7932851,0.12278276
323852500,0.4886419,0.1841295,0.32722864
324075342,0.46749398,0.26211482,0.27039123
324193760,0.39465755,0.34394586,0.26139656
324286617,0.29140738,0.26590222,0.4426904
324487575,0.35565317,0.3398768,0.30446994
324517067,0.25453255,0.39454985,0.35091767
324693557,0.17705522,0.14227928,0.6806655
324713884,0.5195518,0.20900542,0.27144283
324756178,0.78574353,0.09283234,0.12142416
324758970,0.3897633,0.32778922,0.28244752
324854209,0.39973935,0.28150722,0.3187534
324924419,0.36167216,0.36674184,0.27158603
324954788,0.33724222,0.31593987,0.3468179
325131642,0.49304944,0.25498617,0.2519644
325160955,0.5125115,0.21116422,0.27632424
325293683,0.17011768,0.30110094,0.5287813
325300038,0.17746134,0.2005678,0.62197083
325311453,0.18341447,0.20691586,0.60966974
325363421,0.72366166,0.11309718,0.16324113
325398368,0.5256429,0.21883471,0.25552246
325506954,0.65005535,0.14191003,0.20803466
325633748,0.14303365,0.69500023,0.16196615
325633979,0.26232353,0.30683067,0.4308458
325700165,0.28172594,0.45183522,0.26643878
325714384,0.34871113,0.29536423,0.3559247
325851772,0.25673392,0.4082337,0.33503234
326028243,0.40695083,0.31365976,0.27938944
326037335,0.18770365,0.5793896,0.23290677
326127314,0.22841488,0.41301605,0.3585691
326138907,0.19792713,0.5603259,0.24174692
326267994,0.30495492,0.41430292,0.28074214
326297665,0.4024486,0.3038031,0.29374832
326326801,0.43564358,0.3100077,0.25434878
326342559,0.31189528,0.33470798,0.35339674
326366642,0.36155635,0.29661855,0.34182513
326373741,0.41089818,0.3394395,0.24966227
326437745,0.37457478,0.3301828,0.2952424
326703211,0.5078352,0.27565295,0.21651185
326902266,0.5175199,0.26424634,0.21823376
327012971,0.3873368,0.29049745,0.32216573
327024767,0.1481093,0.15882602,0.69306475
327084401,0.34726107,0.32909235,0.32364655
327129433,0.36093554,0.35909417,0.27997035
327289114,0.25251815,0.3234492,0.4240327
327541338,0.35402223,0.3057934,0.3401843
327571598,0.39562237,0.30203402,0.30234364
327573777,0.21732804,0.24976654,0.5329054
327697847,0.3770299,0.300457,0.32251313
327868680,0.49959037,0.2836127,0.21679683
327887834,0.4118319,0.3179374,0.2702307
327929338,0.29021084,0.29024243,0.4195466
327949018,0.3039079,0.3738782,0.3222139
328008876,0.12675749,0.74170357,0.1315389
328032481,0.44658685,0.32967654,0.22373657
328148579,0.43784288,0.28911203,0.2730451
328219163,0.21251708,0.28370598,0.50377697
328251505,0.2641663,0.21278916,0.5230446
328263169,0.36758804,0.20332222,0.4290898
328331067,0.2819015,0.22496806,0.49313042
328509359,0.15604581,0.65795016,0.18600409
328634005,0.15610209,0.22268043,0.6212175
328661517,0.47398397,0.22740735,0.29860872
328699265,0.39114913,0.29065585,0.31819496
328745893,0.4225815,0.32016087,0.2572576
328798858,0.091867186,0.8007127,0.107420094
328873476,0.29752788,0.4477102,0.25476193
328967204,0.25618634,0.2855273,0.45828635
329057094,0.25390607,0.3299641,0.41612983
329093558,0.81128246,0.06472625,0.123991325
329158905,0.054706097,0.05436065,0.8909333
329165161,0.47892615,0.26636738,0.25470638
329180371,0.56921583,0.19759187,0.23319234
329284329,0.3272243,0.2937159,0.37905982
329396409,0.38423395,0.30045095,0.31531516
329420467,0.2676338,0.28390488,0.44846132
329431291,0.26898444,0.37138414,0.35963154
329563108,0.42352837,0.22189403,0.35457763
329620322,0.2793193,0.42747578,0.29320493
329622665,0.12847556,0.10308647,0.768438
329627594,0.51466936,0.23607884,0.24925171
329646548,0.30915993,0.36867267,0.32216752
329652204,0.42855108,0.2930601,0.2783888
329682565,0.087404855,0.8074994,0.10509579
329694906,0.30371407,0.30762658,0.38865936
329727074,0.10429447,0.7891442,0.10656132
329737875,0.25483355,0.27413678,0.47102973
329855625,0.60723627,0.18945567,0.20330803
329884509,0.17775582,0.6161255,0.20611872
329887482,0.46571502,0.2508687,0.28341627
329888255,0.3608785,0.32015568,0.3189658
329988556,0.66599625,0.15092103,0.18308268
329990393,0.61009437,0.20397341,0.18593216
330094036,0.3624213,0.37494576,0.26263297
330151603,0.19083172,0.21623865,0.5929297
330172765,0.483814,0.22394527,0.29224077
330250536,0.58955437,0.17655244,0.23389316
330276692,0.62822497,0.18065836,0.1911167
330344356,0.33559787,0.32811028,0.33629182
330388090,0.30572537,0.37148327,0.3227913
330432664,0.5157641,0.2526487,0.23158728
330464106,0.27676964,0.221386,0.50184435
330507412,0.4174609,0.3205509,0.2619882
330558661,0.36761543,0.3234464,0.30893815
330596493,0.3792385,0.26462805,0.35613346
330633013,0.43661633,0.32297248,0.2404112
330654455,0.24314211,0.44735166,0.30950624
330740707,0.5565446,0.24197094,0.20148437
330785156,0.32702595,0.40872785,0.2642462
330851562,0.20456131,0.21052052,0.5849182
330926758,0.26654902,0.39668173,0.33676922
331045260,0.24536651,0.37329492,0.38133857
331078913,0.18898824,0.15551774,0.6554941
331128328,0.3575668,0.3698476,0.27258557
331162925,0.2195895,0.43846157,0.34194896
331250412,0.43726027,0.32124174,0.24149805
331435710,0.39432862,0.3324591,0.27321234
331452075,0.16147375,0.66190165,0.17662461
331535074,0.519407,0.2878093,0.19278368
331557541,0.41286477,0.30416527,0.28296995
331662385,0.652867,0.15920031,0.18793271
331718460,0.40281126,0.27273318,0.32445553
332035935,0.2819687,0.36864647,0.34938484
332122217,0.14117077,0.6542691,0.2045601
332241361,0.39755154,0.23752575,0.3649227
332244496,0.6704635,0.15380132,0.1757352
332296539,0.31638476,0.38891208,0.29470316
332406430,0.7144535,0.14745091,0.13809562
332430450,0.1418209,0.14110643,0.7170727
332554661,0.41946098,0.3306736,0.24986541
332592208,0.24756749,0.5154158,0.2370168
332685432,0.2784151,0.42506558,0.2965193
332742037,0.25874186,0.3600017,0.3812565
332809116,0.481376,0.24771637,0.27090773
332835366,0.34728166,0.3863447,0.2663736
332926695,0.18526223,0.5967637,0.21797413
332960904,0.2764195,0.38933823,0.3342423
333001312,0.13657254,0.71255183,0.15087557
333220166,0.4398988,0.28162992,0.27847126
333239863,0.30104834,0.32500193,0.3739497
333273642,0.51946276,0.19504482,0.2854925
333317621,0.25262365,0.30078062,0.4465957
333333295,0.3719293,0.32947788,0.29859275
333415295,0.23764297,0.23424849,0.5281085
333427014,0.25747177,0.2734126,0.4691156
333448781,0.35275888,0.31496412,0.33227694
333634980,0.2543141,0.39907566,0.34661028
333656406,0.25949475,0.33758715,0.402918
333664970,0.1079545,0.09781345,0.794232
333700349,0.33485046,0.2838297,0.38131985
333777110,0.45949656,0.29250717,0.24799627
333818557,0.3149514,0.32415122,0.3608974
334055242,0.47005942,0.21933776,0.31060278
334090719,0.6589881,0.16059372,0.18041825
334120183,0.42894876,0.22829026,0.34276092
334244665,0.44728518,0.28794536,0.2647695
334407838,0.31080505,0.37115738,0.31803763
334419140,0.5406448,0.23796825,0.22138697
334556280,0.48169166,0.27921537,0.23909304
334630486,0.28372353,0.22027637,0.49600005
334641209,0.08494357,0.8089883,0.10606817
334744990,0.35871613,0.34157187,0.299712
334805122,0.3524406,0.2817762,0.36578318
335002360,0.1070013,0.7652557,0.12774305
335005692,0.3959046,0.36972523,0.23437014
335073730,0.29356146,0.3152472,0.3911913
335127201,0.43897882,0.2887802,0.2722409
335210149,0.22945787,0.5034544,0.26708776
335331981,0.32875797,0.35267064,0.31857145
335384967,0.21644202,0.2645129,0.5190451
335432347,0.5250388,0.26324362,0.21171765
335477427,0.27380058,0.4221631,0.3040363
335511924,0.24042296,0.2764066,0.48317045
335548859,0.112451814,0.10303423,0.7845139
335874334,0.44542065,0.26180348,0.2927759
335916495,0.25694332,0.4466656,0.29639104
335995422,0.27926826,0.39534417,0.32538757
336023457,0.33333263,0.34826538,0.318402
336159447,0.16053012,0.57376045,0.2657094
336180284,0.093853466,0.78068256,0.12546395
336306849,0.31454152,0.31800124,0.3674572
336367743,0.35656464,0.3374174,0.30601802
336390019,0.3438795,0.35655925,0.29956126
336446875,0.5997173,0.19688354,0.20339906
336543504,0.29946178,0.36288607,0.3376522
336659064,0.097287685,0.10571404,0.7969983
336668835,0.35659188,0.29702625,0.34638187
336791039,0.22885282,0.3813898,0.3897573
336838776,0.4416335,0.3291895,0.22917703
336892314,0.1534833,0.186671,0.6598457
336997219,0.25284398,0.20293836,0.54421765
337024628,0.37677687,0.31719112,0.306032
337072498,0.35129356,0.36630234,0.28240407
337076417,0.3502713,0.3067717,0.34295696
337080153,0.38114196,0.33169246,0.28716564
337125018,0.1873784,0.14413847,0.6684831
337143280,0.5179729,0.2603599,0.22166716
337226421,0.20031023,0.53140146,0.2682883
337372954,0.2660911,0.42591462,0.3079943
337388116,0.61689407,0.18428297,0.19882302
337449862,0.37232563,0.30817625,0.3194981
337495886,0.4917131,0.26654908,0.24173775
337660246,0.40797678,0.2892881,0.30273515
337768591,0.25560996,0.261764,0.48262614
337820504,0.33260974,0.34318796,0.32420227
337971804,0.45081922,0.2922223,0.2569584
338005295,0.33959073,0.32055545,0.33985388
338116256,0.35704568,0.36320785,0.2797465
338133731,0.29665977,0.37259048,0.33074978
338183585,0.3166752,0.35888654,0.32443827
338236601,0.17857245,0.6207969,0.20063055
338510133,0.3493418,0.33505312,0.31560504
338574663,0.36207852,0.2985867,0.3393348
338861224,0.06780161,0.06638215,0.8658162
338885217,0.38253856,0.37015373,0.2473077
338888055,0.10783683,0.10288586,0.7892773
338941468,0.13161679,0.7164795,0.15190373
338947376,0.5030292,0.2467845,0.25018626
338957473,0.2837825,0.2633792,0.4528382
339122298,0.23698361,0.4820459,0.28097045
339170439,0.06277461,0.84249145,0.09473394
339186495,0.41919175,0.33884034,0.24196789
339287563,0.17850323,0.5000149,0.32148182
339648268,0.25493732,0.20636074,0.53870195
339670173,0.21409395,0.4723881,0.31351796
339684557,0.7089655,0.10094888,0.19008571
339827937,0.30107504,0.20987764,0.48904738
339829617,0.6224652,0.19926482,0.17826998
339853064,0.37834913,0.32414988,0.29750097
340015586,0.30838332,0.4276507,0.26396596
340023772,0.107844085,0.7734821,0.11867387
340303485,0.14211921,0.1325984,0.72528243
340305985,0.25459892,0.20331281,0.54208827
340346684,0.20521998,0.18792179,0.60685825
340358999,0.38494107,0.33241275,0.28264618
340368639,0.292918,0.31951445,0.3875676
340586836,0.5070232,0.26680768,0.22616915
340617189,0.17202935,0.61444145,0.21352918
340696314,0.22740686,0.43114632,0.3414468
340829680,0.38406074,0.33979562,0.27614364
340836144,0.37323752,0.3203812,0.3063813
340875526,0.35359368,0.35408667,0.29231957
341103525,0.3465345,0.38432738,0.26913816
341144678,0.36198497,0.3307725,0.3072425
341219571,0.7390366,0.117757626,0.14320578
341256578,0.57076216,0.21275106,0.21648683
341355488,0.3470645,0.40948707,0.24344847
341375141,0.35322145,0.23278575,0.41399285
341407913,0.36718544,0.33147937,0.30133513
341417088,0.64275706,0.15979789,0.19744503
341420934,0.6520103,0.1286107,0.21937907
341658704,0.21838677,0.4947294,0.2868838
341665382,0.34967053,0.32894808,0.32138136
341709951,0.3339225,0.37734285,0.28873464
341763586,0.3252759,0.35577324,0.31895083
341777279,0.16196734,0.15059003,0.68744254
341877255,0.31651163,0.35429198,0.3291963
341999807,0.28726518,0.39834946,0.31438532
342156983,0.6837215,0.15702018,0.15925844
342169845,0.34318244,0.29417726,0.36264035
342190546,0.52431345,0.26591372,0.20977284
342330743,0.40327495,0.3337511,0.26297385
342372962,0.34548223,0.36381227,0.2907055
342463300,0.1323887,0.13387874,0.7337326
342526287,0.22661512,0.52345157,0.24993336
342597137,0.38849577,0.29465872,0.31684557
342825226,0.29399735,0.31789133,0.3881113
343153917,0.2285289,0.47234046,0.29913065
343363000,0.12752743,0.72338885,0.14908372
343439286,0.34287024,0.36080468,0.29632512
343444830,0.36405256,0.22020909,0.41573834
343461679,0.17864634,0.17490612,0.6464475
343485780,0.28219154,0.4787685,0.23903996
343510615,0.3156499,0.3485165,0.33583355
343522003,0.37521863,0.32055673,0.30422473
343586383,0.26238626,0.42822433,0.30938938
343618878,0.28482768,0.30050793,0.41466442
343844923,0.29453802,0.2631616,0.44230035
344059040,0.19973177,0.24729711,0.5529711
344070752,0.77099293,0.09852873,0.13047831
344146814,0.13060504,0.14249003,0.7269049
344152535,0.3472169,0.36361253,0.28917065
344291720,0.12794277,0.7333528,0.13870446
344333142,0.39217368,0.2839373,0.32388905
344402347,0.3862145,0.28489262,0.32889286
344513876,0.39380652,0.32999912,0.27619442
344570235,0.4775889,0.2427165,0.27969453
344571625,0.063061856,0.8510064,0.08593173
344629724,0.3981912,0.34042275,0.2613861
344759482,0.34302363,0.32525197,0.33172438
344861860,0.31868643,0.39204386,0.28926972
344968829,0.32484323,0.44122738,0.23392944
345010082,0.31275988,0.3209178,0.3663223
345180028,0.076506235,0.81882656,0.10466716
345233867,0.40583572,0.23609474,0.35806954
345241564,0.20227171,0.6091615,0.18856674
345289242,0.3145287,0.4320391,0.2534322
345489079,0.11615197,0.11454452,0.76930344
345493321,0.31416604,0.351294,0.33453995
345495054,0.3797961,0.35430774,0.2658961
345549365,0.21374637,0.57063764,0.21561599
345596138,0.18211323,0.54248685,0.27539995
345627222,0.50412565,0.2705158,0.22535849
345711378,0.392933,0.33512488,0.27194214
345736261,0.35699198,0.34247577,0.30053228
345865722,0.3397975,0.34751526,0.3126873
345885367,0.25614658,0.2819079,0.46194544
345975385,0.39246196,0.31005204,0.29748604
345994852,0.23102675,0.49066114,0.27831203
346002103,0.5086809,0.23407592,0.25724316
346026366,0.3985297,0.33437857,0.26709175
346092670,0.6668278,0.1422109,0.19096126
346104613,0.1501454,0.6504354,0.19941922
346159496,0.48550642,0.2585077,0.2559859
346169330,0.58114797,0.19067997,0.22817203
346233090,0.32553422,0.27144322,0.4030226
346334697,0.142448,0.14250843,0.7150436
346453932,0.7929108,0.07613134,0.13095783
346606974,0.33736938,0.29241946,0.37021118
346721585,0.1965271,0.3132404,0.4902324
346750164,0.30458552,0.34659538,0.34881905
346789860,0.54901004,0.23309094,0.21789896
346840273,0.28076488,0.36813354,0.3511017
347062248,0.32000768,0.34812158,0.33187065
347116683,0.10656953,0.09728538,0.79614514
347145782,0.6437623,0.17137913,0.1848586
347214205,0.30659392,0.30472514,0.388681
347234259,0.14020441,0.14600088,0.71379477
347299209,0.3902235,0.36483592,0.24494053
347390127,0.21650912,0.55815935,0.22533149
347488699,0.37646702,0.3446352,0.27889788
347502800,0.3684405,0.25203216,0.37952736
347525559,0.31519064,0.35425338,0.33055595
347555916,0.39374384,0.3534927,0.25276342
347596921,0.1328923,0.6909627,0.17614506
347660984,0.30753005,0.27567184,0.41679808
347668570,0.34875318,0.37988836,0.2713585
347701039,0.34525332,0.31924495,0.3355017
347894670,0.2764386,0.36274317,0.36081824
347911165,0.48660383,0.27964935,0.23374687
348159690,0.12895887,0.7240671,0.14697413
348241059,0.4279425,0.27126917,0.30078828
348289876,0.18965231,0.1774818,0.63286585
348389630,0.31158692,0.3390056,0.3494075
348469589,0.37456924,0.40194467,0.22348602
348536552,0.49468273,0.27526468,0.23005252
348668015,0.25690177,0.47378063,0.26931766
348718562,0.3288152,0.3651538,0.30603105
348757557,0.08719473,0.07581262,0.8369926
348766230,0.7273418,0.13188478,0.14077346
348832672,0.37466994,0.3708141,0.254516
348848855,0.16921298,0.6008045,0.22998251
348969514,0.28603816,0.27571714,0.43824467
348981347,0.17294689,0.16109136,0.66596174
349067866,0.47399643,0.26535752,0.26064605
349176498,0.6050438,0.18793269,0.20702352
349214622,0.5091135,0.26252615,0.22836035
349238058,0.22945818,0.31427246,0.4562694
349293236,0.32526514,0.35827145,0.31646338
349334042,0.2761755,0.27993536,0.44388914
349390192,0.49894863,0.2178769,0.28317448
349512602,0.07794281,0.8126803,0.10937686
349522532,0.47094902,0.28818414,0.2408669
349528999,0.62743974,0.14193459,0.23062569
349597310,0.27307174,0.29051468,0.43641362
349798135,0.30421278,0.33715567,0.35863155
349898359,0.30227935,0.2623492,0.43537143
349924366,0.061843906,0.85018975,0.08796638
349948997,0.17611417,0.6173961,0.20648968
350003310,0.31623876,0.38257226,0.30118895
350030740,0.34225118,0.3816433,0.2761055
350046660,0.42388064,0.29325506,0.2828643
350190056,0.4278263,0.33418262,0.23799111
350215952,0.43282664,0.29362097,0.2735524
350227854,0.44567826,0.32956326,0.22475852
350252935,0.17469339,0.19437146,0.63093513
350305008,0.19227558,0.5732005,0.23452389
350310552,0.118109316,0.7579388,0.12395187
350346724,0.21527794,0.5133693,0.2713527
350478182,0.13575464,0.7071977,0.15704767
350588896,0.09336801,0.78470635,0.12192568
350595578,0.38903782,0.34382513,0.26713705
350672779,0.51259935,0.25847197,0.2289287
350729992,0.52512664,0.19315793,0.28171542
350872272,0.3076603,0.30069464,0.391645
351330709,0.17047788,0.16228127,0.66724086
351336864,0.3400399,0.2998357,0.3601243
351339307,0.2889868,0.3078916,0.40312162
351456382,0.24000202,0.38967586,0.3703222
351535422,0.45167717,0.30322212,0.24510072
351616452,0.30613753,0.39565182,0.29821074
351722151,0.23559077,0.33821717,0.42619202
351739050,0.4109094,0.15005574,0.43903488
351795947,0.25745422,0.41061994,0.33192587
351891122,0.26845896,0.37378764,0.35775343
352283722,0.32749543,0.41601202,0.25649256
352302899,0.33237115,0.29273528,0.3748936
352558767,0.3696397,0.3121904,0.31816986
352633130,0.33795044,0.35854173,0.30350786
352645264,0.6113408,0.18157111,0.20708804
352761049,0.387586,0.32392272,0.28849128
352820163,0.2376358,0.44435272,0.31801143
352874887,0.39113724,0.23641999,0.37244278
352880830,0.1628815,0.14515339,0.69196516
353162061,0.4528813,0.29471925,0.2523994
353257297,0.54772425,0.20579231,0.24648346
353289144,0.59937525,0.17383623,0.22678852
353289266,0.24689426,0.22965527,0.5234505
353396422,0.643663,0.17679706,0.17954
353434171,0.09550293,0.087682106,0.81681496
353448897,0.20295209,0.30614495,0.490903
353585344,0.16981943,0.18969467,0.64048594
353666075,0.2138983,0.21077955,0.57532215
353684069,0.17170586,0.41665113,0.411643
353748800,0.32827666,0.3583051,0.31341824
353899520,0.22340651,0.26913363,0.5074599
353917106,0.45986232,0.295156,0.24498177
353989191,0.23717043,0.46065244,0.3021772
354129498,0.56708246,0.14298491,0.2899326
354144095,0.46892443,0.15145473,0.37962088
354514130,0.36536464,0.3000235,0.3346118
354607241,0.22278339,0.5468916,0.23032491
354608839,0.29331654,0.32609746,0.38058594
354614830,0.42139065,0.29888058,0.2797287
354682698,0.3122566,0.4289633,0.2587801
354700942,0.4035204,0.34924045,0.24723919
354838276,0.3837889,0.27787843,0.33833262
354865926,0.37071863,0.30746207,0.32181925
354892390,0.20477353,0.24012625,0.5551002
354973247,0.3593919,0.36192092,0.27868724
355022097,0.3343777,0.41599485,0.24962744
355026639,0.72488266,0.119307905,0.15580945
355073874,0.3995424,0.35908508,0.24137259
355131624,0.19797751,0.52554536,0.27647716
355181739,0.22260912,0.37708852,0.40030235
355245885,0.34065503,0.38670218,0.27264282
355307560,0.29978314,0.3726389,0.32757792
355359299,0.2678576,0.3106282,0.42151418
355380171,0.26921418,0.44615197,0.28463387
355425402,0.18181227,0.6337162,0.18447147
355432088,0.36406898,0.32197025,0.3139608
355532444,0.40342808,0.2678415,0.32873046
355542739,0.31931832,0.33533144,0.34535024
355664173,0.39383003,0.2878237,0.31834623
355714582,0.16287734,0.6602881,0.1768346
355851619,0.34172082,0.33974385,0.3185353
355860288,0.3988325,0.35969073,0.24147683
355931570,0.30552647,0.28181487,0.41265866
356250034,0.2942631,0.31864524,0.38709164
356252430,0.2674245,0.24309322,0.48948225
356501908,0.24327834,0.40889314,0.34782848
356747077,0.42877623,0.30404437,0.26717943
356928483,0.6579989,0.15679392,0.18520716
356936534,0.2259411,0.2270157,0.5470432
356985112,0.4236375,0.30975324,0.2666093
356993930,0.2941606,0.41582686,0.29001257
356998740,0.27252212,0.49929363,0.22818428
357026764,0.6371433,0.16750582,0.19535087
357098226,0.3823606,0.27336633,0.3442731
357178789,0.3177176,0.23268376,0.44959864
357247841,0.2993623,0.3382588,0.36237898
357298861,0.4243808,0.3317073,0.24391197
357528827,0.6162774,0.20409895,0.17962362
357584627,0.41688168,0.26697636,0.31614196
357628727,0.49536487,0.25029156,0.25434357
357722205,0.41540688,0.31876248,0.26583064
357771398,0.6097875,0.1562554,0.23395705
357810920,0.3722287,0.35631725,0.27145404
357900632,0.36200428,0.30098668,0.33700907
358001593,0.37433007,0.24710801,0.37856185
358291174,0.31401685,0.18015616,0.505827
358345668,0.18939838,0.33452952,0.47607213
358446049,0.14598812,0.67171025,0.18230163
358491458,0.39715347,0.3763793,0.22646724
358494287,0.43890303,0.27323487,0.2878621
358536354,0.43709588,0.29997763,0.26292646
358703312,0.3439967,0.37576225,0.28024113
358905844,0.43431222,0.2692204,0.29646733
359141736,0.27076176,0.4902292,0.2390091
359290744,0.23448195,0.206113,0.5594051
359309185,0.43295044,0.273743,0.29330653
359344113,0.2233532,0.36624482,0.41040197
359434960,0.29437116,0.43993175,0.26569712
359531458,0.3199477,0.25004494,0.43000728
359614077,0.2492318,0.22040372,0.5303644
359796890,0.55991495,0.22406502,0.21601999
359805882,0.10563846,0.77952534,0.11483619
360056777,0.20864795,0.22415513,0.5671969
360260571,0.38211107,0.2885317,0.32935727
360271164,0.08614356,0.08237776,0.83147866
360274249,0.46778,0.24117449,0.29104546
360305016,0.35663167,0.37851655,0.2648518
360307399,0.24985261,0.41672614,0.33342123
360360532,0.21179138,0.59349036,0.19471818
360377919,0.2003944,0.1903211,0.6092845
360420449,0.359929,0.3217894,0.3182816
360538739,0.23972343,0.21815385,0.54212266
360573961,0.4162847,0.31252503,0.27119032
360577834,0.67537814,0.16489483,0.15972702
360614447,0.21269585,0.57096684,0.21633734
360680722,0.6357459,0.18760987,0.17664425
360688716,0.39024994,0.36576733,0.24398279
360863559,0.41534835,0.29910257,0.28554913
360959577,0.524779,0.22555497,0.24966598
361020614,0.11376453,0.73746735,0.14876811
361076050,0.2596662,0.4761516,0.2641822
361112716,0.40065515,0.32114276,0.27820206
361154579,0.21604604,0.20259093,0.58136296
361367780,0.4625324,0.17939907,0.35806847
361469885,0.6209007,0.18457226,0.19452703
361470185,0.21045807,0.24805546,0.5414865
361548961,0.32200426,0.3425309,0.3354648
361612932,0.4940789,0.2657045,0.24021661
361619247,0.6698207,0.15172367,0.17845556
361684679,0.28359294,0.29908073,0.41732627
361763375,0.18005915,0.5650715,0.25486928
361813861,0.31724018,0.26411408,0.41864568
361859124,0.24461308,0.3947358,0.36065117
361907358,0.40496236,0.26929075,0.3257469
361925887,0.23484911,0.20406772,0.56108314
362366041,0.12878227,0.10981325,0.7614045
362373471,0.2961253,0.3399199,0.36395475
362388509,0.11054198,0.71573126,0.17372677
362549065,0.38680047,0.31296986,0.30022976
362582171,0.27708867,0.21248545,0.5104259
362590656,0.103644975,0.09065271,0.8057024
362597758,0.23991667,0.30106062,0.45902276
362913595,0.39235356,0.33741742,0.27022898
362970244,0.06295866,0.83831185,0.09872952
362984953,0.52773744,0.24059461,0.23166794
363304181,0.26375842,0.33295512,0.40328643
363346439,0.28381857,0.3219175,0.39426395
363495974,0.23812966,0.25527897,0.5065914
363512628,0.10917892,0.7618495,0.12897153
363567521,0.2865828,0.34718022,0.36623704
363569431,0.3277378,0.3538163,0.31844583
363751937,0.24377182,0.22898856,0.5272396
363767711,0.3009009,0.37686056,0.32223845
363805355,0.2784849,0.33700296,0.38451213
363892580,0.29016262,0.3215774,0.38826004
363928312,0.14728367,0.6939517,0.15876463
363967944,0.27029762,0.38079745,0.34890506
363992420,0.2076779,0.23279634,0.5595257
364049723,0.44111657,0.27543077,0.2834526
364080449,0.59286845,0.19462684,0.2125047
364265103,0.16362533,0.6846724,0.15170223
364378208,0.38385123,0.30374286,0.31240588
364476656,0.4373571,0.29509026,0.26755267
364603964,0.520243,0.2430929,0.23666413
364802170,0.27387497,0.19854799,0.527577
364899585,0.42413735,0.2810308,0.29483187
365007410,0.39542657,0.2965326,0.30804083
365086107,0.10286851,0.7720099,0.12512156
365141011,0.39273834,0.29685116,0.31041044
365203133,0.34170976,0.31724402,0.34104615
365221147,0.54302156,0.22582604,0.2311524
365412371,0.47327805,0.2852134,0.24150856
365466841,0.348948,0.28314808,0.36790398
365472238,0.31192586,0.35179546,0.3362786
365511381,0.061725188,0.85698533,0.081289425
365525782,0.17011937,0.19136249,0.6385181
365538987,0.41205496,0.29224253,0.29570258
365585958,0.28327483,0.26076415,0.455961
365908621,0.3407891,0.3638503,0.29536054
365988940,0.25233135,0.3156244,0.43204427
366030800,0.23566411,0.26882726,0.49550867
366107811,0.20009279,0.582837,0.2170703
366392421,0.062286504,0.8528903,0.08482315
366626643,0.4561225,0.25724605,0.28663146
366712760,0.44914564,0.25704217,0.29381216
366731806,0.3481267,0.28620097,0.36567226
366786729,0.36258247,0.3080677,0.32934982
367091813,0.3474471,0.3244766,0.3280763
367247406,0.28110456,0.41496488,0.3039306
367567137,0.11958217,0.7493877,0.13103011
367639205,0.2534227,0.36002254,0.38655478
367646263,0.3256569,0.44267982,0.23166329
367730866,0.33108672,0.33597097,0.3329423
367758978,0.103506826,0.092701614,0.8037915
367887627,0.7788415,0.09630829,0.12485029
367963578,0.21359503,0.19722317,0.5891817
367980354,0.3379853,0.3280355,0.33397916
368008734,0.3588018,0.33732665,0.30387148
368332279,0.32778224,0.4045038,0.26771393
368415328,0.3196501,0.40341437,0.27693552
368479736,0.3330954,0.32076958,0.346135
368540439,0.11257111,0.75320566,0.13422321
368581455,0.11269854,0.10787587,0.77942556
368749156,0.37969092,0.33568028,0.28462875
368786677,0.4131002,0.25152972,0.33537003
368956873,0.14913417,0.13394633,0.71691954
369015368,0.23249307,0.540978,0.22652893
369031390,0.35184267,0.3155305,0.33262685
369051342,0.19033445,0.5800318,0.22963373
369057670,0.2949076,0.3169767,0.3881157
369112208,0.095273346,0.08522839,0.81949824
369116191,0.7313118,0.09913933,0.1695488
369122948,0.31952414,0.29121205,0.38926384
369154107,0.3397782,0.3838522,0.27636966
369285198,0.7833831,0.09591887,0.12069799
369364005,0.1542231,0.664622,0.18115492
369402524,0.3072191,0.39362276,0.29915813
369426575,0.2994504,0.37985834,0.32069117
369428029,0.39892402,0.2797135,0.32136244
369522093,0.36310923,0.2887529,0.34813792
369547932,0.66174275,0.15016173,0.1880955
369558618,0.30358312,0.32238263,0.37403417
369714363,0.6241949,0.16557182,0.21023326
369819101,0.10238802,0.08992743,0.8076846
369961734,0.30431756,0.44425303,0.25142944
369970125,0.54309005,0.21201403,0.24489589
370088752,0.07129923,0.070737004,0.8579638
370122957,0.16998082,0.1413496,0.6886697
370364212,0.29106048,0.37355304,0.33538648
370401242,0.28410265,0.27128047,0.44461688
370503668,0.11298528,0.12719125,0.75982344
370602056,0.18016252,0.558127,0.26171052
370612821,0.4510397,0.32065,0.2283102
370624652,0.7336694,0.12543254,0.140898
370634357,0.42366344,0.33929557,0.23704103
370688952,0.23311646,0.46705878,0.2998248
370705859,0.34867758,0.32668126,0.3246411
370763226,0.19323973,0.5940115,0.2127487
370813215,0.3869239,0.2954288,0.31764722
370828388,0.48068336,0.26921055,0.2501061
370909212,0.26744363,0.41001213,0.32254422
370973663,0.30960694,0.2666766,0.42371643
371115813,0.5018426,0.27855286,0.21960454
371123062,0.39932472,0.20437479,0.39630046
371205032,0.40189046,0.3512192,0.24689037
371213138,0.28808266,0.139176,0.5727414
371291526,0.1898453,0.5232443,0.28691038
371316125,0.23041634,0.21741037,0.55217326
371327669,0.21430725,0.520183,0.26550967
371382668,0.23694342,0.3468037,0.41625294
371467379,0.6792615,0.14188504,0.17885344
371607881,0.13601792,0.6985454,0.16543671
371634710,0.5739748,0.19324926,0.23277606
371659679,0.41881344,0.27945805,0.30172852
371703807,0.18979861,0.58651924,0.22368222
371725230,0.25471306,0.20976362,0.5355233
371846587,0.3173638,0.34004545,0.3425907
371917764,0.3459962,0.37240067,0.2816032
372034300,0.53720564,0.23458937,0.22820504
372180135,0.8157516,0.07113413,0.113114245
372203301,0.2298603,0.31036204,0.45977762
372206684,0.23114847,0.20957609,0.55927545
372292023,0.2733088,0.23176827,0.494923
372369939,0.26507536,0.46986416,0.26506045
372632232,0.27295166,0.36910826,0.3579401
372763478,0.470783,0.3047444,0.22447261
372778981,0.31645223,0.3752644,0.30828336
372788593,0.29624555,0.36115524,0.34259912
372866257,0.32185122,0.38853726,0.28961155
372937868,0.4239735,0.32600328,0.25002325
372937937,0.115483016,0.7452321,0.13928488
372988295,0.3719806,0.2920368,0.33598262
373021934,0.31547078,0.2711368,0.4133924
373087254,0.3307092,0.34789434,0.32139644
373121699,0.3610917,0.34520447,0.29370382
373188074,0.2748365,0.24986708,0.4752964
373208271,0.5217694,0.2387995,0.23943105
373236274,0.45858693,0.2532775,0.28813565
373275542,0.22809684,0.5482507,0.22365248
373288804,0.39697015,0.3036721,0.2993578
373332551,0.3836691,0.29007697,0.32625395
373373021,0.34028155,0.35686898,0.30284947
373380562,0.39183584,0.30281398,0.30535024
373445237,0.3824832,0.3653598,0.25215697
373472020,0.48636103,0.26580808,0.24783093
373802084,0.47261083,0.29342908,0.23396009
373932124,0.291584,0.32514748,0.38326848
373956493,0.34526297,0.40519106,0.24954604
374177621,0.3508151,0.3283483,0.32083663
374230433,0.23612195,0.23845999,0.52541804
374302741,0.31281108,0.36286354,0.32432535
374315812,0.3044322,0.31599337,0.37957436
374345018,0.3590576,0.39139435,0.24954806
374372562,0.29522893,0.37613472,0.32863626
374385334,0.49322355,0.2511643,0.2556122
374386226,0.18479967,0.57444865,0.24075167
374474041,0.4060956,0.32406515,0.26983923
374544352,0.18305665,0.25555584,0.5613875
374715299,0.39210388,0.31095073,0.2969454
374797768,0.17153868,0.6174108,0.2110506
374894398,0.4200202,0.3108994,0.2690803
375016963,0.17886794,0.54088545,0.2802465
375117611,0.27668333,0.18667568,0.53664094
375151575,0.51516086,0.2402011,0.24463807
375175859,0.277198,0.31932592,0.40347606
375205020,0.29324672,0.2658276,0.44092572
375216728,0.43416464,0.2766004,0.289235
375221229,0.33275262,0.40334928,0.2638981
375299117,0.63625306,0.17434762,0.18939926
375310031,0.46475405,0.2851393,0.2501067
375407818,0.26789352,0.39321503,0.33889148
375435125,0.48695555,0.2642879,0.2487566
375489918,0.3607772,0.3348236,0.3043992
375618635,0.36096433,0.33248973,0.30654597
375624347,0.32737872,0.3224219,0.35019934
375626951,0.22191463,0.51561093,0.26247448
375859591,0.3362033,0.42036694,0.24342977
375864824,0.42139384,0.2797759,0.29883027
375931470,0.074759275,0.8389456,0.08629508
376004897,0.24004361,0.23032779,0.5296286
376145247,0.16874509,0.6231071,0.20814782
376177356,0.55081564,0.20167348,0.2475109
376233186,0.34169438,0.36868787,0.2896178
376312916,0.2395599,0.41883984,0.34160024
376360783,0.25091597,0.20870116,0.54038286
376366289,0.52912307,0.26824993,0.20262694
376369682,0.13994662,0.11733834,0.742715
376454476,0.502827,0.20379284,0.29338014
376505018,0.32377207,0.3480648,0.3281632
376510198,0.41611174,0.2805856,0.30330262
376634046,0.08912809,0.08272198,0.82815003
376746439,0.24699946,0.4527001,0.30030042
376833929,0.4040511,0.32643196,0.26951694
376840359,0.27705604,0.370359,0.35258493
376887998,0.45173696,0.29486185,0.25340122
376939630,0.37212583,0.31522906,0.31264508
377069067,0.19890805,0.42244232,0.37864962
377164762,0.26646966,0.47287673,0.2606537
377317026,0.25938523,0.3948185,0.34579626
377447997,0.18532203,0.19592999,0.618748
377576238,0.27699983,0.32780865,0.39519155
377682460,0.42712992,0.31618416,0.25668585
377695480,0.20119646,0.5375103,0.2612933
377809453,0.24350943,0.29453987,0.4619507
377829816,0.41887367,0.19762196,0.3835044
377855493,0.12012718,0.7232358,0.15663701
377883486,0.3575299,0.3200442,0.32242584
378006218,0.49124035,0.24808536,0.26067433
378293701,0.08971867,0.09646625,0.81381506
378411011,0.40053576,0.27968916,0.319775
378594406,0.4870074,0.292154,0.22083862
378601442,0.42681497,0.29733038,0.27585462
378629943,0.27444538,0.35973862,0.365816
378712744,0.25401297,0.2152058,0.53078127
378784973,0.2559392,0.24138288,0.5026779
378826598,0.21589,0.55395675,0.23015325
378830226,0.1356579,0.72149146,0.14285068
378899035,0.23060375,0.25800046,0.51139575
378906378,0.3561655,0.29564592,0.34818858
378911922,0.41086176,0.32373,0.26540825
378919929,0.10547769,0.08555265,0.8089696
379000410,0.38911435,0.33242628,0.27845937
379052936,0.35389847,0.4291302,0.21697131
379113034,0.2597155,0.24059607,0.49968848
379142697,0.38458416,0.26314887,0.35226697
379221905,0.31341904,0.36833853,0.31824246
379240634,0.29261455,0.25701118,0.45037428
379262019,0.21533245,0.2605538,0.5241138
379479968,0.45175594,0.25510746,0.29313663
379533801,0.5034322,0.2169021,0.27966577
379668138,0.29331326,0.45770296,0.24898377
379736804,0.3150281,0.3305476,0.35442427
379794683,0.09935578,0.10032906,0.80031514
379806709,0.3726994,0.37112296,0.25617763
379836299,0.43578625,0.30347642,0.26073736
379857194,0.38992625,0.32274535,0.2873284
379900054,0.07216543,0.83597195,0.09186267
380022078,0.41883564,0.31094757,0.2702168
380069247,0.28844544,0.3881111,0.3234434
380076185,0.30956677,0.28778955,0.40264362
380107118,0.14752614,0.6567181,0.19575575
380126926,0.21395902,0.45792904,0.3281119
380237906,0.09948324,0.78066945,0.1198473
380292333,0.25837716,0.19274862,0.54887426
380415504,0.42164707,0.30633742,0.27201554
380595182,0.13700947,0.6993454,0.16364516
380732063,0.26368517,0.46018413,0.2761308
380781098,0.21471108,0.47544166,0.3098472
380784192,0.46931618,0.2286674,0.30201647
380794837,0.3303092,0.35906973,0.31062105
380958706,0.26364303,0.39411038,0.3422466
380991376,0.29283834,0.37786412,0.32929757
380993692,0.540111,0.15459067,0.30529827
381006194,0.1431537,0.69202965,0.16481657
381020211,0.3459028,0.3183867,0.33571044
381031987,0.3179199,0.38685206,0.29522812
381056608,0.19014993,0.21728632,0.5925637
381089032,0.6399723,0.16536571,0.19466197
381131000,0.38701987,0.27343407,0.33954602
381198290,0.23941855,0.2622345,0.49834698
381315947,0.7836529,0.08974862,0.1265984
381529166,0.25000027,0.4758088,0.274191
381532119,0.23800199,0.53907263,0.22292536
381711887,0.48586994,0.2735139,0.24061607
381967256,0.27692398,0.35112396,0.3719521
382356448,0.08702294,0.08452172,0.8284553
382435993,0.50849646,0.28525308,0.20625052
382487137,0.3132409,0.32473317,0.36202598
382535075,0.21684459,0.4904795,0.29267597
382628987,0.24545804,0.34225917,0.41228276
382726051,0.4005819,0.3062353,0.29318285
382726818,0.22098078,0.3425834,0.43643576
382797234,0.4006036,0.34028876,0.25910768
382951523,0.3094973,0.22788444,0.46261832
383058372,0.29637286,0.4273261,0.27630106
383062526,0.47601593,0.23565543,0.28832865
383076387,0.7516867,0.09597979,0.15233345
383157249,0.2635976,0.45151952,0.28488287
383291592,0.5097665,0.1917054,0.29852813
383327965,0.24092166,0.49098143,0.26809704
383411309,0.42688864,0.3182974,0.25481394
383468182,0.4200394,0.31496766,0.26499298
383638025,0.115024954,0.102797635,0.7821773
383739899,0.63743,0.17584394,0.18672606
383827392,0.40502405,0.32559156,0.26938432
383919279,0.18067186,0.57881385,0.24051425
383936378,0.48981065,0.22417024,0.28601906
383990274,0.31649047,0.37926036,0.30424917
384021995,0.4660175,0.24844058,0.28554195
384035382,0.3810024,0.3134461,0.30555147
384624705,0.5826014,0.20840423,0.20899436
384645558,0.3468097,0.41005126,0.24313907
384692746,0.33200735,0.35218194,0.3158107
384760446,0.32468706,0.27018267,0.40513024
384773768,0.41611335,0.34371477,0.2401719
384821872,0.39244995,0.3353769,0.27217317
384958350,0.08753798,0.08109824,0.83136374
385034757,0.2947331,0.20348129,0.50178564
385099460,0.382583,0.33259267,0.2848243
385110598,0.7262923,0.12214193,0.15156576
385380545,0.36004907,0.3220343,0.31791663
385506050,0.45946425,0.25317487,0.2873608
385560158,0.18505995,0.18940714,0.6255329
385576865,0.2917762,0.21550867,0.49271512
385604064,0.53325796,0.21780619,0.24893586
385651584,0.22567347,0.50871503,0.2656115
385835624,0.4221531,0.25183433,0.32601258
385943193,0.47274476,0.28165314,0.2456022
385973117,0.34348285,0.3622556,0.29426157
386145082,0.28171375,0.22258896,0.4956973
386228139,0.40496653,0.3266679,0.26836562
386266773,0.11464574,0.10499635,0.78035796
386302503,0.23959151,0.4903922,0.27001634
386332788,0.58619314,0.19297561,0.2208313
386374913,0.38709626,0.37185076,0.241053
386377657,0.15625978,0.6853358,0.15840441
386554435,0.25802535,0.43114442,0.3108303
386576645,0.4989121,0.25741726,0.2436707
386860242,0.5856249,0.19411461,0.2202605
386893958,0.35674506,0.3355983,0.3076567
387016916,0.56493616,0.21650259,0.21856125
387112924,0.30259067,0.3124508,0.38495857
387158468,0.32932672,0.3332611,0.33741215
387161759,0.17725067,0.62697834,0.19577104
387204548,0.38768202,0.3384949,0.27382308
387215674,0.48094434,0.27158767,0.24746792
387246498,0.18005902,0.52267057,0.29727036
387278209,0.30010012,0.35112375,0.34877616
387289603,0.60621333,0.16489932,0.22888735
387395899,0.17660882,0.19300069,0.63039047
387438725,0.35368198,0.35933223,0.28698578
387486648,0.34825906,0.36521393,0.28652704
387577774,0.36377594,0.32878157,0.30744243
387605778,0.3631986,0.26998064,0.36682075
387713094,0.14247757,0.70809853,0.14942391
387731492,0.13265419,0.13452135,0.73282444
387775630,0.6278754,0.16261967,0.2095049
387778712,0.25591972,0.2650393,0.47904092
387815971,0.08309895,0.07626587,0.84063524
387896415,0.31272554,0.42207503,0.26519942
387910804,0.2990245,0.33994848,0.36102703
387966435,0.1586454,0.6437101,0.19764452
387992893,0.1838654,0.6469363,0.16919836
387993673,0.22458637,0.5161055,0.2593081
387994332,0.64713794,0.15439367,0.19846834
388127968,0.20035844,0.50887823,0.29076335
388163695,0.30213746,0.32592887,0.37193367
388212088,0.19026233,0.5715403,0.2381974
388326434,0.1673229,0.6172077,0.21546939
388469737,0.17901497,0.40733933,0.41364568
388682667,0.16616899,0.60421884,0.22961225
388740327,0.36412853,0.26985624,0.36601517
388796363,0.1473797,0.15437429,0.69824606
388820018,0.16052395,0.15058748,0.6888886
389029712,0.22801822,0.23638156,0.53560024
389133706,0.404396,0.30846307,0.28714097
389185029,0.25626326,0.27794564,0.4657911
389269826,0.21648134,0.27360347,0.5099152
389293329,0.57712734,0.1972786,0.22559406
389311850,0.6559485,0.17593683,0.16811465
389357331,0.23879604,0.2607603,0.5004437
389441256,0.5871563,0.17825197,0.23459177
389756406,0.3724644,0.3408056,0.28673002
389806624,0.45740414,0.22495104,0.31764486
389851822,0.34675434,0.37280303,0.28044274
389879770,0.21631283,0.47411838,0.30956876
389996002,0.3079114,0.3103074,0.3817812
390046630,0.1404778,0.7190889,0.14043324
390059360,0.57680035,0.21006218,0.21313745
390075800,0.42548105,0.32811087,0.24640813
390118351,0.30748135,0.24697754,0.4455411
390330593,0.3358688,0.3385817,0.3255495
390339649,0.66317195,0.13338584,0.20344217
390352506,0.5535502,0.2353204,0.21112943
390533556,0.33217004,0.36609057,0.3017394
390553437,0.8444179,0.058150496,0.09743157
390563763,0.5597611,0.23937902,0.20085983
390695178,0.20845325,0.583474,0.20807277
390700072,0.26472932,0.2935362,0.44173455
390853024,0.2563944,0.36687097,0.37673464
390969020,0.40112007,0.28224894,0.31663105
390980317,0.30576187,0.40723377,0.28700432
391067853,0.35456714,0.3550061,0.2904268
391070673,0.2811561,0.29203776,0.42680615
391148703,0.30353895,0.39264524,0.30381575
391172021,0.42089596,0.3384419,0.24066219
391172336,0.37143874,0.3374708,0.29109046
391411256,0.32438698,0.37037948,0.30523354
391444052,0.30780816,0.3616558,0.33053595
391554420,0.36907294,0.38394627,0.2469808
391738866,0.13666028,0.13386217,0.7294775
391851946,0.21856132,0.51930326,0.26213545
391960660,0.56375885,0.21222207,0.224019
392018328,0.32492226,0.39473775,0.28034
392256871,0.24209704,0.24862516,0.5092779
392400648,0.47208294,0.28749314,0.24042393
392457516,0.35001534,0.3633454,0.2866392
392546513,0.15504068,0.66745764,0.17750174
392567206,0.13576491,0.7457733,0.11846178
392856958,0.42515066,0.25197688,0.32287246
392888488,0.322044,0.2934644,0.38449165
392947474,0.27856022,0.28784856,0.43359113
392994272,0.49451113,0.256831,0.24865793
393066158,0.46015862,0.29925495,0.2405864
393171577,0.2989954,0.42509237,0.2759122
393264716,0.30486998,0.32666367,0.36846635
393294578,0.40792838,0.27567473,0.31639695
393296941,0.56038654,0.19926588,0.24034755
393392435,0.34897596,0.28055778,0.37046623
393609592,0.3133641,0.3813159,0.30532002
393720165,0.7481821,0.11825943,0.13355847
393728201,0.16945763,0.15600857,0.6745338
393878610,0.40405238,0.31449026,0.2814574
393896897,0.7948885,0.08772406,0.117387414
393915995,0.322417,0.26825035,0.40933266
394023688,0.3720804,0.30975273,0.3181669
394050951,0.36423087,0.33296406,0.30280504
394051435,0.22405726,0.22327718,0.5526656
394055353,0.38514134,0.2471117,0.36774695
394171552,0.23315741,0.4871285,0.27971405
394312022,0.51741815,0.24827027,0.23431154
394349616,0.23120984,0.26129743,0.5074927
394349771,0.5998136,0.20629814,0.19388816
394363641,0.24911903,0.39518318,0.3556978
394542718,0.24329135,0.2394901,0.51721853
394648535,0.23824432,0.1775881,0.5841676
394649474,0.44518983,0.28674385,0.26806632
394669883,0.55927885,0.2158446,0.22487664
394683374,0.08139478,0.8097113,0.108893916
394686803,0.32351875,0.38306725,0.293414
394788030,0.6089513,0.20121697,0.18983184
394853339,0.26558763,0.310038,0.4243743
394855399,0.09046582,0.081391156,0.82814306
394885321,0.3149823,0.26727986,0.41773784
395057640,0.24717952,0.22483188,0.5279886
395064984,0.5208499,0.23984334,0.23930681
395069775,0.2435283,0.53981483,0.21665683
395102853,0.3588998,0.3530143,0.28808597
395106643,0.14163278,0.7050482,0.15331902
395136654,0.49544778,0.2429699,0.26158234
395138908,0.44911742,0.27764502,0.27323765
395374552,0.36434427,0.32284677,0.31280893
395458354,0.2745896,0.3863447,0.33906576
395609933,0.26884484,0.3311229,0.4000322
395655417,0.28980732,0.13945782,0.57073486
395793719,0.35332108,0.33384255,0.3128364
395842258,0.22285654,0.2325478,0.5445957
395908030,0.77257687,0.10559808,0.12182499
395908270,0.40062445,0.2874234,0.31195217
395962006,0.38015944,0.2783878,0.34145278
395994769,0.12277814,0.745409,0.13181286
395996153,0.31951433,0.29854053,0.38194516
396049328,0.46487176,0.26978853,0.26533973
396051154,0.47240558,0.22025384,0.30734053
396136015,0.4272755,0.29428017,0.2784443
396172034,0.72719353,0.12216371,0.15064271
396190951,0.05588659,0.86087024,0.08324314
396220029,0.3454968,0.35472605,0.2997771
396230179,0.67281467,0.15928808,0.16789724
396301960,0.108298734,0.7624107,0.12929061
396334921,0.4135912,0.3371158,0.24929298
396426337,0.40271604,0.27574065,0.32154337
396535557,0.32944548,0.33222213,0.33833238
396668710,0.38686278,0.3515775,0.26155972
396841347,0.36930808,0.30430895,0.32638296
397118418,0.22331984,0.48764694,0.28903326
397156763,0.15606973,0.68737596,0.15655425
397196050,0.33951452,0.4128642,0.24762131
397367742,0.27061102,0.35853112,0.37085783
397385189,0.3519298,0.36678654,0.28128368
397447397,0.6808553,0.14533144,0.17381333
397640370,0.2980777,0.30763742,0.39428487
397641760,0.24552377,0.28006235,0.47441393
397692706,0.40306592,0.28407654,0.31285757
397804339,0.19146559,0.58737856,0.22115593
397853068,0.36400574,0.27144805,0.3645462
397955256,0.3302443,0.35747835,0.3122773
398014667,0.38753164,0.3254781,0.28699026
398098020,0.33694258,0.2650035,0.39805388
398108590,0.24027967,0.4063204,0.35339987
398116981,0.16685475,0.19494067,0.6382046
398136367,0.5204197,0.25936767,0.22021258
398415667,0.26912284,0.48977914,0.241098
398466701,0.32456946,0.43637565,0.2390549
398508121,0.39336503,0.3266376,0.27999744
398540142,0.43357527,0.2865159,0.27990893
398594542,0.15487029,0.13479488,0.71033496
398626393,0.28747547,0.34763816,0.3648863
398846910,0.23908602,0.31002247,0.45089144
398873594,0.5920823,0.22314045,0.18477719
398959648,0.41709608,0.348022,0.23488194
398992172,0.55149764,0.24737449,0.20112784
399075540,0.31637785,0.32552388,0.35809827
399124474,0.18827672,0.2042787,0.6074446
399137001,0.21061397,0.19014946,0.5992366
399138675,0.45959425,0.3092117,0.231194
399148423,0.35049388,0.38686204,0.262644
399168823,0.16554222,0.6571767,0.17728108
399179485,0.24434108,0.22987443,0.5257845
399235339,0.33225223,0.33700645,0.33074138
399273947,0.61384964,0.16585274,0.22029762
399336192,0.4167806,0.32979,0.25342932
399385708,0.14089762,0.6971842,0.1619182
399752544,0.34125793,0.36546186,0.29328027
399838869,0.2924785,0.29417315,0.4133484
399890161,0.2616205,0.35792056,0.38045892
399893238,0.37435123,0.34907156,0.27657714
399995957,0.34703153,0.34821188,0.30475658
400140059,0.30844003,0.31482616,0.3767338
400235030,0.26766855,0.40591827,0.32641318
400270746,0.19987956,0.19362958,0.60649097
400701255,0.10972617,0.10489014,0.78538364
400771695,0.100792564,0.7921299,0.107077494
400844504,0.26268667,0.4371229,0.30019045
400861570,0.07634755,0.8165764,0.10707602
400905922,0.2419219,0.20850298,0.5495751
400976323,0.34224984,0.17282817,0.48492196
401186980,0.22863391,0.329252,0.4421141
401257644,0.24918485,0.34583735,0.4049778
401258792,0.3285895,0.34398136,0.32742915
401339813,0.11545963,0.098562635,0.7859778
401739210,0.29436275,0.18504265,0.5205946
401752727,0.37465194,0.31627962,0.30906847
401954194,0.22977456,0.38865715,0.38156828
402012473,0.42146677,0.33039522,0.24813806
402159369,0.2609257,0.36106378,0.37801042
402333166,0.38751692,0.3329176,0.27956548
402355535,0.30332848,0.39087823,0.30579334
402565586,0.60716236,0.18066083,0.21217681
402592601,0.3112063,0.3234903,0.36530343
402772415,0.41236144,0.32721317,0.26042536
402957044,0.34591278,0.41255054,0.24153662
403022606,0.4563686,0.3273692,0.21626227
403147395,0.30348673,0.30319518,0.3933181
403162678,0.36111102,0.3449148,0.29397422
403176753,0.36269867,0.24874218,0.38855913
403184854,0.49149063,0.26070657,0.2478028
403187782,0.24573892,0.27702853,0.47723252
403246330,0.33046868,0.37040028,0.29913104
403310144,0.20778537,0.20369825,0.5885164
403371445,0.31120634,0.2918697,0.39692402
403382636,0.5472417,0.20284726,0.24991094
403394598,0.2339495,0.5086325,0.257418
403622124,0.39456,0.33428594,0.27115405
403653290,0.40803614,0.27311993,0.31884384
403838031,0.2256895,0.4568031,0.31750742
403855448,0.5111333,0.24071287,0.24815379
403860524,0.3039793,0.36884725,0.32717347
403935066,0.41490787,0.31011772,0.27497447
404018157,0.42631942,0.2584586,0.31522194
404032351,0.2220623,0.5483652,0.22957255
404054108,0.40600252,0.35577586,0.23822159
404197774,0.3763937,0.30102292,0.32258347
404239074,0.27463228,0.2798311,0.4455366
404307931,0.3305648,0.3587402,0.310695
404422657,0.16984619,0.6662057,0.16394806
404564233,0.15168302,0.68723315,0.16108377
404571680,0.27344492,0.28758582,0.43896922
404655911,0.3794337,0.33682573,0.28374067
404796030,0.5446545,0.19513515,0.26021042
404901674,0.42578313,0.3097025,0.26451442
404967448,0.38336456,0.31723478,0.29940066
404967990,0.31596056,0.3361744,0.34786505
405008144,0.37183538,0.33593577,0.29222882
405019833,0.70579565,0.136881,0.1573233
405033514,0.2340842,0.42879704,0.3371187
405042913,0.3138697,0.36575326,0.32037708
405146135,0.26784346,0.4861654,0.24599114
405233008,0.22717932,0.19731674,0.57550395
405237983,0.22321723,0.47541928,0.30136353
405423487,0.25672147,0.38724336,0.35603526
405518545,0.80550563,0.08109207,0.11340234
405565153,0.28056842,0.3717896,0.347642
405590492,0.40560967,0.32032898,0.27406132
405703370,0.14646314,0.6685252,0.18501164
405729392,0.31770995,0.35859454,0.32369542
405754666,0.33620864,0.3753972,0.28839415
405760108,0.43929544,0.2823779,0.2783267
405785376,0.54434156,0.24315578,0.21250276
405873048,0.26405254,0.35062468,0.38532287
405878913,0.34951225,0.32956928,0.3209185
406179938,0.31762686,0.37625414,0.30611902
406219398,0.26318344,0.37103918,0.36577734
406451990,0.36188802,0.30400595,0.334106
406559484,0.35868505,0.35048726,0.2908277
406588028,0.078975916,0.81473964,0.10628451
406617500,0.3258753,0.37866992,0.2954547
406765126,0.41657805,0.27045906,0.31296295
406814229,0.39468026,0.33814174,0.26717794
406903961,0.53166604,0.2507304,0.21760364
406946921,0.54315615,0.24677637,0.2100675
406952878,0.6359686,0.13797824,0.22605315
407067866,0.291857,0.35893992,0.34920308
407100627,0.21699841,0.57849485,0.20450668
407111256,0.78330934,0.08350289,0.13318777
407191058,0.42128307,0.3299704,0.24874648
407262948,0.1381618,0.68397576,0.17786247
407470118,0.35424197,0.32055968,0.32519835
407589571,0.34806812,0.33613846,0.31579342
407594840,0.50272816,0.23082672,0.26644507
407633078,0.14265873,0.70510435,0.15223697
407695351,0.6459685,0.15850072,0.19553076
407855426,0.41018108,0.3340585,0.2557604
407872258,0.77062523,0.0859982,0.14337648
407890540,0.3037216,0.34066027,0.3556182
408028455,0.3612341,0.34061563,0.29815027
408061550,0.3238562,0.3320818,0.34406203
408107557,0.4610904,0.29755682,0.2413528
408120403,0.41143507,0.30859718,0.27996776
408131242,0.42491177,0.28947058,0.28561768
408137395,0.17446971,0.63248175,0.19304846
408372302,0.29309025,0.39745325,0.30945644
408451068,0.28519446,0.35463062,0.3601749
408464056,0.374365,0.29418892,0.3314461
408469583,0.30850947,0.35146996,0.3400206
408544890,0.28272998,0.33674932,0.3805208
408562271,0.57422686,0.21031605,0.21545708
408660492,0.29941577,0.43451238,0.2660719
408672025,0.47598973,0.28773686,0.2362734
408689746,0.3220995,0.34829387,0.32960665
408713416,0.37787464,0.2860775,0.3360478
408728682,0.41952264,0.333281,0.24719635
408776095,0.6731474,0.13456804,0.19228458
408810108,0.29667252,0.31182352,0.39150396
408985652,0.3920994,0.33744454,0.270456
409021829,0.18281715,0.59615076,0.22103205
409028427,0.29009303,0.4812496,0.22865738
409047535,0.26284403,0.21357034,0.5235856
409208473,0.3484241,0.25494596,0.39662993
409556085,0.22290903,0.27514428,0.5019467
409565107,0.41988483,0.29364797,0.28646716
409631063,0.28374776,0.3349632,0.38128906
409636075,0.3785231,0.34938085,0.272096
409723713,0.20657751,0.5767865,0.216636
409760299,0.37564194,0.31061023,0.31374782
409772698,0.19044277,0.5834878,0.22606942
409792593,0.50607616,0.2631566,0.23076722
409854807,0.13753216,0.7246737,0.1377942
410006992,0.15979408,0.14054656,0.6996594
410061213,0.28068343,0.4048556,0.31446102
410066558,0.29566702,0.37672353,0.32760948
410172253,0.11612024,0.1303859,0.7534939
410330997,0.24464041,0.40452012,0.35083947
410389783,0.30506447,0.3819589,0.31297663
410427786,0.2739161,0.4364931,0.28959087
410484691,0.070828654,0.8351722,0.09399913
410500100,0.12977134,0.11860198,0.7516266
410558343,0.25482944,0.2280448,0.5171257
410812575,0.3790573,0.3730789,0.24786381
410896865,0.47798145,0.28052038,0.24149817
410910887,0.36986586,0.37302735,0.25710675
411028067,0.3284563,0.35770157,0.31384212
411031271,0.32653096,0.34074768,0.3327214
411075842,0.68654776,0.13474618,0.17870599
411087143,0.26048717,0.4222183,0.31729448
411158524,0.49526417,0.27983546,0.22490038
411186193,0.3392982,0.3849855,0.2757163
411448197,0.8138318,0.0810528,0.10511541
411476862,0.19725618,0.19192697,0.61081684
411483390,0.20707296,0.21023332,0.5826937
411662039,0.46333092,0.25432727,0.28234178
411833117,0.42736813,0.30444103,0.26819083
411842577,0.26605454,0.22667733,0.50726813
411925636,0.38470978,0.3513206,0.26396966
411956575,0.26025018,0.47086453,0.26888523
411957258,0.23038939,0.24026723,0.5293434
412365652,0.30181378,0.43192977,0.2662565
412376289,0.18158929,0.5964877,0.22192298
412654128,0.17897466,0.11814659,0.7028787
412676306,0.14804673,0.6620985,0.18985482
412697102,0.15527412,0.66896605,0.17575985
412731631,0.6070439,0.18505763,0.20789847
412744395,0.3986483,0.2871924,0.3141592
412774121,0.1955538,0.55315983,0.2512864
412884782,0.28046712,0.43384105,0.2856919
412905749,0.53815925,0.14313786,0.3187029
412942917,0.36446866,0.38913792,0.2463935
413103408,0.2949984,0.2699268,0.43507487
413140117,0.4533923,0.219662,0.3269457
413166299,0.36985883,0.3826495,0.24749161
413315783,0.097223036,0.80226487,0.10051209
413334700,0.46385598,0.27768663,0.25845742
413352901,0.40458724,0.3097774,0.2856354
413535368,0.39938024,0.31147954,0.28914022
413567230,0.15826917,0.15185088,0.68987995
413600682,0.2882731,0.24399164,0.4677353
413690475,0.24248207,0.28373846,0.47377944
413693636,0.48205987,0.27219018,0.24575
413745855,0.1869855,0.28167203,0.5313425
413955245,0.3929393,0.3366034,0.2704574
413959987,0.3169479,0.27532837,0.40772372
414044229,0.23193008,0.33263683,0.43543303
414097483,0.7424402,0.10304982,0.15450995
414107947,0.16539897,0.6414821,0.193119
414482593,0.43584195,0.32407978,0.24007833
414501535,0.36996546,0.34417316,0.28586143
414529508,0.19767644,0.42610472,0.3762188
414572077,0.48814818,0.27168936,0.2401624
414604938,0.748207,0.10134937,0.15044363
414643822,0.31943962,0.42400718,0.2565532
414671247,0.16361603,0.38040054,0.4559834
414749205,0.5772057,0.20621595,0.21657833
414758416,0.48638296,0.28610155,0.22751547
414788971,0.55166876,0.23540467,0.21292652
414807889,0.32382885,0.30836397,0.36780727
414876820,0.19510373,0.20006269,0.6048336
414981263,0.28627935,0.43654865,0.277172
414984165,0.43546832,0.28564617,0.27888557
415045381,0.28387383,0.3023469,0.41377932
415052119,0.35462603,0.3713014,0.2740726
415065706,0.3440376,0.4112776,0.2446848
415087080,0.2762432,0.3942651,0.3294917
415138212,0.17281829,0.60949326,0.21768844
415143286,0.29740086,0.3870961,0.31550306
415376290,0.19464257,0.18271221,0.62264526
415383353,0.24255438,0.27877736,0.47866827
415430806,0.6676996,0.1442554,0.18804505
415642091,0.1543063,0.587492,0.25820175
415671927,0.2202113,0.47104633,0.30874246
415769809,0.26597452,0.34178087,0.39224455
415787237,0.5854321,0.20557079,0.20899709
415853569,0.42225856,0.3346486,0.24309288
415867303,0.2677939,0.37919775,0.35300842
415930463,0.5079125,0.2566319,0.23545557
416110901,0.0687207,0.833916,0.097363345
416119648,0.0896973,0.80024076,0.110061936
416199966,0.48088506,0.29234052,0.2267744
416597534,0.2661403,0.4495059,0.2843538
416601976,0.43129098,0.317237,0.25147197
416670612,0.26985514,0.35323822,0.37690666
416685329,0.09376979,0.79181254,0.11441764
416691321,0.2832714,0.41831654,0.29841205
416701527,0.24460843,0.26449984,0.49089172
416702291,0.09321908,0.81996346,0.08681749
416731021,0.28986725,0.29640946,0.41372335
416807210,0.4836565,0.25976366,0.2565798
416831588,0.6973609,0.13976039,0.16287886
417072152,0.39432085,0.3574318,0.24824739
417181995,0.62195647,0.17792317,0.20012037
417196558,0.50233537,0.29397464,0.20368998
417204522,0.30662906,0.31479368,0.37857726
417336640,0.15713795,0.17127837,0.67158365
417440646,0.3032786,0.3664054,0.33031607
417541319,0.5195339,0.22559276,0.2548733
417719877,0.30183277,0.37709945,0.32106775
417770169,0.28805366,0.29815394,0.41379243
417985211,0.37584662,0.30871055,0.31544283
417990168,0.5704173,0.22978397,0.1997987
418047253,0.19464244,0.18441266,0.62094486
418066881,0.4232695,0.26438835,0.3123422
418317292,0.18067065,0.60502684,0.21430245
418358775,0.27231055,0.379644,0.3480454
418380655,0.24739322,0.46717393,0.28543288
418411848,0.27302653,0.42692602,0.3000474
418523110,0.30280557,0.42329407,0.27390042
418571337,0.4159005,0.17282473,0.41127485
418706086,0.30819508,0.46122798,0.23057699
418783898,0.226628,0.5269416,0.24643038
418820499,0.29776707,0.38270968,0.3195233
418845232,0.35810092,0.24902706,0.39287207
418902946,0.56873024,0.23178343,0.1994864
419020702,0.3950412,0.3323969,0.27256197
419160173,0.23839626,0.4446639,0.31693986
419311087,0.14081806,0.6864991,0.1726828
419373343,0.31562722,0.37969446,0.30467838
419592310,0.33135986,0.3546439,0.31399626
419633347,0.35517097,0.37107092,0.2737581
419740328,0.7902194,0.09116224,0.11861835
419755662,0.3236841,0.28562182,0.39069408
419756744,0.46902508,0.2752151,0.2557599
419859304,0.56571454,0.20646459,0.22782089
419906797,0.85563755,0.055101007,0.08926151
420058187,0.3761062,0.32106423,0.3028296
420071455,0.5504025,0.21009693,0.23950052
420101775,0.43854743,0.30547968,0.25597292
420163896,0.20673445,0.512979,0.2802865
420440254,0.46024552,0.26134712,0.27840737
420504247,0.12989652,0.7238573,0.14624621
420523344,0.30921915,0.38726446,0.30351645
420523781,0.33921745,0.279136,0.38164648
420609680,0.20057707,0.24784838,0.5515745
420636910,0.33467337,0.35640308,0.30892354
420641031,0.3468969,0.38671204,0.26639104
420787305,0.30884027,0.263164,0.4279957
420824164,0.51724195,0.26763353,0.21512453
420948654,0.34333777,0.37962112,0.27704114
420975471,0.5883225,0.17603154,0.23564595
421041031,0.37005964,0.39897153,0.23096874
421073855,0.56096965,0.21947789,0.2195525
421132265,0.28898436,0.4326354,0.27838027
421173228,0.7656276,0.0960078,0.13836458
421276109,0.28482506,0.26982665,0.44534832
421314031,0.33994037,0.34885582,0.3112038
421416272,0.52458346,0.2645338,0.21088281
421488799,0.3001084,0.2905985,0.40929306
421525416,0.53527397,0.21555606,0.24916999
421565512,0.52657723,0.25750563,0.21591713
421608301,0.6171583,0.18516986,0.1976719
421687752,0.18913342,0.59567714,0.21518947
421690468,0.13766822,0.69206023,0.17027155
421745238,0.30495223,0.2911273,0.4039205
421767332,0.46201432,0.21309863,0.32488707
421820226,0.12405855,0.12650028,0.74944115
421856118,0.15923648,0.15899171,0.6817718
421869760,0.23211126,0.46947345,0.29841524
421929347,0.20607717,0.55613893,0.23778395
421976103,0.42792663,0.27920786,0.29286548
422081622,0.096904784,0.77087545,0.13221984
422120776,0.26270536,0.2476422,0.48965237
422190315,0.37147596,0.27713954,0.3513845
422227944,0.25380626,0.20425077,0.541943
422433645,0.6414002,0.16060752,0.19799228
422443346,0.6514401,0.13785103,0.2107089
422500179,0.30411732,0.29378277,0.40209997
422505685,0.22363406,0.56556195,0.21080405
422776447,0.36686566,0.2804496,0.35268474
422788134,0.35898498,0.37684995,0.26416513
422793868,0.4588705,0.31459457,0.22653489
422883853,0.35908583,0.32790872,0.3130055
422941074,0.1597141,0.6276918,0.21259409
422974640,0.65085125,0.13794446,0.2112043
423037863,0.47284302,0.2666923,0.2604646
423180917,0.378976,0.2592629,0.3617611
423260990,0.5764676,0.20078714,0.2227453
423332843,0.520047,0.24056053,0.23939249
423443126,0.30998152,0.36397693,0.32604164
423649793,0.4092651,0.33555168,0.2551832
423665427,0.115352385,0.11995803,0.76468956
423667800,0.45081922,0.2945919,0.2545889
423727571,0.33832356,0.38296327,0.27871314
423948356,0.3868338,0.31958628,0.29357997
424021074,0.50335336,0.24923724,0.24740937
424096235,0.5076594,0.25120625,0.24113433
424128665,0.18598707,0.64211005,0.1719029
424158490,0.42247364,0.28704205,0.29048425
424217953,0.35425657,0.34625205,0.29949132
424232210,0.5783386,0.22505137,0.19660997
424274924,0.49199596,0.27342728,0.2345768
424287895,0.35748735,0.30737793,0.3351347
424326076,0.25710535,0.47060677,0.27228788
424331101,0.30833519,0.3388451,0.3528198
424342753,0.73093164,0.10436781,0.16470054
424382299,0.262812,0.31209004,0.42509797
424438145,0.25314304,0.25532228,0.49153465
424571211,0.3276659,0.38041416,0.29191992
424582483,0.34465113,0.27715942,0.37818944
424659810,0.21997671,0.5721475,0.20787583
424878968,0.3589678,0.35451555,0.28651667
424901606,0.2573366,0.3218624,0.42080104
424946639,0.34099364,0.36516494,0.29384142
425005550,0.404367,0.28883517,0.30679786
425066669,0.31367755,0.36670992,0.3196126
425150406,0.16060156,0.6528544,0.18654408
425177305,0.23233902,0.48154023,0.2861207
425293236,0.32586914,0.3292793,0.34485155
425372025,0.3459666,0.3505838,0.3034496
425470774,0.05995478,0.86197555,0.07806963
425606797,0.408174,0.20306751,0.38875842
425637061,0.46060523,0.2684746,0.27092016
425748559,0.25053155,0.43454662,0.31492177
425770095,0.54844826,0.23592812,0.21562369
425804144,0.5735403,0.13518941,0.29127032
425806040,0.6940359,0.13919054,0.16677353
425929979,0.28264898,0.22637531,0.49097568
426153475,0.5408809,0.20663188,0.25248715
426172269,0.2391972,0.46667007,0.29413277
426275669,0.41021007,0.37054008,0.21924986
426563746,0.2845489,0.19943272,0.51601833
426873725,0.43295515,0.2796382,0.28740665
426965390,0.12083453,0.7445342,0.13463126
426999751,0.5217894,0.24547248,0.23273821
427204229,0.23192309,0.5415079,0.22656901
427349904,0.6753548,0.14417803,0.1804672
427490055,0.29529694,0.299562,0.40514103
427503513,0.3474623,0.37569016,0.2768476
427564476,0.23087503,0.5581578,0.2109672
427626440,0.6605536,0.1525528,0.18689357
427626915,0.3364771,0.39525732,0.26826558
427666215,0.12485694,0.7321576,0.14298539
427728219,0.18484667,0.1839451,0.6312082
427798775,0.22000505,0.48599702,0.29399794
427911324,0.74862397,0.108652845,0.14272323
427995200,0.45435372,0.27105772,0.27458856
428241932,0.42118844,0.32608518,0.25272635
428308465,0.47555625,0.27291954,0.2515242
428427013,0.32814345,0.322691,0.34916562
428433730,0.31753722,0.37174034,0.3107224
428444149,0.38381785,0.35833853,0.2578436
428500824,0.3111945,0.35231525,0.3364902
428505095,0.37543222,0.21681744,0.40775034
428538405,0.22537352,0.57996976,0.1946568
428619063,0.24065626,0.4484637,0.31088
428741318,0.16458201,0.6408688,0.19454917
428746232,0.33955413,0.35936967,0.30107623
428799914,0.47327018,0.24510296,0.28162676
428910764,0.2988464,0.32614857,0.37500513
428990036,0.46981412,0.263471,0.26671484
428992552,0.078353256,0.07763469,0.8440121
429078353,0.0950945,0.09583995,0.8090656
429092535,0.28222573,0.2323917,0.48538253
429127633,0.3387521,0.3722847,0.28896326
429148338,0.627248,0.18594635,0.18680562
429183612,0.17458956,0.18005133,0.64535916
429374584,0.39654052,0.14588286,0.4575766
429385642,0.74617887,0.10128439,0.15253669
429448260,0.23421592,0.35075182,0.41503227
429493394,0.33619815,0.3939734,0.26982838
429503056,0.3998613,0.3563712,0.24376751
429602545,0.30996096,0.3788775,0.31116167
429613686,0.21917291,0.46023366,0.3205934
429651933,0.4036794,0.31104016,0.2852805
429656795,0.43332097,0.27459747,0.29208153
429722846,0.4491002,0.18891285,0.361987
429812034,0.13565199,0.6976098,0.16673827
429923848,0.26009917,0.48165137,0.2582494
430002597,0.40291995,0.30989537,0.28718475
430135422,0.43347767,0.31966355,0.24685884
430172156,0.21509002,0.35520232,0.42970765
430221680,0.436109,0.2387524,0.32513863
430344555,0.35596135,0.22030543,0.42373323
430502590,0.36860675,0.3045039,0.32688937
430519139,0.25973234,0.35440618,0.38586152
430572885,0.09500388,0.7648883,0.14010783
430663117,0.62876785,0.18697938,0.18425278
430682124,0.20723914,0.5618445,0.23091637
430774193,0.32785213,0.40793407,0.26421383
430896547,0.5554507,0.22937825,0.21517116
430938415,0.34778196,0.4227143,0.22950368
431011503,0.32235897,0.32732558,0.35031545
431018221,0.48153946,0.27910802,0.23935251
431042760,0.54082423,0.24254392,0.21663177
431226021,0.27298206,0.40323046,0.32378745
431260386,0.3015311,0.3553007,0.3431682
431262967,0.25119418,0.4270518,0.32175398
431290955,0.29399854,0.39681265,0.3091888
431604088,0.56709826,0.18388578,0.24901599
431762861,0.09904927,0.103623845,0.79732686
432029518,0.13149512,0.10904358,0.7594612
432120926,0.25058046,0.2192061,0.5302134
432439225,0.47847778,0.27966672,0.24185547
432821369,0.30624825,0.34302595,0.3507258
432870317,0.46297818,0.2474919,0.28952995
432877900,0.7341194,0.10888614,0.15699445
432894724,0.5388101,0.2500386,0.21115136
432903891,0.436952,0.25920835,0.30383968
432916909,0.45157185,0.27393228,0.27449587
432967915,0.37808806,0.28842995,0.33348206
432996420,0.4625901,0.30063197,0.23677796
433132553,0.20932187,0.2176373,0.5730408
433143198,0.3807157,0.3424114,0.27687287
433154198,0.3677929,0.31082657,0.32138053
433225182,0.30247876,0.32861605,0.3689052
433282693,0.2737407,0.32573208,0.4005272
433284801,0.26362887,0.4542605,0.28211057
433380910,0.20075707,0.18603642,0.6132065
433388512,0.35227254,0.36816832,0.2795591
433400572,0.25471058,0.31497237,0.43031698
433442997,0.46801892,0.28229934,0.24968177
433486261,0.2839558,0.28996176,0.4260824
433519813,0.39350295,0.34554607,0.2609509
433566589,0.40510982,0.34985036,0.24503985
433635688,0.11734857,0.7572057,0.12544578
433689079,0.14635237,0.6978635,0.15578407
433807466,0.81261235,0.07029392,0.11709367
433987535,0.10383892,0.104473606,0.79168755
434178549,0.6343917,0.18086939,0.18473889
434216323,0.47586697,0.2650349,0.25909805
434287156,0.35190055,0.3422977,0.30580172
434338353,0.26384383,0.22303984,0.51311636
434560267,0.12487053,0.14892949,0.72620004
434570657,0.18500328,0.5797375,0.23525931
434602340,0.36789605,0.2740024,0.35810155
434654573,0.4715251,0.21859561,0.30987924
435037752,0.2635951,0.26662675,0.46977818
435132237,0.3862716,0.32858005,0.28514832
435335176,0.51383644,0.25548196,0.23068166
435363316,0.20702277,0.17302723,0.61995006
435403509,0.17099325,0.6551588,0.17384784
435404736,0.39628634,0.35014874,0.253565
435525274,0.48826537,0.24728973,0.26444483
435707361,0.32567853,0.3983598,0.27596173
435741452,0.43721098,0.32062972,0.24215928
435878448,0.21604994,0.5157017,0.26824838
435951302,0.49876472,0.24992312,0.25131217
436017636,0.093817726,0.7941862,0.11199612
436029068,0.2977041,0.2733105,0.42898536
436085048,0.2571964,0.3466395,0.3961641
436118704,0.33282,0.3864529,0.28072715
436163606,0.43855572,0.17948565,0.3819586
436170920,0.18318138,0.61666805,0.20015056
436177939,0.33998582,0.23375887,0.42625532
436206969,0.08705204,0.08637093,0.82657707
436231145,0.35860842,0.2750782,0.36631343
436312025,0.19525516,0.1618411,0.64290375
436402447,0.24220476,0.30985293,0.44794235
436449232,0.4242305,0.26742333,0.3083462
436461293,0.11087942,0.7300542,0.15906642
436500884,0.17194118,0.6461957,0.18186305
436605823,0.42552018,0.32925236,0.2452274
436772617,0.078974046,0.06340311,0.85762274
436796364,0.3375151,0.33628103,0.3262039
436840220,0.23312949,0.29968283,0.46718767
436857094,0.3502072,0.34120628,0.30858654
436930724,0.3368172,0.2595228,0.40365997
436937034,0.32409486,0.2475042,0.42840093
436976969,0.470454,0.28416258,0.24538337
436988058,0.16441302,0.64998746,0.1855995
437002459,0.3787999,0.30625534,0.31494486
437010000,0.45030096,0.2831039,0.2665951
437223170,0.16329862,0.6368773,0.19982414
437271233,0.34680876,0.3234139,0.3297774
437348309,0.39417794,0.28629667,0.31952545
437377763,0.29291528,0.33128747,0.3757972
437433165,0.28431278,0.40247145,0.31321573
437473665,0.49814084,0.21847326,0.28338587
437476833,0.18675375,0.590154,0.22309223
437571001,0.3197314,0.28243718,0.3978314
437636966,0.3284884,0.4412222,0.23028946
437657543,0.3061699,0.32757866,0.36625147
437681126,0.26196423,0.44527566,0.29276004
437730953,0.48334342,0.28908962,0.2275669
437766111,0.43167007,0.286331,0.28199893
437766510,0.15845072,0.6693866,0.17216264
437799286,0.39655998,0.3489281,0.2545119
437824138,0.27053678,0.3254438,0.40401945
437949900,0.79316604,0.07931356,0.12752037
437957305,0.30771846,0.25484854,0.43743294
438055073,0.35314864,0.3219361,0.32491523
438236614,0.31691757,0.33315673,0.34992573
438308100,0.425968,0.35065064,0.2233814
438327759,0.15777302,0.6497669,0.19246003
438335758,0.4634357,0.2479185,0.2886458
438336653,0.33884168,0.37400162,0.28715673
438354612,0.2507472,0.32370722,0.42554557
438429905,0.28619564,0.23666762,0.47713676
438644654,0.1902478,0.2441431,0.56560904
438653093,0.14560047,0.69549346,0.1589061
438802809,0.20151566,0.2046754,0.59380895
438843073,0.56376845,0.20124483,0.2349867
438879902,0.41225573,0.28439623,0.30334798
438919134,0.40780422,0.3246664,0.2675293
439089111,0.60335684,0.21403556,0.18260764
439108956,0.4781768,0.28603223,0.23579098
439185859,0.65638113,0.16832395,0.17529494
439197173,0.4125841,0.30808675,0.27932915
439346709,0.18535085,0.5911981,0.2234511
439367905,0.40436143,0.30007866,0.29555994
439381634,0.22783506,0.51565874,0.25650626
439495488,0.46018282,0.292326,0.24749115
439638626,0.5020117,0.273159,0.22482924
439686757,0.52260894,0.25580984,0.22158125
439720446,0.34857702,0.39983374,0.2515892
439833794,0.4592487,0.27445677,0.26629454
440350316,0.19620402,0.29897156,0.5048245
440351478,0.39888236,0.35664302,0.24447453
440380240,0.31097522,0.28683847,0.4021863
440501260,0.20226894,0.50567406,0.292057
440521496,0.26959065,0.2711294,0.45927995
440569223,0.2696351,0.29791674,0.43244812
440686336,0.37842137,0.27069628,0.35088235
440713626,0.36525658,0.31342894,0.32131448
440863342,0.46171433,0.2865229,0.25176275
440876776,0.41153905,0.3026038,0.28585708
440880456,0.36351395,0.31709912,0.3193869
440966086,0.51279974,0.26027143,0.22692883
441036120,0.22633407,0.4164963,0.35716966
441102973,0.39459386,0.33022445,0.2751817
441160590,0.39086184,0.3337456,0.27539256
441244224,0.24841183,0.41974896,0.33183923
441346474,0.28796095,0.39027694,0.32176208
441383759,0.4537755,0.28329387,0.26293066
441487524,0.20287934,0.21540895,0.58171177
441490705,0.26088274,0.46422648,0.27489078
441500796,0.2884016,0.3901556,0.32144275
441585444,0.1309677,0.7262465,0.14278579
441823157,0.41799518,0.3179322,0.26407266
441874323,0.2532648,0.3994289,0.34730634
441876524,0.5784686,0.20821941,0.21331199
441931726,0.3398675,0.34170902,0.31842345
442069946,0.29938483,0.36868078,0.33193433
442277870,0.27238834,0.38702253,0.3405891
442281768,0.11640869,0.12175028,0.76184094
442406055,0.23592012,0.3187088,0.44537103
442418265,0.59973943,0.19668089,0.20357962
442421087,0.23639637,0.49590763,0.267696
442506882,0.33113405,0.3237944,0.34507155
442608829,0.4562566,0.29548842,0.24825494
442670162,0.3142035,0.36230993,0.32348666
442738593,0.32574612,0.4322181,0.24203585
442759144,0.19874695,0.4356993,0.36555377
442788674,0.20894785,0.5667866,0.22426562
442791356,0.35820925,0.33151406,0.31027666
442878404,0.35677674,0.35342625,0.289797
442905619,0.14834319,0.6920423,0.1596145
442910346,0.5146663,0.21635216,0.26898155
442939289,0.33331776,0.3726752,0.29400706
442980712,0.33160535,0.38955998,0.27883464
442983670,0.5718509,0.22052684,0.20762223
443067175,0.27120984,0.39985752,0.32893255
443074106,0.3506391,0.35846344,0.29089746
443104959,0.28697968,0.39870256,0.3143177
443122030,0.23844868,0.2884073,0.47314397
443142195,0.4038543,0.3021728,0.29397288
443266737,0.31224868,0.37551987,0.31223133
443634778,0.41131762,0.3262204,0.262462
443690459,0.3916822,0.22660883,0.38170895
443881343,0.33099177,0.35577554,0.31323278
444022275,0.4506846,0.25033024,0.2989851
444031859,0.24210024,0.4630559,0.29484388
444233181,0.4066718,0.3040799,0.28924823
444234823,0.38812548,0.30752215,0.30435234
444264536,0.102534294,0.109953545,0.7875122
444320028,0.18454362,0.61295325,0.2025031
444332984,0.18808573,0.18131219,0.63060206
444350020,0.37185562,0.33435413,0.29379025
444352292,0.42610815,0.32983255,0.24405925
444408276,0.32912636,0.26919946,0.40167415
444442077,0.1730953,0.5901031,0.23680165
444476777,0.45371863,0.2764242,0.26985717
444519621,0.104833305,0.10392295,0.79124373
444532614,0.36955592,0.40857792,0.22186616
444626086,0.41489747,0.29117846,0.2939241
444635325,0.28996557,0.32532746,0.38470697
444688191,0.2467048,0.35950884,0.39378637
444689302,0.41036576,0.3310375,0.25859675
444724607,0.333583,0.3912405,0.27517644
444910356,0.13299125,0.72112185,0.14588685
445034386,0.3947755,0.34260735,0.26261708
445178573,0.36967945,0.3518488,0.27847168
445189383,0.3910332,0.32130253,0.2876642
445246150,0.39755696,0.2671268,0.3353162
445261014,0.16189973,0.62693554,0.21116473
445261023,0.51051587,0.15737553,0.3321086
445262572,0.7201325,0.13005398,0.14981343
445335542,0.5590022,0.22733565,0.21366204
445455149,0.22167231,0.29069582,0.48763186
445455879,0.34838372,0.3539018,0.29771447
445463139,0.36022067,0.32457283,0.3152065
445505989,0.28176737,0.38340414,0.33482847
445616580,0.20869781,0.21548165,0.5758205
445653580,0.29982072,0.32391447,0.37626478
445655208,0.060806703,0.84722257,0.09197077
445905668,0.7230549,0.12857322,0.14837182
445978651,0.17253882,0.13012522,0.69733596
446128929,0.23887856,0.5304544,0.23066702
446257684,0.3378235,0.35721692,0.3049596
446284671,0.22107555,0.5082063,0.27071813
446409438,0.3520554,0.37102738,0.27691722
446512308,0.44122538,0.2585539,0.3002207
446536026,0.30650437,0.39822516,0.2952704
446556747,0.3642291,0.33479628,0.30097464
446681081,0.3695834,0.34854957,0.28186703
446773242,0.43010685,0.2574535,0.3124396
446886988,0.4164091,0.3214495,0.26214135
446922957,0.32139814,0.36527222,0.31332955
446925210,0.15504932,0.6420381,0.20291251
446976751,0.34220243,0.3817671,0.27603045
447025138,0.23457928,0.3839602,0.3814605
447049655,0.38008052,0.31445575,0.30546373
447193208,0.24475157,0.41273448,0.34251395
447236946,0.43557242,0.35524958,0.209178
447308919,0.28750715,0.43829447,0.27419838
447418702,0.16572426,0.550932,0.2833438
447518728,0.46432105,0.24414316,0.29153582
447589795,0.12658443,0.09972386,0.7736917
447764974,0.3003345,0.39805186,0.3016136
447925038,0.41750163,0.29547438,0.28702402
448043396,0.343539,0.32319742,0.33326364
448051751,0.31452882,0.3814528,0.3040184
448150222,0.2820724,0.27822176,0.4397059
448206796,0.0978106,0.78137255,0.12081689
448330729,0.068466105,0.82539576,0.106138125
448385104,0.3413768,0.31042022,0.34820303
448460557,0.28718686,0.24469684,0.4681163
448525917,0.2278337,0.25108224,0.5210841
448638751,0.42933595,0.2739105,0.2967536
448806793,0.10788597,0.7608991,0.13121484
448866172,0.5045722,0.25519207,0.24023579
449035781,0.25744468,0.23899536,0.50355995
449129877,0.41579017,0.30034798,0.28386194
449214530,0.35639134,0.35490647,0.2887022
449275762,0.18954238,0.51601404,0.29444355
449322875,0.35875866,0.36620602,0.27503526
449355521,0.33622974,0.30644906,0.3573212
449442592,0.3707478,0.3107012,0.31855106
449517104,0.09988623,0.089880526,0.81023324
449542934,0.32100612,0.38576826,0.2932257
449552496,0.42502794,0.28609,0.28888214
449765455,0.19768818,0.19693163,0.6053801
449795541,0.36478248,0.354543,0.28067452
449813458,0.53137726,0.2486461,0.21997662
449936023,0.46087486,0.30201414,0.237111
449952443,0.28750384,0.2894088,0.42308745
449957906,0.11536163,0.7511548,0.13348359
450180427,0.3283152,0.4122586,0.2594262
450263126,0.15087795,0.65999305,0.18912902
450267467,0.30049527,0.19024333,0.50926137
450340979,0.27672687,0.48155615,0.24171698
450377796,0.37891373,0.25492778,0.36615852
450504635,0.36433157,0.35210544,0.28356296
450506525,0.6040189,0.17183879,0.22414231
450665458,0.29258308,0.39954975,0.3078672
450729402,0.26073122,0.27677676,0.4624919
450752523,0.4334644,0.30796477,0.25857076
450827182,0.34318537,0.36495414,0.29186052
450827902,0.77135426,0.09516932,0.13347645
450853979,0.15488529,0.65675867,0.18835607
450937820,0.24631535,0.4274714,0.32621336
450951345,0.13421655,0.1234963,0.74228716
451041623,0.18906833,0.2557048,0.5552269
451102003,0.2738701,0.45711645,0.26901338
451152156,0.30664602,0.36487922,0.3284748
451211737,0.30806303,0.32043597,0.371501
451223408,0.29069528,0.2756907,0.43361402
451229441,0.3501338,0.32324573,0.32662046
451459137,0.5966351,0.18921651,0.2141484
451474677,0.3268201,0.26140666,0.41177332
451513142,0.4039819,0.31021515,0.2858029
451611547,0.21373941,0.46608496,0.3201757
451793353,0.32619435,0.30737433,0.36643124
451925326,0.10766195,0.7106395,0.18169856
451933298,0.38899583,0.28021762,0.33078656
451958825,0.39894238,0.3212528,0.27980483
451987788,0.31270963,0.3746969,0.31259337
451995301,0.43723327,0.29820123,0.2645655
452006065,0.39006394,0.21835627,0.39157984
452032523,0.7862973,0.083154954,0.13054772
452102089,0.23734602,0.31898433,0.44366968
452153026,0.42769632,0.321089,0.25121468
452200749,0.359318,0.13857059,0.5021114
452217280,0.7101328,0.12294708,0.16692013
452240204,0.3986286,0.33298978,0.26838157
452420965,0.76729435,0.101046704,0.13165893
452577647,0.28842196,0.35156053,0.3600175
452682374,0.08778471,0.79743713,0.11477811
452741185,0.3000137,0.38944516,0.31054112
452745234,0.26594383,0.41337985,0.3206764
452794611,0.11356055,0.74283427,0.14360525
452841268,0.3116279,0.33708972,0.35128233
452889914,0.31055453,0.33799407,0.35145137
452979076,0.38860732,0.38237962,0.22901307
453008510,0.3344291,0.3214312,0.34413975
453100324,0.4935855,0.28437582,0.22203872
453219091,0.28020218,0.43780842,0.28198943
453260588,0.42845994,0.2986075,0.27293262
453261348,0.11850109,0.73136497,0.15013391
453309125,0.15712371,0.67725116,0.16562518
453428337,0.21870953,0.45678797,0.3245025
453485042,0.2127259,0.57708967,0.21018441
453602555,0.22594967,0.21410649,0.55994385
453638347,0.40598035,0.34284502,0.2511747
453743623,0.5951441,0.20052013,0.20433582
453816362,0.1350056,0.6956931,0.16930136
453823463,0.5346386,0.247409,0.21795234
453901234,0.21789487,0.20608622,0.57601887
454014198,0.31804013,0.31879058,0.36316934
454064523,0.34445015,0.33012882,0.32542107
454215963,0.21701364,0.5329243,0.2500621
454577007,0.17315036,0.5680539,0.25879574
454589117,0.32669678,0.3534757,0.31982753
454591788,0.114564754,0.74768955,0.13774571
454661059,0.34954813,0.38198367,0.26846823
454774906,0.32175708,0.39171323,0.28652972
454778207,0.10386358,0.09916052,0.7969759
454808903,0.4720435,0.30990848,0.21804798
454898660,0.22935018,0.22520214,0.5454476
454922300,0.5965141,0.17096533,0.23252049
454999138,0.24183297,0.45657516,0.30159196
455033362,0.18241394,0.5567537,0.26083237
455102952,0.29988816,0.31990668,0.3802051
455206438,0.5149694,0.26247367,0.22255683
455422899,0.19088559,0.5013026,0.30781177
455425542,0.35893592,0.32242477,0.31863934
455429087,0.4336946,0.3100424,0.25626296
455551502,0.41488943,0.30465484,0.2804557
455615423,0.18682039,0.61293393,0.2002457
455720109,0.12690307,0.73763746,0.1354595
455779086,0.32953012,0.31721643,0.35325348
455812496,0.3446574,0.38082877,0.2745139
455838921,0.08742236,0.08562332,0.8269543
455908714,0.2286849,0.34336126,0.42795387
455922256,0.4632873,0.27013552,0.2665772
456028128,0.38211414,0.2820662,0.33581966
456110783,0.20546047,0.21012364,0.5844159
456112330,0.49280614,0.24350733,0.2636866
456202426,0.32111683,0.25207797,0.42680526
456263252,0.19510125,0.57756275,0.22733606
456339278,0.52968717,0.2519216,0.21839121
456340115,0.25486293,0.3787521,0.36638498
456355193,0.359122,0.3021301,0.33874792
456357337,0.52644527,0.19434093,0.2792138
456412435,0.18239619,0.19200967,0.6255941
456430428,0.47036058,0.264861,0.26477847
456726072,0.14980198,0.65441,0.19578798
456927373,0.4392138,0.23660888,0.3241772
457054687,0.39984632,0.31145063,0.288703
457298007,0.13639499,0.105307676,0.7582974
457362480,0.1991511,0.57951546,0.22133346
457450028,0.34385473,0.32627064,0.32987458
457567382,0.20905712,0.2889368,0.5020061
457642714,0.51204574,0.26861134,0.21934299
457690621,0.58411634,0.19517131,0.22071236
457695635,0.52594346,0.26215684,0.21189976
457695716,0.6874435,0.14304143,0.16951519
457695960,0.33060476,0.38248545,0.2869098
457742814,0.47705275,0.27292114,0.25002617
457824239,0.35491842,0.3355382,0.3095434
457952373,0.25975966,0.39523566,0.3450047
458328633,0.65836316,0.16765045,0.17398636
458461120,0.4733878,0.28565806,0.24095412
458571160,0.30523098,0.33861643,0.3561526
458585835,0.23861463,0.4805968,0.28078854
458677274,0.27337313,0.48967245,0.23695454
458701352,0.18703791,0.1575265,0.65543556
458752841,0.39879754,0.33562094,0.26558155
458767383,0.40240508,0.31029442,0.28730053
458776308,0.22498298,0.54042035,0.23459664
458790155,0.3854986,0.3182883,0.29621306
458799359,0.7006004,0.14478631,0.15461336
458811644,0.44411728,0.21815231,0.33773044
458814427,0.43327567,0.25688055,0.30984372
458878519,0.31340158,0.30650276,0.38009563
458950295,0.33204046,0.3407375,0.32722214
459146542,0.21170293,0.23812851,0.55016863
459171609,0.38737106,0.24453549,0.3680934
459206734,0.28336912,0.2403026,0.47632828
459269314,0.5846897,0.21110293,0.20420747
459280148,0.21990187,0.46354753,0.3165506
459322889,0.14824298,0.6982871,0.15346989
459439842,0.56062376,0.21386874,0.22550748
459600837,0.10808328,0.77326083,0.11865586
459668986,0.28398687,0.3859121,0.3301011
459711522,0.2997513,0.3339236,0.36632514
459765031,0.3058857,0.2724265,0.4216878
459924375,0.19668408,0.1806289,0.62268704
459990017,0.31481794,0.32222313,0.362959
459990441,0.5402895,0.1982359,0.26147458
460038464,0.27897802,0.40813604,0.3128859
460092025,0.27145076,0.3822813,0.34626797
460124099,0.28237143,0.30969706,0.4079316
460139293,0.5384967,0.22251697,0.23898631
460204731,0.30754006,0.43006894,0.262391
460257246,0.6033767,0.19296649,0.2036568
460290821,0.06588373,0.8422918,0.091824435
460353993,0.36382145,0.28682172,0.34935683
460521330,0.18913083,0.6048213,0.20604785
460627168,0.5078051,0.25039092,0.24180405
460679430,0.8009673,0.080266714,0.118766025
460719099,0.29049376,0.34649074,0.36301547
460742431,0.27411863,0.4568955,0.26898584
460751101,0.3882655,0.36613423,0.24560033
460760040,0.23829384,0.47957298,0.28213313
460909887,0.43763742,0.29563197,0.26673055
460933190,0.4690623,0.29568714,0.23525055
460965622,0.42857096,0.2918432,0.2795858
461030760,0.4356574,0.16195188,0.40239072
461061919,0.38072693,0.28988844,0.32938465
461270519,0.18636085,0.16441968,0.6492195
461285321,0.4593455,0.30350164,0.2371528
461343366,0.20664416,0.19184856,0.6015073
461413054,0.10166908,0.7789574,0.119373456
461484429,0.4175742,0.2881382,0.2942875
461583114,0.36767718,0.3016663,0.33065656
461813516,0.41022307,0.1717812,0.41799572
461878654,0.20448643,0.24938333,0.5461303
462048691,0.307205,0.35080826,0.34198675
462097477,0.70008844,0.15174744,0.1481641
462197561,0.2632858,0.3160344,0.42067975
462283701,0.5665908,0.22367328,0.20973593
462315509,0.3037594,0.26452577,0.43171483
462452680,0.33380866,0.42208698,0.24410437
462732529,0.4004878,0.33646524,0.26304698
462749421,0.4288051,0.30822492,0.26297
462949816,0.31418535,0.36951226,0.31630248
463075529,0.47808573,0.26182836,0.26008585
463109444,0.23355913,0.40491673,0.36152405
463153867,0.22774284,0.23777595,0.53448117
463155098,0.43384123,0.29661608,0.26954275
463159915,0.1835054,0.2054856,0.61100906
463188580,0.4816359,0.27884933,0.23951474
463279062,0.30885693,0.3956332,0.29550987
463287815,0.28171298,0.3821785,0.3361086
463350103,0.29859468,0.44991633,0.25148898
463436741,0.20003755,0.5573602,0.24260233
463467410,0.5040956,0.27720803,0.21869642
463497863,0.3384789,0.37114012,0.29038095
463564812,0.39751333,0.32752287,0.27496377
463653887,0.27287456,0.44379315,0.2833323
463704586,0.5808727,0.16549514,0.25363216
463737412,0.28953156,0.33449212,0.3759763
463743145,0.34666094,0.33528382,0.31805527
463800148,0.36584407,0.31379822,0.3203577
463944696,0.20651999,0.559053,0.23442702
463974240,0.13016814,0.1238694,0.74596244
464021358,0.38629997,0.26920402,0.344496
464046818,0.3697882,0.35319275,0.2770191
464091542,0.2677657,0.33520535,0.39702892
464110158,0.7216899,0.12739073,0.15091938
464186111,0.28230086,0.38634774,0.33135137
464237715,0.60544676,0.19560096,0.19895223
464383872,0.3268135,0.34351307,0.32967338
464397045,0.37722927,0.33460677,0.28816396
464479208,0.14158215,0.68866426,0.16975367
464524480,0.30959013,0.3750933,0.31531656
464635735,0.47575882,0.2741202,0.250121
464699811,0.32182142,0.41134915,0.26682943
464759100,0.39573067,0.36074615,0.24352318
464968543,0.3248098,0.3029753,0.37221488
464975319,0.25480792,0.4086615,0.33653057
465053697,0.24644567,0.47629648,0.2772579
465159498,0.31429222,0.33611614,0.3495916
465193496,0.8060296,0.07911196,0.11485837
465248579,0.4925176,0.26580915,0.24167329
465410778,0.50526935,0.2517402,0.24299039
465561956,0.08100376,0.8202261,0.09877015
465638359,0.51327777,0.22780585,0.25891638
465660401,0.67984945,0.1496492,0.17050135
465664098,0.24863394,0.49167076,0.25969532
465758777,0.6674416,0.1241116,0.20844683
465854275,0.40304518,0.31315005,0.2838048
465992488,0.26764232,0.41033724,0.3220204
465994878,0.33069268,0.32835126,0.34095603
466010252,0.40020183,0.36317605,0.23662212
466031216,0.1347104,0.1273039,0.7379857
466147717,0.30633792,0.16512622,0.5285359
466177542,0.62818724,0.14940971,0.22240303
466203870,0.2236112,0.20576906,0.5706198
466277654,0.13570431,0.6917417,0.1725539
466364312,0.26372224,0.3162782,0.41999957
466377308,0.23076363,0.24497147,0.52426493
466399126,0.32634887,0.37022665,0.30342448
466514172,0.37468255,0.3658702,0.25944725
466671063,0.45010749,0.30044332,0.24944924
466710889,0.3541874,0.28440863,0.36140397
466725709,0.6172024,0.16690256,0.21589495
466880213,0.33401394,0.2677712,0.39821482
466926515,0.2717921,0.3998461,0.32836178
467011606,0.35723367,0.27742028,0.3653461
467024889,0.6286595,0.14407876,0.22726169
467157270,0.2872955,0.2826926,0.43001187
467167725,0.32489854,0.31298527,0.36211625
467178230,0.32584286,0.36289918,0.31125787
467233266,0.39468026,0.33814174,0.26717794
467245506,0.2311058,0.53216326,0.23673092
467302219,0.074640654,0.82378453,0.101574816
467518182,0.23363553,0.20100075,0.5653637
467588411,0.2939584,0.379347,0.3266946
467764110,0.36245087,0.29323274,0.34431636
467772133,0.33820423,0.32749748,0.33429834
467816767,0.3230563,0.34851667,0.32842702
467817349,0.1412489,0.141404,0.7173471
467857986,0.2779295,0.36353943,0.35853106
467874429,0.36203206,0.3662731,0.2716949
467917860,0.30574474,0.40858054,0.28567478
468048222,0.22525707,0.36842307,0.40631992
468060144,0.33286276,0.37213573,0.29500154
468147763,0.4086422,0.27020645,0.32115135
468201907,0.18346444,0.6267434,0.18979214
468208324,0.23051779,0.32106483,0.44841737
468218938,0.49318382,0.26585117,0.24096505
468242541,0.29274642,0.43288037,0.2743732
468250958,0.3357696,0.34353295,0.32069746
468492900,0.47460046,0.26239914,0.26300034
468620338,0.31630182,0.35288426,0.33081397
468624511,0.48507383,0.2856779,0.22924817
468633040,0.39892676,0.33452088,0.2665523
468660756,0.18453702,0.6017273,0.21373567
468667096,0.2218511,0.5386695,0.23947938
468669991,0.29850197,0.3930469,0.30845112
468723110,0.18580264,0.5866536,0.22754379
468769184,0.25780675,0.5313305,0.21086273
468954728,0.077665925,0.83023185,0.092102215
469018035,0.3216764,0.4135361,0.26478747
469212801,0.21002752,0.1957566,0.5942158
469282459,0.30247873,0.29989266,0.39762858
469336714,0.101738796,0.09560455,0.80265665
469572577,0.3293545,0.3167749,0.35387063
469692347,0.6943619,0.13510303,0.17053506
469716699,0.5346156,0.22198267,0.24340169
469839021,0.34956086,0.30449906,0.34594014
469926125,0.23186474,0.5564619,0.21167345
469971159,0.45246965,0.28139788,0.26613253
469996842,0.41045883,0.28066593,0.30887526
470000242,0.5549738,0.22011189,0.22491434
470015525,0.30806577,0.32061842,0.3713158
470035810,0.2722686,0.29554105,0.43219036
470072545,0.19376053,0.2007409,0.6054986
470198366,0.21312845,0.52759594,0.25927556
470348716,0.61625904,0.18462442,0.1991165
470480363,0.28382343,0.23862644,0.47755018
470485337,0.36620837,0.3324373,0.3013543
470523934,0.26882932,0.49601355,0.23515713
470596416,0.31341434,0.42716098,0.2594246
470656843,0.35982364,0.32537386,0.31480256
470737341,0.32165393,0.33321726,0.3451288
470859906,0.26128462,0.3298077,0.40890765
470955444,0.2054378,0.49273115,0.30183098
471051462,0.36469114,0.3071311,0.3281777
471080071,0.4619386,0.2485717,0.2894897
471087834,0.4864397,0.23754553,0.2760147
471088945,0.35612205,0.33767363,0.3062043
471122470,0.2708607,0.31651056,0.41262874
471302489,0.41243362,0.3271441,0.2604223
471317960,0.21751821,0.56359917,0.21888264
471335653,0.14762405,0.6771392,0.17523669
471605290,0.30568475,0.3605896,0.33372566
471620428,0.5884533,0.22060509,0.19094162
471644003,0.3868914,0.30616963,0.306939
471650656,0.18900175,0.17170857,0.6392897
471658270,0.30851027,0.35770166,0.3337881
471676659,0.2801674,0.3361341,0.3836985
471975614,0.65687937,0.1558453,0.18727535
472073397,0.2759814,0.3092456,0.41477296
472273690,0.43941173,0.32859257,0.23199572
472342466,0.28270164,0.29540256,0.42189574
472414504,0.4898851,0.2866368,0.22347818
472601071,0.39465255,0.25046352,0.35488394
472730045,0.22066431,0.23042977,0.54890597
472745624,0.4867103,0.28247172,0.23081796
472767345,0.5038731,0.2439345,0.25219235
472944911,0.2908788,0.43319383,0.27592734
473010455,0.2658116,0.26544708,0.46874133
473031638,0.41112256,0.29880974,0.29006773
473078384,0.35208535,0.31624028,0.33167434
473232433,0.20747903,0.58595943,0.20656155
473265719,0.31697145,0.22092113,0.46210742
473440125,0.3220838,0.29951912,0.37839717
473445922,0.3094896,0.4017872,0.2887232
473680791,0.20882596,0.5979213,0.19325273
473766316,0.4415093,0.20769319,0.35079744
474436151,0.26614517,0.431685,0.3021699
474466873,0.3569444,0.28873843,0.35431716
474520900,0.22825462,0.52682763,0.24491775
474667742,0.36957225,0.27153528,0.35889247
474718767,0.19714598,0.5892578,0.21359627
474977762,0.4903726,0.25857022,0.2510571
474994014,0.3440524,0.37619728,0.27975038
475023036,0.41085428,0.32390934,0.26523638
475036459,0.12591666,0.11585617,0.7582271
475147152,0.2866799,0.27569875,0.43762136
475154929,0.704334,0.12049461,0.17517142
475157163,0.31086373,0.40859485,0.28054148
475236629,0.6210234,0.17087218,0.2081044
475249212,0.36902246,0.36283407,0.26814348
475410319,0.1935045,0.17272295,0.6337725
475443477,0.20963126,0.2138967,0.576472
475492848,0.28454617,0.37762886,0.33782506
475512340,0.26978648,0.34141353,0.38879997
475516149,0.19426624,0.12810244,0.6776313
475629845,0.5279721,0.21893463,0.2530933
475668585,0.6370828,0.14847301,0.21444415
475758162,0.4943102,0.2811903,0.22449952
475863404,0.33803698,0.3115892,0.3503739
476009460,0.32858878,0.37539366,0.29601756
476046870,0.364051,0.3813951,0.25455394
476048485,0.37125474,0.35255295,0.27619228
476074446,0.19718982,0.58325356,0.21955656
476156886,0.4351251,0.24098198,0.32389295
476188273,0.29479438,0.33022925,0.37497637
476288155,0.17802675,0.6228714,0.19910184
476352428,0.4184131,0.35552263,0.22606422
476465852,0.39547095,0.323021,0.28150806
476518832,0.40713033,0.3520542,0.24081543
476555029,0.27443603,0.48196852,0.24359542
476609334,0.28498664,0.33121085,0.38380247
476667660,0.19620396,0.20742801,0.5963681
476694272,0.222493,0.21303578,0.5644711
476905216,0.19068214,0.16952057,0.6397973
477016236,0.33506492,0.17623985,0.4886953
477022683,0.2604391,0.24614687,0.49341398
477188550,0.53470296,0.25527507,0.21002196
477195031,0.35858518,0.33677435,0.30464053
477217124,0.27767533,0.2124124,0.5099123
477221064,0.45676988,0.30256575,0.2406644
477233195,0.09663802,0.7889167,0.114445336
477265495,0.41768765,0.28307194,0.29924047
477398298,0.38575122,0.35403946,0.26020926
477456650,0.2655525,0.4355968,0.29885072
477491539,0.29346845,0.38550878,0.32102278
477591699,0.4730847,0.29551792,0.23139738
477631614,0.34333208,0.33915636,0.3175116
477650020,0.31720826,0.33310068,0.3496911
477661869,0.5150847,0.21426588,0.2706494
477786295,0.31003913,0.34292543,0.34703544
478017323,0.40894708,0.3010929,0.28996003
478074431,0.49577564,0.26915896,0.23506536
478154758,0.3367963,0.3703914,0.29281226
478208903,0.112376414,0.7639862,0.123637356
478396595,0.33923185,0.34923416,0.311534
478728687,0.1068342,0.10566744,0.78749835
478731792,0.35418612,0.32935745,0.3164564
478828961,0.3794217,0.33306965,0.28750867
478834489,0.31663182,0.3422807,0.34108752
478881709,0.25727567,0.41956988,0.32315445
479011110,0.4012357,0.3126737,0.28609067
479064468,0.35244125,0.33964622,0.3079125
479134446,0.31240955,0.27299085,0.41459957
479145876,0.28733733,0.33049783,0.3821648
479308508,0.26298463,0.44909596,0.28791934
479382037,0.3206666,0.34169346,0.33763993
479421963,0.38088018,0.31302658,0.30609322
479427608,0.29163456,0.25672397,0.45164153
479450347,0.33213478,0.39982605,0.26803914
479478152,0.4450656,0.30258676,0.2523476
479588431,0.16623199,0.17402907,0.6597389
479654178,0.1762116,0.607368,0.21642044
479752039,0.43306184,0.28873318,0.27820498
479754624,0.39226437,0.3143994,0.29333627
479989851,0.39025116,0.34371242,0.26603633
480011417,0.53694445,0.24044983,0.22260569
480093066,0.3386015,0.30440488,0.35699365
480221231,0.16776624,0.14538991,0.6868439
480338166,0.5755805,0.20186526,0.22255422
480384486,0.30250958,0.34190065,0.3555898
480445098,0.3226973,0.32618,0.35112277
480479536,0.17279015,0.6105328,0.21667702
480597790,0.26651955,0.26873264,0.46474782
480798685,0.29905796,0.28604752,0.41489452
480801801,0.2966364,0.30943653,0.393927
480857769,0.40745544,0.3075085,0.2850361
480885090,0.24374901,0.52212816,0.23412287
480938859,0.37423736,0.32382342,0.30193922
481109508,0.2239073,0.4475544,0.32853827
481131882,0.31510845,0.3717132,0.31317833
481427643,0.34677395,0.32383952,0.3293866
481438588,0.19348462,0.5865201,0.21999536
481588342,0.30105272,0.34349787,0.35544944
481704078,0.22534017,0.34433421,0.4303256
481811985,0.27120152,0.4083204,0.320478
481860235,0.36387,0.3567515,0.27937847
481899852,0.775067,0.10052506,0.124407955
481964135,0.3117546,0.2889073,0.3993381
482131990,0.30787012,0.32818428,0.3639457
482137607,0.41347304,0.33961695,0.24690998
482138633,0.78124374,0.07816351,0.1405927
482261469,0.50164115,0.16390564,0.3344532
482289788,0.1945348,0.4815514,0.3239138
482338391,0.29795575,0.44084135,0.26120296
482359586,0.4771322,0.24309696,0.27977088
482390831,0.29467425,0.30458885,0.40073696
482397515,0.30811802,0.28552344,0.40635857
482485639,0.39454406,0.34312794,0.26232794
482532200,0.32863778,0.3322957,0.33906657
482761724,0.37925273,0.34060553,0.28014168
482812185,0.49253947,0.26666674,0.24079375
482963048,0.39291808,0.3187164,0.28836545
483050435,0.21157521,0.20978251,0.5786423
483095673,0.31919548,0.33341795,0.34738654
483149747,0.2403269,0.46428537,0.29538763
483296173,0.40374064,0.25356755,0.3426918
483405532,0.42941192,0.31431213,0.25627592
483442448,0.2572119,0.26109773,0.48169032
483455335,0.3888157,0.3748367,0.23634759
483496265,0.26718792,0.40096185,0.33185014
483514502,0.501738,0.27768704,0.22057489
483531985,0.330388,0.24076787,0.42884412
483598816,0.40683827,0.3209865,0.2721752
483715738,0.22630912,0.31141287,0.46227804
483791198,0.36517367,0.35199338,0.28283295
483955485,0.4801091,0.26455072,0.2553402
483960766,0.29063198,0.3116958,0.3976722
484043008,0.53655064,0.24305394,0.22039545
484046647,0.16139989,0.15685038,0.68174976
484095023,0.2977495,0.34780803,0.35444242
484107421,0.1807233,0.16065842,0.65861833
484152884,0.32566267,0.3219461,0.35239127
484221012,0.32741037,0.34881607,0.3237736
484336606,0.18973097,0.596248,0.21402106
484427901,0.3226272,0.2597783,0.41759458
484480070,0.2839204,0.23889033,0.4771893
484508150,0.20898452,0.21226728,0.57874817
484624834,0.44540936,0.25630945,0.29828125
484641650,0.12317479,0.1406733,0.73615193
484687038,0.26873296,0.45094642,0.28032064
484725603,0.18310171,0.17283432,0.64406395
484748673,0.17050129,0.63091284,0.1985859
484858714,0.20666233,0.40341595,0.38992172
484917763,0.53187245,0.27111754,0.19701006
485047091,0.63120955,0.18295607,0.18583438
485124296,0.24891216,0.27129412,0.47979367
485143243,0.57499933,0.20384975,0.22115088
485183826,0.09263451,0.7920945,0.115271
485214601,0.17184898,0.5981059,0.23004505
485216899,0.42202055,0.3333964,0.24458303
485252287,0.66306144,0.16283198,0.17410652
485271482,0.17729059,0.18402903,0.6386804
485282697,0.26518407,0.32388335,0.4109326
485495938,0.4202419,0.30925268,0.2705054
485714765,0.18745497,0.25783724,0.5547078
485866568,0.3739504,0.38320574,0.2428439
485976825,0.10120396,0.098862395,0.79993373
486008997,0.29130667,0.30310726,0.4055861
486124467,0.36112788,0.35036656,0.28850555
486232164,0.1931272,0.5414746,0.26539823
486265951,0.35910136,0.25868383,0.38221475
486338495,0.26443443,0.28460756,0.450958
486355522,0.31079522,0.30641976,0.38278502
486393740,0.54209286,0.19067444,0.26723275
486621881,0.37562189,0.32469428,0.29968387
486923986,0.5519577,0.21041828,0.23762392
486999369,0.32925767,0.34309545,0.32764688
487217799,0.40797916,0.3048866,0.28713423
487403950,0.52939177,0.25138298,0.21922523
487511698,0.3861757,0.3028225,0.31100178
487542827,0.5566764,0.22654901,0.2167746
487660028,0.36613718,0.3841683,0.24969453
487841594,0.31477654,0.35736516,0.3278584
488042669,0.36355674,0.2912674,0.3451758
488058549,0.3451976,0.38798776,0.26681468
488118975,0.46518132,0.25148383,0.28333488
488171159,0.13589199,0.1575406,0.70656735
488232092,0.4012952,0.32247543,0.2762293
488805379,0.34118575,0.27798873,0.38082558
488814667,0.21580371,0.24030817,0.5438881
488842768,0.2815424,0.37722197,0.34123558
488965026,0.39500973,0.3160471,0.28894323
489012955,0.32147515,0.33693105,0.34159374
489016776,0.2345154,0.4554347,0.31005
489086161,0.4453804,0.30224195,0.2523777
489126920,0.3781063,0.31219563,0.30969808
489143130,0.065917194,0.8423478,0.091735005
489146593,0.4212216,0.25405878,0.3247196
489179641,0.24091189,0.1723356,0.5867525
489447754,0.32726178,0.39615554,0.27658272
489463663,0.6830038,0.119534925,0.19746129
489470297,0.5272294,0.15048663,0.32228392
489472762,0.59020454,0.2068124,0.20298307
489499249,0.315902,0.42296767,0.26113033
489569915,0.37844202,0.3324619,0.28909612
489587903,0.14740081,0.6982341,0.15436508
489709010,0.19745074,0.20029649,0.6022527
489731947,0.68924254,0.1494296,0.16132796
489847740,0.5264326,0.23229952,0.24126789
489880806,0.27993044,0.21858272,0.50148684
490037829,0.33891863,0.34215862,0.3189227
490039457,0.5269187,0.24135788,0.23172341
490082549,0.51584333,0.26691237,0.21724425
490119374,0.41931114,0.30191958,0.2787693
490208446,0.3635082,0.30633685,0.33015496
490298675,0.28503817,0.22112054,0.49384132
490479146,0.33267224,0.2996007,0.3677271
490598558,0.24862875,0.42757568,0.3237956
490711096,0.2863061,0.30171943,0.4119745
490744374,0.46660852,0.32506934,0.20832215
490850497,0.16713832,0.6148142,0.2180474
490906482,0.23264441,0.28470144,0.48265412
491085423,0.46618924,0.27819824,0.25561252
491142401,0.29711664,0.4517235,0.25116
491148271,0.33071145,0.35670054,0.31258798
491580078,0.40133193,0.33879203,0.25987598
491634141,0.16344488,0.6190214,0.21753377
491635816,0.40115345,0.37723064,0.22161591
491651272,0.13231973,0.71018445,0.15749586
491881471,0.46870688,0.28903148,0.24226162
491901812,0.49121764,0.27066946,0.23811287
492090356,0.2666283,0.2974194,0.4359523
492142000,0.33350536,0.347558,0.3189367
492151451,0.120633855,0.744747,0.13461919
492276819,0.46555007,0.31093574,0.22351417
492374535,0.2531709,0.35136077,0.39546826
492410769,0.4033541,0.32065752,0.27598837
492456628,0.2663543,0.40188444,0.33176127
492481745,0.5772668,0.17692755,0.24580567
492488137,0.36820406,0.34005913,0.29173684
492788803,0.47001195,0.28404918,0.24593884
492791333,0.27149323,0.33436897,0.3941378
492802524,0.29490384,0.33236605,0.3727301
492804594,0.27782208,0.4164357,0.30574223
492869317,0.14635172,0.12279462,0.7308536
492878908,0.23144735,0.436094,0.3324586
492943824,0.5305527,0.22454716,0.24490012
493201308,0.28443065,0.31564015,0.39992923
493244939,0.1724653,0.1478665,0.67966825
493255567,0.15945548,0.67901766,0.16152689
493257416,0.26368102,0.35158807,0.38473094
493508260,0.31909606,0.33501974,0.34588417
493526846,0.57886004,0.21588041,0.20525959
493846450,0.73306054,0.1177447,0.14919482
494011047,0.52509475,0.24386638,0.23103885
494119110,0.36673504,0.36451456,0.2687504
494144778,0.33287743,0.3850351,0.28208748
494263076,0.1262761,0.1104508,0.7632732
494287782,0.23278911,0.42832437,0.33888653
494327161,0.30736798,0.2953178,0.3973143
494345715,0.3929895,0.35681856,0.25019205
494377371,0.32470876,0.36145684,0.3138345
494397284,0.499876,0.26328295,0.23684104
494500525,0.16072425,0.6387673,0.20050843
494638243,0.42767653,0.30279738,0.2695261
494761357,0.20432521,0.22169843,0.57397634
494768722,0.64895684,0.16020137,0.1908418
494809058,0.24232584,0.5514015,0.20627266
494867561,0.34759802,0.32144874,0.33095324
494873522,0.3712133,0.31579092,0.31299576
494913692,0.61511356,0.17740487,0.20748158
495056018,0.31126252,0.3064834,0.38225412
495062444,0.2895579,0.41394496,0.2964971
495069269,0.41698527,0.2921716,0.29084304
495089530,0.19839299,0.43116394,0.37044314
495131138,0.25877526,0.23095314,0.51027155
495158752,0.31378955,0.4129369,0.27327362
495251589,0.3354409,0.2993443,0.36521474
495302741,0.2287978,0.3064145,0.46478763
495311712,0.4924489,0.27728572,0.23026538
495795387,0.10795982,0.10855904,0.78348124
495830234,0.3604081,0.29535636,0.3442356
496025339,0.32637903,0.34783733,0.32578364
496109874,0.3483538,0.39239457,0.25925153
496111089,0.25575304,0.35617432,0.3880727
496114605,0.3492591,0.38047877,0.27026212
496147327,0.34745625,0.38254,0.27000377
496223624,0.27160013,0.25049424,0.4779056
496264550,0.32370973,0.3382782,0.33801204
496298384,0.42114887,0.3306155,0.24823561
496308987,0.28490484,0.35421774,0.36087745
496311633,0.53824735,0.21541026,0.24634242
496395999,0.36461374,0.4059626,0.22942364
496623209,0.43379512,0.3106627,0.25554213
496635295,0.21085691,0.39363897,0.39550415
496821200,0.4239303,0.29481325,0.28125644
496872952,0.23624498,0.30560678,0.45814818
496894995,0.37557033,0.31798548,0.30644426
496998812,0.118205145,0.75401807,0.12777679
497033277,0.5632066,0.22992219,0.20687115
497107087,0.28380206,0.3827003,0.3334976
497200228,0.1482613,0.6530841,0.19865459
497224286,0.20620495,0.39140764,0.40238753
497377531,0.3373109,0.35928226,0.30340683
497447828,0.6080984,0.18118228,0.21071938
497516705,0.31817636,0.358647,0.32317668
497608926,0.24863079,0.46712354,0.28424564
497625741,0.31162524,0.41032648,0.27804828
497652220,0.27545077,0.41276744,0.31178188
497731379,0.28573543,0.27208555,0.442179
497747132,0.1759983,0.60973537,0.21426634
497784772,0.19324487,0.1784135,0.6283416
497834662,0.7458967,0.11553876,0.13856454
497929258,0.32981896,0.4022401,0.2679409
497962220,0.19807799,0.22086595,0.5810561
498001485,0.24700472,0.49278355,0.2602118
498014701,0.38188347,0.38080233,0.23731418
498139977,0.39763874,0.34402272,0.2583386
498357276,0.35944727,0.33877355,0.30177915
498562601,0.33801967,0.3262189,0.33576134
498605733,0.30489528,0.3324036,0.36270112
498707823,0.2552876,0.27733845,0.46737394
498815495,0.2865988,0.44028628,0.2731149
498882726,0.29617932,0.46346012,0.24036057
498954640,0.26411462,0.47600394,0.25988144
499081983,0.2249853,0.42300645,0.3520083
499283495,0.19224085,0.5496563,0.25810292
499340183,0.3141105,0.32312876,0.36276075
499668325,0.14840767,0.13297845,0.71861386
499729881,0.38879028,0.3009893,0.3102205
499779556,0.24400556,0.5048799,0.25111452
499869810,0.3983828,0.35328874,0.24832852
500133797,0.34717864,0.25539517,0.3974261
500203657,0.38665158,0.23038511,0.38296327
500237853,0.41513827,0.32036132,0.26450044
500346997,0.5058751,0.2633147,0.23081021
500619281,0.761986,0.08988428,0.14812972
500665937,0.2976482,0.34127054,0.3610812
500701582,0.38983157,0.3150256,0.29514286
500710707,0.39359856,0.2774711,0.32893035
500908111,0.33467403,0.37038538,0.29494062
500962073,0.64933264,0.14771828,0.20294908
501014667,0.14968179,0.686421,0.16389725
501036430,0.2293974,0.27389088,0.49671173
501085807,0.37286466,0.36085704,0.26627827
501098655,0.50303555,0.24227941,0.2546851
501124133,0.28217152,0.39255983,0.32526866
501292483,0.57958204,0.21750386,0.2029142
501380141,0.2496546,0.23902746,0.51131797
501402942,0.30239862,0.39087918,0.30672222
501423738,0.52057457,0.22821316,0.25121236
501451622,0.083301224,0.803419,0.11327978
501557652,0.26891434,0.34311354,0.3879721
501589422,0.31209636,0.29421535,0.39368835
501691691,0.27475446,0.27615213,0.44909343
501754487,0.38582087,0.2831138,0.33106533
501882795,0.30258453,0.32124844,0.37616703
501945871,0.257245,0.26253757,0.48021737
501961931,0.14703687,0.12919715,0.72376597
502016284,0.3427152,0.31511888,0.34216592
502229264,0.182595,0.59872943,0.21867561
502266710,0.33666146,0.37859938,0.28473917
502316029,0.26760575,0.39969474,0.33269954
502338387,0.20203124,0.5955308,0.20243797
502347083,0.48690104,0.2535282,0.25957066
502394896,0.3171543,0.38654515,0.29630056
502458362,0.7965317,0.08505616,0.118412174
502473210,0.39847332,0.31258547,0.2889412
502477978,0.2850309,0.36241275,0.3525563
502591017,0.3507717,0.3430269,0.30620146
502651372,0.3002397,0.3329595,0.36680076
502782572,0.3283876,0.2723929,0.39921954
502806117,0.53370255,0.2330651,0.23323227
502916800,0.7441158,0.1155461,0.1403381
503043953,0.75726724,0.10613577,0.13659707
503394248,0.38334435,0.3343436,0.282312
503460845,0.36655617,0.39678305,0.23666075
503479525,0.25917011,0.30664375,0.43418613
503513228,0.72439474,0.15248422,0.12312096
503632841,0.29592848,0.3043731,0.39969844
503710285,0.7679553,0.096788906,0.13525572
503904795,0.43982628,0.28019458,0.27997914
504311299,0.54662406,0.22615832,0.22721767
504316486,0.27018717,0.2353716,0.49444118
504404218,0.347999,0.33181712,0.3201838
504409958,0.2224078,0.5237542,0.2538381
504437799,0.10167335,0.09394578,0.80438083
504475239,0.08739038,0.083861,0.8287486
504549187,0.37628642,0.36181656,0.261897
504557090,0.54601365,0.25214532,0.20184107
504631902,0.24242288,0.3200181,0.437559
504729889,0.5380723,0.2437031,0.21822459
504737153,0.17336504,0.5164997,0.31013528
504760547,0.36315843,0.3660776,0.27076396
504845461,0.40103528,0.3118965,0.28706822
504891950,0.5011688,0.3014638,0.19736746
504948262,0.14677094,0.6792779,0.17395118
505027458,0.47522402,0.22864774,0.29612824
505066365,0.47491446,0.27653417,0.24855132
505126666,0.3444837,0.37718073,0.27833557
505129105,0.3569023,0.290188,0.3529097
505219931,0.31573018,0.22134776,0.462922
505235598,0.33554983,0.32781106,0.3366391
505743387,0.22205067,0.4705209,0.30742836
505982586,0.51983786,0.23944232,0.24071983
506036380,0.5015249,0.27099946,0.22747561
506060571,0.21454023,0.18651496,0.59894484
506363782,0.45106465,0.30063707,0.24829823
506474693,0.43084478,0.34011635,0.22903888
506499096,0.4729443,0.26931602,0.25773966
506538978,0.11481112,0.7514895,0.13369934
506602825,0.339983,0.32028022,0.3397368
506612995,0.4402012,0.21167567,0.34812313
506614492,0.33023384,0.38345757,0.28630865
506632785,0.36410245,0.30119222,0.3347053
506642930,0.21913661,0.43614528,0.3447181
506700689,0.38568076,0.22169057,0.3926287
506772217,0.16612689,0.5732104,0.26066265
506864417,0.28457648,0.2968074,0.41861612
506963134,0.39266056,0.33071616,0.27662325
507010395,0.35127446,0.3455794,0.30314624
507102749,0.26426256,0.31564394,0.42009348
507141207,0.18229249,0.5562505,0.261457
507364539,0.3698856,0.24925673,0.38085768
507396232,0.23481715,0.50501376,0.26016915
507531352,0.32549846,0.26825824,0.4062433
507583685,0.22324504,0.26733014,0.5094248
507698035,0.29826063,0.3143043,0.38743502
507746519,0.34648696,0.34025007,0.31326294
507796471,0.21410568,0.53162974,0.2542646
507831308,0.57279795,0.21213421,0.21506788
507901290,0.4156502,0.2184334,0.36591646
508071627,0.24558097,0.5405288,0.21389024
508237759,0.25743788,0.39754048,0.3450217
508257377,0.20959347,0.50692046,0.283486
508258945,0.30899552,0.40526026,0.28574422
508276111,0.15683515,0.66947037,0.17369448
508294625,0.23401305,0.24290022,0.5230867
508372654,0.47500983,0.28499103,0.23999916
508391469,0.21440862,0.19151144,0.5940799
508420111,0.4186705,0.251375,0.3299545
508424506,0.33815953,0.36800715,0.29383335
508443338,0.15006813,0.68531734,0.16461447
508565378,0.7048121,0.12735668,0.16783124
508592795,0.35546866,0.32817197,0.31635946
508732430,0.45378166,0.29589847,0.25031984
508733056,0.13123225,0.7025545,0.16621324
508734695,0.2865033,0.33040962,0.38308704
508770378,0.25261253,0.3081392,0.43924823
508832158,0.4228127,0.2507969,0.32639042
508877862,0.44363937,0.27683243,0.27952814
508883404,0.1344019,0.7143008,0.1512973
508891122,0.41588593,0.28784856,0.2962655
508989589,0.37241042,0.36538923,0.2622004
509016510,0.52301204,0.26562944,0.21135856
509043712,0.47763044,0.28317565,0.23919389
509164675,0.27409473,0.39440203,0.33150315
509249964,0.76544917,0.09756601,0.13698481
509285712,0.5296646,0.23336194,0.23697345
509329196,0.36507,0.35770756,0.27722242
509341455,0.110686,0.7231793,0.16613464
509418373,0.40934137,0.35132548,0.23933321
509539359,0.36485755,0.29698804,0.33815432
509680289,0.08697665,0.82068557,0.092337765
509744633,0.41752067,0.32358012,0.2588993
509819931,0.23216577,0.37649676,0.39133742
509821302,0.53434765,0.14328021,0.3223721
509938782,0.2861476,0.30460086,0.40925154
510036195,0.3502537,0.27715012,0.37259617
510056103,0.3244115,0.36989358,0.30569494
510096930,0.2225509,0.33535042,0.4420987
510233059,0.06451389,0.059299156,0.8761869
510278107,0.16248268,0.15832384,0.6791935
510329131,0.18164475,0.61287296,0.20548227
510335148,0.39490706,0.30868796,0.29640493
510362946,0.2958587,0.37580734,0.3283339
510383062,0.66769326,0.15809546,0.1742113
510386075,0.627527,0.19348975,0.17898323
510641872,0.33256027,0.37351203,0.29392773
510698848,0.4804333,0.2734266,0.24614021
510890521,0.2542733,0.28245482,0.46327186
510910177,0.15549837,0.63564456,0.20885707
510914314,0.10256308,0.7532159,0.14422096
510941606,0.1817699,0.6339036,0.18432647
510947693,0.24086682,0.32224905,0.4368842
511157939,0.73975295,0.108117305,0.15212986
511196698,0.57389456,0.22690807,0.19919738
511269855,0.23244299,0.55655557,0.21100147
511306896,0.37463415,0.3341688,0.291197
511319504,0.53804255,0.20583537,0.25612217
511469601,0.33802557,0.26703858,0.39493585
511652351,0.2367737,0.40026525,0.36296102
511674052,0.510206,0.21871836,0.27107567
511790223,0.22307536,0.4664598,0.31046486
511952934,0.2865898,0.3769757,0.3364345
512019874,0.16762283,0.6289797,0.20339738
512104568,0.377996,0.31618795,0.30581608
512175291,0.44330496,0.3181002,0.23859493
512274847,0.2558014,0.34059465,0.4036039
512312340,0.37727305,0.31086332,0.31186366
512415545,0.17275628,0.16197868,0.665265
512472789,0.27141625,0.4100652,0.31851852
512528779,0.1703436,0.63509816,0.19455826
512547391,0.093415745,0.09277963,0.8138046
512610823,0.39546093,0.31018955,0.29434958
512611805,0.41266862,0.32507458,0.2622568
512706087,0.5483232,0.22454114,0.2271357
512723298,0.3872022,0.31051922,0.30227858
512725726,0.3029541,0.3136491,0.38339683
512727382,0.37296408,0.3485959,0.27844006
512865922,0.6480563,0.16609094,0.18585272
512988540,0.13568182,0.6919657,0.1723525
513017368,0.21149907,0.23566192,0.552839
513033840,0.2955436,0.4069265,0.29752988
513209311,0.15184303,0.68054485,0.16761215
513243487,0.46034646,0.27767432,0.26197916
513286394,0.30002955,0.4362904,0.26368004
513417392,0.38133958,0.33366597,0.28499445
513432524,0.47926584,0.2928984,0.22783577
513474144,0.25954926,0.43293878,0.30751202
513503838,0.32289428,0.27317542,0.4039303
513534535,0.36236152,0.3448354,0.2928031
513665512,0.26546183,0.4806144,0.2539238
513777183,0.30309886,0.43982536,0.2570757
513899420,0.4752609,0.284538,0.24020112
513930863,0.32603055,0.30286542,0.37110397
513992367,0.09586221,0.7795771,0.124560684
514078565,0.25960135,0.45620847,0.28419018
514217897,0.37430468,0.32186124,0.30383405
514259065,0.10849874,0.7347478,0.15675339
514269842,0.60208833,0.19491516,0.2029964
514298844,0.21942094,0.21410482,0.56647426
514350174,0.38373974,0.31697047,0.2992898
514406349,0.39856416,0.3322032,0.26923257
514703576,0.3596362,0.35077465,0.28958923
514708277,0.29207107,0.4087979,0.29913107
514776278,0.21572147,0.50322187,0.2810567
514825950,0.3078402,0.32528776,0.36687204
514835108,0.37341115,0.307313,0.31927586
514861289,0.2289939,0.51082015,0.2601859
515104973,0.27140093,0.37857792,0.35002124
515175075,0.23678952,0.43355933,0.32965112
515560131,0.23732814,0.2611035,0.5015684
515569047,0.56688786,0.2299179,0.2031942
515597137,0.35279936,0.36064982,0.2865509
515643408,0.4953399,0.2625991,0.24206096
515659531,0.4790128,0.2571119,0.26387522
515669152,0.5695796,0.19110338,0.23931706
515671137,0.45444065,0.24853937,0.29702005
515724827,0.31273794,0.37220132,0.3150608
515845577,0.26665267,0.3985308,0.33481652
515890549,0.3576318,0.34976354,0.29260468
515904728,0.24791436,0.18346667,0.5686189
516189373,0.3271605,0.3866393,0.28620023
516215684,0.25860775,0.34787428,0.39351794
516231232,0.19260152,0.448853,0.35854548
516278382,0.380603,0.37790176,0.2414952
516428332,0.3612018,0.29522517,0.34357303
516438989,0.24785562,0.45996177,0.2921826
516486386,0.21428052,0.51443404,0.27128547
516519479,0.32680348,0.37183473,0.3013618
516681525,0.25313953,0.42725468,0.31960583
516843134,0.13253948,0.6936921,0.17376846
516843871,0.5563132,0.18671829,0.25696847
516864484,0.19629042,0.40132618,0.40238336
516866099,0.44083717,0.31312013,0.2460427
516926107,0.25257027,0.48407918,0.26335055
516930069,0.6840078,0.13308558,0.18290658
517079679,0.266307,0.36296463,0.3707284
517106590,0.34703198,0.40761495,0.24535307
517244551,0.27855882,0.24891715,0.472524
517299173,0.38619387,0.31243694,0.30136928
517301745,0.30113402,0.3684316,0.3304344
517348116,0.2361473,0.23371552,0.5301372
517359281,0.30938354,0.33666918,0.35394725
517673918,0.31673124,0.3558959,0.32737285
517825438,0.3956171,0.32736057,0.2770223
517864869,0.10659798,0.75760496,0.13579702
517866176,0.17215267,0.6152222,0.21262506
518027391,0.2557339,0.5359416,0.20832455
518170843,0.34866816,0.3499206,0.3014113
518192805,0.23903605,0.4254545,0.33550945
518260595,0.25397176,0.50350374,0.2425245
518308157,0.26541176,0.40567055,0.3289177
518316966,0.3716127,0.3101097,0.3182776
518616629,0.18509942,0.6178722,0.19702841
518629593,0.34642327,0.31529596,0.33828077
518632298,0.26360092,0.31576258,0.42063653
518662688,0.2030112,0.58200777,0.21498108
518707168,0.3140138,0.2994544,0.38653183
518801162,0.11163549,0.097604774,0.7907597
518825578,0.3318853,0.313015,0.35509962
518866200,0.23684976,0.25708964,0.50606066
518899121,0.39224595,0.31116512,0.2965889
518913635,0.45637208,0.25264665,0.29098132
518934975,0.44553992,0.2847173,0.26974282
518939643,0.21271,0.21711054,0.5701794
519031855,0.6035974,0.18657762,0.20982496
519102593,0.36151248,0.33216578,0.3063217
519145580,0.3381377,0.33711594,0.32474643
519279498,0.30834964,0.39030558,0.30134484
519327124,0.6235534,0.18154205,0.19490449
519392568,0.27921724,0.28615856,0.43462425
519564529,0.36280006,0.32892504,0.30827495
519587356,0.51746714,0.2502852,0.23224764
519670423,0.58116287,0.19963649,0.21920069
519699719,0.51195055,0.18578729,0.3022622
519719535,0.3418591,0.37406853,0.2840723
519814969,0.13613035,0.7245432,0.13932645
519830034,0.33370858,0.36250383,0.30378768
519895256,0.41961342,0.32141793,0.25896865
520060609,0.26529917,0.37342057,0.3612802
520111502,0.3441565,0.38747668,0.26836687
520242453,0.19928873,0.60392827,0.1967831
520308863,0.585946,0.2322429,0.18181114
520360147,0.15474474,0.1599885,0.68526673
520462242,0.27645534,0.40984714,0.31369746
520598515,0.26138723,0.25650826,0.4821045
520688832,0.3087406,0.3492256,0.34203383
520776446,0.31463253,0.4179779,0.26738966
520824759,0.14170884,0.6919193,0.16637184
520875859,0.38073024,0.35500848,0.26426128
520879164,0.19592065,0.5754595,0.22861987
520897180,0.3970045,0.3301004,0.2728951
520948451,0.09781745,0.77220553,0.12997703
521053005,0.2970409,0.3477183,0.3552408
521212002,0.3346703,0.34238875,0.3229409
521227065,0.4027779,0.3556416,0.24158044
521254880,0.30888057,0.33426893,0.3568506
521312118,0.44055292,0.23028666,0.3291604
521377214,0.3272962,0.3025737,0.37013015
521512096,0.525402,0.25317776,0.22142029
521512649,0.16091785,0.65567017,0.183412
521522358,0.5248114,0.24644202,0.22874661
521630998,0.20741996,0.31297252,0.47960746
521707491,0.35411468,0.33662224,0.30926305
521713701,0.24475153,0.32479286,0.43045563
521746003,0.19138262,0.6165171,0.19210027
521748502,0.2314329,0.5491893,0.21937779
521820723,0.2713746,0.2857665,0.44285887
521833964,0.3020758,0.3215596,0.3763646
522055524,0.46056387,0.18309316,0.35634297
522149653,0.44736794,0.284519,0.26811305
522210971,0.3098713,0.33814198,0.35198665
522365298,0.35558608,0.36612114,0.27829275
522365788,0.29042497,0.34311497,0.36646006
522376474,0.3576048,0.3288634,0.3135318
522383864,0.42638317,0.28634608,0.28727078
522480195,0.3843924,0.34353742,0.27207017
522786499,0.14352152,0.71961695,0.1368615
522792618,0.19890587,0.19176912,0.60932493
522975020,0.39780715,0.31637985,0.28581303
523030646,0.3066011,0.33588937,0.3575095
523347391,0.5483576,0.2544426,0.19719979
523500309,0.4621206,0.28387025,0.2540092
523534004,0.3248064,0.37027925,0.30491436
523621292,0.40173644,0.29340795,0.30485564
523684984,0.46344477,0.28970692,0.24684839
523890923,0.29001683,0.2809334,0.42904988
523907581,0.33153698,0.29460165,0.37386137
523939832,0.36395335,0.27727413,0.35877252
523939858,0.49711218,0.28935033,0.21353748
523981390,0.19343524,0.53511673,0.27144802
524010150,0.40044895,0.36443397,0.2351171
524018311,0.30490455,0.36399144,0.33110407
524039288,0.06416837,0.8479055,0.0879261
524056442,0.685205,0.15884891,0.15594617
524079957,0.29808006,0.3531365,0.34878346
524100219,0.13706926,0.16226439,0.70066637
524115920,0.09026329,0.08374351,0.82599324
524116051,0.4596562,0.3187239,0.22161996
524216288,0.10737233,0.10110864,0.79151905
524253015,0.39458048,0.34232792,0.26309156
524394551,0.17644194,0.62618494,0.19737312
524399964,0.3228826,0.33552727,0.3415901
524423720,0.16948357,0.19076812,0.6397483
524443744,0.7057949,0.1254382,0.16876693
524470908,0.5353341,0.24850571,0.2161603
524552335,0.3311882,0.32868686,0.34012502
524553411,0.33622068,0.3475616,0.3162177
524628303,0.3300408,0.37779742,0.29216173
524628672,0.44433916,0.33825558,0.2174052
524650498,0.49385545,0.24517043,0.2609741
524680419,0.37404597,0.343832,0.28212205
524713761,0.2905589,0.2847265,0.42471457
524896330,0.2516281,0.28024063,0.46813127
524902727,0.28663462,0.32014188,0.39322346
524971073,0.3041478,0.46422106,0.2316312
525082011,0.3077375,0.34466234,0.34760022
525155305,0.25119528,0.31410214,0.43470255
525193269,0.1323967,0.7037937,0.16380963
525333878,0.27963135,0.34929928,0.37106934
525426307,0.4751951,0.25277784,0.27202696
525508890,0.20352542,0.27026045,0.52621406
525516625,0.18742904,0.18158583,0.630985
525678314,0.41613388,0.31912768,0.26473844
525739793,0.6622404,0.16542512,0.17233457
525775655,0.20084153,0.2610587,0.5380998
525829138,0.2132306,0.57890284,0.20786652
525996819,0.3037617,0.36080995,0.3354283
526089457,0.3977928,0.31615826,0.28604895
526131011,0.3848652,0.36818007,0.2469547
526180222,0.10391657,0.10866338,0.78742
526323113,0.19805302,0.5648688,0.23707815
526649449,0.36449513,0.24174035,0.39376447
526733633,0.30565172,0.28029314,0.41405514
526769611,0.26072484,0.3157911,0.4234841
526842019,0.19205938,0.5946418,0.2132989
526853746,0.20719208,0.20229663,0.5905113
526881306,0.5871118,0.22153415,0.19135408
526883940,0.17266673,0.20315114,0.62418216
526973815,0.3811691,0.3326667,0.28616422
526994737,0.2328798,0.30062374,0.46649638
527029193,0.4876106,0.22337009,0.28901935
527042438,0.19107425,0.21176484,0.59716094
527069207,0.5617792,0.20370619,0.23451465
527101573,0.3849816,0.29869285,0.31632555
527124624,0.22396928,0.49176142,0.2842694
527194687,0.40192688,0.299457,0.2986161
527284515,0.5424248,0.22834586,0.22922938
527393534,0.5228705,0.2575738,0.2195557
527441060,0.59894913,0.21401967,0.18703113
527607751,0.09553461,0.08610487,0.81836057
527646240,0.10844095,0.76534003,0.12621906
527735151,0.5849068,0.20288292,0.21221022
527893784,0.19728969,0.57616097,0.22654934
527918715,0.5512099,0.1938769,0.25491312
527952405,0.8124006,0.07838574,0.10921363
528043107,0.12210523,0.72916937,0.14872536
528070141,0.24507691,0.46159956,0.29332352
528099668,0.5742117,0.2083247,0.2174636
528121179,0.49448946,0.2795429,0.2259676
528164964,0.21194589,0.5160971,0.271957
528265712,0.51189566,0.24655202,0.24155232
528425001,0.6324429,0.17476763,0.1927895
528442462,0.43994743,0.33789408,0.22215848
528719052,0.29914448,0.38774166,0.31311384
528725345,0.6291163,0.16950537,0.20137832
528733015,0.67423254,0.16092274,0.16484468
528733849,0.09896121,0.0949437,0.8060951
528741093,0.16184515,0.64849615,0.1896587
528751313,0.33360827,0.33766404,0.32872766
528921207,0.2879028,0.3926055,0.3194917
528938967,0.3131968,0.20367046,0.4831328
528958144,0.20260593,0.17196563,0.62542844
528963359,0.38265693,0.2535584,0.36378473
528971599,0.6138701,0.18315786,0.20297202
528998104,0.29838464,0.30024,0.40137532
529049084,0.09407901,0.7856633,0.12025768
529049956,0.35593536,0.3664858,0.27757883
529109202,0.3264627,0.3673489,0.30618834
529119930,0.17859064,0.5974465,0.2239628
529149317,0.11039381,0.10391321,0.78569293
529202222,0.24514413,0.2039203,0.55093557
529278094,0.351555,0.35180697,0.29663798
529347270,0.22123106,0.5189435,0.25982547
529361560,0.2676056,0.33578774,0.3966066
529431891,0.34846702,0.44483736,0.20669559
529459549,0.12860586,0.7129043,0.15848985
529657453,0.569957,0.18913019,0.24091274
529901266,0.36381415,0.31274608,0.32343975
529907853,0.17572147,0.5938641,0.2304145
530164392,0.26562765,0.41143635,0.322936
530237079,0.11747442,0.113501094,0.76902443
530284588,0.09605776,0.7640506,0.13989158
530352508,0.4012231,0.26694638,0.33183047
530452853,0.2809997,0.4163865,0.30261385
530673600,0.38338086,0.30487213,0.31174698
530687554,0.3117379,0.33404005,0.35422206
531061530,0.20999815,0.53465027,0.2553516
531163177,0.091670915,0.087573744,0.82075536
531190477,0.50019413,0.23956126,0.26024464
531304004,0.26586062,0.33677417,0.3973652
531321232,0.42419484,0.31196225,0.26384288
531485703,0.2954302,0.43984511,0.26472476
531488578,0.3889654,0.22783275,0.38320187
531672806,0.6421538,0.16391659,0.19392958
531675861,0.120683864,0.11017499,0.76914114
531712820,0.13863468,0.7094173,0.15194805
531742674,0.17156273,0.16594993,0.6624874
531762876,0.3858505,0.3560706,0.25807893
531802177,0.64553344,0.1839228,0.17054367
531848948,0.0938898,0.094424985,0.81168514
532054872,0.2502422,0.47924298,0.27051482
532074198,0.26350337,0.3965656,0.33993107
532087889,0.2588817,0.4288707,0.3122477
532331198,0.22580034,0.19267438,0.5815254
532422922,0.2886443,0.343006,0.3683497
532427365,0.29168195,0.34268984,0.36562824
532441401,0.4315224,0.31458068,0.25389698
532457514,0.55904603,0.21935001,0.2216039
532491785,0.49148005,0.2314582,0.27706176
532564564,0.13833496,0.6931082,0.16855685
532593356,0.52829987,0.21853,0.2531702
532686259,0.36377022,0.33319998,0.30302975
532768516,0.327549,0.40998104,0.26246995
532778683,0.7280339,0.1198969,0.1520693
532784338,0.22651207,0.52962434,0.2438636
532800436,0.17947659,0.6204818,0.20004164
532859878,0.30671698,0.3628247,0.3304583
532963827,0.26779586,0.23375328,0.49845082
532993875,0.6374107,0.17306595,0.18952334
533008937,0.8229289,0.07054559,0.106525466
533436998,0.09974815,0.7850129,0.115238905
533475351,0.6178424,0.1755803,0.20657729
533495683,0.3831943,0.33454162,0.28226405
533620099,0.2421601,0.43454465,0.32329524
533709279,0.13459292,0.709095,0.15631215
533716847,0.25956506,0.2580231,0.48241177
533826411,0.3911711,0.35283405,0.25599483
533900932,0.13333212,0.7494404,0.117227554
534007590,0.3982144,0.3167131,0.28507248
534009280,0.24551567,0.43941733,0.31506702
534128256,0.3064695,0.40989205,0.28363842
534138771,0.40911418,0.26754045,0.3233453
534421329,0.29917872,0.44555324,0.25526807
534429967,0.14781111,0.14307857,0.70911026
534452739,0.6195043,0.16930275,0.211193
534551897,0.2686523,0.40422127,0.3271265
534679906,0.3809446,0.27304834,0.34600702
534756103,0.22916621,0.2354776,0.53535616
534783084,0.582434,0.22256848,0.19499753
534862768,0.29848903,0.30319604,0.39831492
534883730,0.47969052,0.29619512,0.22411439
535041799,0.70065343,0.13631348,0.16303313
535070488,0.31791544,0.37826854,0.30381602
535087848,0.35087392,0.30419892,0.34492716
535383289,0.25379547,0.27890354,0.46730098
535573248,0.29710686,0.32999215,0.37290096
535605774,0.33773163,0.28912145,0.3731469
535728381,0.28359064,0.41481543,0.30159387
535755610,0.3201807,0.40840828,0.27141106
535764480,0.13118452,0.13086121,0.7379543
535890961,0.5207935,0.23221359,0.24699296
535913956,0.19077206,0.5803154,0.22891255
536115267,0.32930756,0.2859918,0.38470063
536197453,0.309182,0.3001655,0.3906525
536271761,0.5104928,0.2711905,0.21831661
536334375,0.50376576,0.24909265,0.24714158
536361299,0.35367686,0.34499085,0.30133235
536372485,0.1932197,0.63158125,0.17519903
536410129,0.2852287,0.41732517,0.2974461
536416860,0.6775802,0.12750149,0.1949183
536437698,0.5202399,0.24239992,0.23736016
536595403,0.3931239,0.35695088,0.24992529
536653862,0.43908003,0.28121847,0.27970156
536671942,0.25004226,0.46783078,0.28212702
536739854,0.36226803,0.3420563,0.2956757
536787270,0.08692128,0.805254,0.10782476
536829868,0.34209612,0.41651967,0.24138413
536886444,0.7162246,0.11903213,0.16474332
536896239,0.26503175,0.41590288,0.3190654
536905807,0.39033717,0.3277771,0.2818858
536919629,0.49632582,0.28128058,0.22239359
536996793,0.0680816,0.06267358,0.86924493
537112849,0.6516523,0.16314691,0.18520087
537142417,0.3489134,0.4009977,0.2500889
537197772,0.33247092,0.32515776,0.34237134
537512161,0.603092,0.19275391,0.20415412
537551893,0.14357013,0.119639084,0.7367908
537562685,0.12862603,0.11537358,0.75600046
537638373,0.5998851,0.20854716,0.19156775
537656047,0.29961783,0.4053816,0.29500058
537688813,0.29078594,0.37040377,0.33881044
537717334,0.10497007,0.7536822,0.14134769
537734058,0.54288924,0.14839351,0.3087172
537844111,0.28506148,0.268718,0.4462205
537893941,0.5160826,0.2105316,0.27338582
538099635,0.30431998,0.34070182,0.35497814
538134794,0.09576917,0.78841686,0.115813985
538214466,0.522631,0.27376628,0.20360279
538323154,0.398478,0.3059046,0.29561743
538331565,0.23799145,0.4859539,0.2760546
538373921,0.29009914,0.25285316,0.4570477
538425393,0.27664998,0.37901312,0.34433693
538540807,0.223264,0.46272182,0.31401414
538585824,0.385119,0.2549955,0.3598855
538766742,0.30676693,0.3595531,0.33367997
538776576,0.2862484,0.36552396,0.3482278
539366026,0.48287395,0.27366742,0.24345855
539517621,0.42885536,0.32001457,0.25113013
539605416,0.3503549,0.24691565,0.40272945
539832153,0.3993286,0.32580447,0.27486697
540004797,0.6892962,0.13934685,0.17135687
540176918,0.24771379,0.3710108,0.38127542
540250747,0.34155995,0.3979201,0.26051995
540255904,0.1451946,0.67794824,0.17685719
540276133,0.21671447,0.22024108,0.5630444
540426065,0.13539709,0.6938727,0.17073023
540452303,0.38892692,0.35487166,0.25620136
540459737,0.19607034,0.59870183,0.20522788
540643271,0.34954607,0.32366163,0.3267923
540650403,0.2777352,0.30498716,0.41727763
540690343,0.3285536,0.34008393,0.33136246
540796721,0.43609744,0.2881841,0.27571848
540824781,0.1646045,0.15635695,0.6790385
540831011,0.73458576,0.11211467,0.15329956
541067258,0.2934208,0.37406087,0.33251843
541092800,0.16567856,0.6086393,0.22568211
541134222,0.2987644,0.34129158,0.35994408
541193619,0.24284582,0.46330625,0.29384798
541260823,0.13206361,0.10537365,0.76256275
541350615,0.2747744,0.27106726,0.45415834
541355758,0.19380966,0.58839583,0.2177945
541523862,0.15686692,0.63546634,0.2076668
541571250,0.37929657,0.31970814,0.3009953
541590787,0.3413464,0.3523154,0.30633816
541623066,0.13319564,0.12655698,0.74024737
541633918,0.4601565,0.3061343,0.23370923
541641754,0.39658397,0.19621013,0.4072059
541785652,0.34753764,0.33936715,0.31309518
541884034,0.34580398,0.35290986,0.30128622
541889523,0.20780432,0.53106207,0.2611336
542083245,0.6883196,0.13661273,0.17506771
542124728,0.38422725,0.35496444,0.26080838
542350222,0.4931268,0.27822667,0.2286465
542386673,0.20041415,0.18568341,0.61390233
542429495,0.3241782,0.344473,0.33134884
542504862,0.31928837,0.3635759,0.3171357
542554677,0.31435925,0.37098348,0.3146573
542590145,0.30932948,0.38600624,0.30466428
542820231,0.6906921,0.14064302,0.16866489
542841085,0.47309008,0.22314942,0.30376047
542848870,0.31435397,0.3156898,0.3699562
542968830,0.13515207,0.30960515,0.55524284
543076779,0.49513245,0.20393072,0.30093685
543120523,0.16356812,0.6517069,0.18472497
543145444,0.33729884,0.36184344,0.30085775
543194373,0.22837833,0.52796346,0.2436582
543234609,0.35650918,0.33292183,0.31056902
543521495,0.42439398,0.25558987,0.32001618
543742376,0.44991165,0.2650518,0.28503653
543780662,0.13918188,0.14915806,0.71166
543940711,0.350167,0.39672855,0.25310436
543963929,0.18155591,0.242506,0.57593805
544031246,0.4409442,0.29877022,0.26028565
544169812,0.26032206,0.45897505,0.28070283
544188879,0.4004427,0.329184,0.27037337
544214786,0.25912362,0.45991042,0.28096583
544225345,0.43720806,0.32654,0.23625198
544243494,0.17852746,0.23443034,0.5870422
544304079,0.33106095,0.31551698,0.35342205
544311861,0.23350346,0.51817924,0.2483173
544348033,0.37565428,0.26739153,0.35695422
544384925,0.32566848,0.3097157,0.3646158
544454432,0.19753613,0.19499299,0.60747087
544532802,0.09158523,0.7900629,0.11835191
544595087,0.4168854,0.30373558,0.27937904
544624323,0.5425744,0.19536525,0.26206043
544668279,0.3947876,0.3184911,0.2867213
544674583,0.30431563,0.374598,0.32108644
544696070,0.068162315,0.8421685,0.08966921
544872274,0.31862837,0.28271335,0.3986583
544955363,0.31244808,0.30375174,0.38380015
544979653,0.2524856,0.23351814,0.51399624
544981866,0.16478807,0.66481894,0.17039305
545009224,0.77941054,0.08531338,0.13527608
545091801,0.22899106,0.12730296,0.64370596
545154441,0.38266778,0.33361214,0.28372008
545195104,0.35965294,0.36999577,0.2703513
545231933,0.13179001,0.14687917,0.7213308
545380147,0.33673063,0.34347424,0.31979525
545515417,0.21217446,0.40917084,0.37865472
545525031,0.10322672,0.09526184,0.8015114
545566626,0.24937303,0.42569572,0.32493132
546045734,0.22214991,0.19380972,0.58404034
546225186,0.41624233,0.30415365,0.27960408
546286701,0.3927662,0.28838462,0.31884924
546315077,0.21654758,0.24863449,0.53481793
546330187,0.25363007,0.3264364,0.41993347
546357148,0.28067365,0.31460574,0.40472054
546417633,0.22982407,0.42347485,0.34670103
546471010,0.38886052,0.3036295,0.30751
546498050,0.37188017,0.31869134,0.3094285
546585033,0.2736312,0.3294471,0.3969217
546861510,0.40146086,0.30276352,0.29577556
547009869,0.32062533,0.33995375,0.33942086
547051420,0.43060905,0.3481606,0.22123036
547080251,0.53193593,0.20691714,0.261147
547277158,0.73503804,0.120218255,0.14474365
547306174,0.108277895,0.09543497,0.7962871
547473052,0.50154054,0.2876643,0.2107951
547514576,0.40012318,0.26785433,0.3320225
547515416,0.36631724,0.3396075,0.29407516
547557413,0.14363447,0.6937714,0.16259408
547698248,0.32315737,0.36153364,0.31530896
547824489,0.30233997,0.3086227,0.38903737
547834505,0.47089672,0.29955035,0.22955294
547867570,0.3769077,0.30473888,0.31835338
548020090,0.2590996,0.24125406,0.4996463
548077771,0.21618015,0.24243636,0.54138345
548162287,0.26188543,0.21589378,0.52222085
548347711,0.29021665,0.41356322,0.2962201
548419421,0.2234186,0.36541215,0.41116926
548533707,0.08045176,0.8219983,0.09754994
548579761,0.24348612,0.3414326,0.4150813
548593765,0.112312794,0.7586918,0.1289954
548671493,0.17811517,0.16440408,0.65748066
548739601,0.29002813,0.40841988,0.301552
548767914,0.22413692,0.48991987,0.28594324
548792251,0.3120713,0.28777915,0.40014952
548837587,0.29844695,0.3869187,0.3146343
548944210,0.40097922,0.32987112,0.26914966
548950727,0.500302,0.20800066,0.29169732
548957305,0.17801778,0.14031152,0.6816707
549027861,0.49629062,0.26094908,0.24276027
549107627,0.21929178,0.1795763,0.6011319
549179441,0.4520988,0.30047423,0.24742703
549216751,0.25737333,0.26997474,0.47265184
549269048,0.47615266,0.25715053,0.2666968
549362400,0.35564515,0.33366677,0.31068805
549514947,0.44488847,0.2921073,0.26300424
549546575,0.5428295,0.2417029,0.21546765
549602343,0.18727845,0.60317177,0.20954978
549783000,0.3278464,0.38343284,0.28872076
549808869,0.17370322,0.6158105,0.21048626
549950185,0.427922,0.31018046,0.26189753
549955673,0.66917264,0.16289467,0.16793267
550012822,0.16896576,0.6368967,0.19413753
550044168,0.23901743,0.37769327,0.38328937
550052550,0.26134357,0.4863238,0.25233263
550147777,0.51854277,0.2450578,0.2363995
550153229,0.35206613,0.36345342,0.2844804
550271162,0.30672115,0.47120202,0.22207688
550339258,0.10659561,0.106398396,0.7870061
550980146,0.2977348,0.37659752,0.3256677
551005678,0.37690517,0.35239136,0.27070355
551018431,0.48114163,0.2776356,0.24122281
551039925,0.41054058,0.29091847,0.29854092
551070341,0.35045648,0.40470558,0.2448379
551192455,0.41981667,0.28693274,0.29325065
551387146,0.2681521,0.3087871,0.42306077
551453381,0.35495865,0.16863509,0.4764063
551471895,0.31550884,0.36948654,0.31500468
551523309,0.45646054,0.25132865,0.29221085
551666087,0.22464454,0.28333855,0.49201685
551741922,0.28262955,0.31770295,0.39966747
551744613,0.2347859,0.40542814,0.3597859
551856251,0.34177464,0.41565558,0.24256983
551879009,0.28935224,0.35348436,0.35716346
551956319,0.36098012,0.32136,0.31765988
552003462,0.1536877,0.14436384,0.7019484
552008664,0.2973588,0.275063,0.42757815
552017944,0.7466784,0.10590604,0.14741562
552050939,0.109226055,0.7694142,0.12135983
552069385,0.3504239,0.34647208,0.30310395
552080230,0.20657943,0.20749238,0.5859282
552088407,0.29740322,0.4331676,0.26942918
552246401,0.42660293,0.31024712,0.26314998
552414853,0.4608162,0.28417593,0.25500783
552460694,0.6709208,0.11931838,0.2097608
552665832,0.29391223,0.36337715,0.34271067
552754988,0.38723707,0.25731862,0.35544437
552767898,0.29954186,0.32463905,0.3758191
552847138,0.3692019,0.31949022,0.3113079
552856690,0.15807924,0.15302499,0.6888957
552858756,0.18308218,0.19324999,0.62366784
552891227,0.33464754,0.36040133,0.30495107
552948542,0.27949643,0.4674614,0.2530421
553015213,0.17257302,0.62521285,0.2022141
553106148,0.21368486,0.21745275,0.56886244
553169707,0.6180411,0.1570997,0.22485924
553277673,0.23524661,0.2547493,0.51000404
553315891,0.27488688,0.4908426,0.23427062
553346232,0.2893395,0.3580669,0.3525936
553365404,0.26246202,0.23516335,0.5023746
553373646,0.48535213,0.2938692,0.22077864
553613451,0.31244057,0.28301826,0.4045411
553652493,0.42525297,0.32838628,0.24636078
553945747,0.31729075,0.33155742,0.35115185
553947619,0.35906357,0.2941717,0.34676474
553994977,0.301838,0.35832047,0.3398415
554021983,0.45723265,0.27423722,0.2685301
554056106,0.29356116,0.44545886,0.26097995
554294097,0.5872869,0.18765178,0.22506131
554350432,0.31512493,0.32488924,0.35998577
554364174,0.3495776,0.28822494,0.3621975
554439300,0.2810353,0.282085,0.43687972
554685158,0.1659558,0.58414984,0.24989435
554874554,0.31258538,0.35478368,0.332631
554909128,0.18688685,0.19084898,0.62226427
555126303,0.41371444,0.32270944,0.26357612
555134139,0.18570788,0.27228293,0.5420092
555339409,0.55149174,0.19499145,0.2535168
555339916,0.53121084,0.23874049,0.23004866
555347592,0.3496534,0.34688997,0.30345663
555388033,0.18678842,0.34144664,0.47176492
555533992,0.26198992,0.32494682,0.4130632
555693789,0.1851606,0.2913468,0.5234927
555698947,0.25330564,0.36367172,0.38302264
555768950,0.50490195,0.26335162,0.23174639
555841080,0.13731754,0.22898412,0.6336984
555848925,0.41194543,0.30791125,0.28014335
555995263,0.17245667,0.5758502,0.2516932
556080585,0.5987731,0.20226504,0.1989619
556138136,0.81900495,0.07009865,0.110896416
556169777,0.39300403,0.27297595,0.33402002
556199404,0.30967742,0.41039386,0.27992874
556267339,0.39860636,0.3379532,0.2634404
556284427,0.73650604,0.10899443,0.15449947
556371184,0.39814165,0.29767287,0.30418554
556423204,0.32844928,0.4012311,0.27031964
556478311,0.44664645,0.25022843,0.30312508
556574131,0.10312614,0.0933382,0.8035357
556641624,0.42652652,0.2704934,0.30298012
556687799,0.39373684,0.32082525,0.28543794
556734884,0.62232894,0.18254071,0.19513044
556806653,0.25019598,0.22594285,0.52386117
556917833,0.3951552,0.2983458,0.30649903
556932169,0.67000663,0.17048398,0.15950948
557065916,0.12298522,0.7002972,0.1767176
557078990,0.34701487,0.30376536,0.34921977
557105206,0.10767165,0.13230646,0.7600219
557127512,0.32650366,0.2998757,0.37362057
557160550,0.11639729,0.14370206,0.73990065
557216058,0.2107977,0.55891293,0.23028937
557326805,0.31410724,0.41669825,0.26919454
557383200,0.5752275,0.20752682,0.21724568
557435929,0.37273848,0.33755726,0.28970423
557445993,0.22426803,0.5403099,0.23542207
557447408,0.42926037,0.26939115,0.30134842
557515256,0.23089597,0.20108594,0.5680181
557581897,0.41510767,0.33746007,0.24743226
557588740,0.21500841,0.5242375,0.26075405
557617668,0.13874489,0.166909,0.6943461
557752867,0.37832767,0.30787477,0.31379753
557789757,0.2689003,0.48986587,0.2412338
557792385,0.27965096,0.23535396,0.48499504
557928308,0.6485779,0.13955563,0.21186638
557971905,0.35237744,0.2909407,0.35668185
557982730,0.32991004,0.24019122,0.42989874
558088181,0.56081,0.22102615,0.21816376
558288955,0.4033498,0.2995473,0.29710287
558358751,0.19427392,0.18987186,0.61585414
558394992,0.30511925,0.42004195,0.2748388
558398613,0.54032385,0.24967179,0.21000428
558546196,0.07835094,0.8258123,0.0958367
558650447,0.42905128,0.28288996,0.28805873
558651672,0.37912604,0.30397874,0.31689525
558672462,0.35723966,0.386539,0.2562213
558689497,0.48475227,0.29422083,0.22102688
558801432,0.187807,0.5991869,0.21300618
558872600,0.2739784,0.4823026,0.243719
558877257,0.30259097,0.32602596,0.371383
558883116,0.45290777,0.1884356,0.35865662
558939421,0.22254747,0.18219984,0.5952527
558988687,0.2644603,0.44107595,0.29446378
558992081,0.21480638,0.21467441,0.5705192
559034161,0.19620675,0.6026481,0.20114523
559079718,0.387832,0.3187522,0.29341584
559135137,0.25801304,0.42379773,0.3181893
559152888,0.13743871,0.7112561,0.15130529
559187265,0.26273242,0.3480352,0.38923243
559247606,0.21251363,0.5422928,0.2451936
559297483,0.16321957,0.14593442,0.690846
559358989,0.31871694,0.3817372,0.29954588
559387241,0.5066973,0.26780736,0.22549534
559463333,0.21205762,0.4039948,0.3839475
559488957,0.4859182,0.21124157,0.30284023
559733602,0.38768697,0.26375958,0.34855336
559841020,0.545257,0.20610143,0.24864168
559857624,0.24292566,0.40339392,0.35368043
559926167,0.13459441,0.7173749,0.14803064
560080779,0.26396295,0.24935605,0.486681
560186635,0.08830415,0.08320607,0.82848984
560260100,0.49705845,0.2216206,0.28132096
560296273,0.10522244,0.10533597,0.7894416
560318038,0.3251353,0.41522485,0.25963992
560399427,0.5474339,0.24903002,0.20353602
560429456,0.21657501,0.546431,0.23699397
560499910,0.55871147,0.22889875,0.21238974
560545695,0.10626456,0.6964921,0.19724336
560612692,0.49043366,0.26862922,0.2409371
560743539,0.784562,0.08589685,0.12954114
560763590,0.46208704,0.30198216,0.23593077
560826268,0.12968762,0.66942996,0.2008824
560890743,0.3117285,0.40189144,0.28638002
560898981,0.37775338,0.3248103,0.29743636
560962274,0.8181876,0.079357505,0.10245499
561024594,0.23134813,0.47054416,0.29810774
561036778,0.47255322,0.2979201,0.22952671
561092929,0.09255393,0.0852083,0.8222378
561214980,0.26968345,0.41464606,0.31567058
561514673,0.22507016,0.514532,0.26039776
561583192,0.12621741,0.7133029,0.1604797
561590289,0.3613213,0.25282478,0.38585398
561659040,0.19327956,0.1939295,0.6127909
561691295,0.21910727,0.4448386,0.33605412
561740970,0.35379112,0.26006454,0.38614434
561760338,0.14781111,0.14307857,0.70911026
561853109,0.4375896,0.2871362,0.2752742
561946778,0.3056396,0.33220655,0.36215383
562140197,0.33863255,0.33729902,0.32406846
562165519,0.45051667,0.32701525,0.2224681
562228476,0.38076887,0.33599505,0.2832361
562388801,0.19274406,0.14084388,0.66641206
562414146,0.12487591,0.7157508,0.15937325
562430896,0.28411517,0.35720408,0.35868078
562482473,0.41530007,0.31594014,0.26875982
562537110,0.39978495,0.35255754,0.24765752
562591097,0.2860009,0.3255338,0.38846532
562609854,0.33899477,0.31296623,0.34803897
562680966,0.063859895,0.84855634,0.08758379
562718839,0.3556839,0.3032465,0.34106958
562916604,0.6983457,0.14734687,0.15430741
562961343,0.22962426,0.22659373,0.54378206
563068360,0.21792203,0.1945575,0.5875204
563104997,0.23644012,0.4812156,0.28234422
563116231,0.08407502,0.081608966,0.834316
563134039,0.31570607,0.25139856,0.4328954
563148670,0.37738368,0.31822148,0.3043948
563253912,0.12873237,0.120133705,0.751134
563389770,0.29834306,0.34782457,0.35383242
563620901,0.09527414,0.10026047,0.8044654
563678859,0.48905256,0.2561186,0.25482887
563802433,0.4102318,0.34284493,0.24692328
563812874,0.30337533,0.25729832,0.43932632
564037231,0.24981922,0.33597767,0.41420317
564275127,0.56771857,0.1870912,0.24519031
564332943,0.27383038,0.36192667,0.36424294
564359424,0.60274935,0.17327838,0.22397226
564428981,0.29514194,0.36896062,0.3358975
564497705,0.0645305,0.845793,0.08967649
564607489,0.081456356,0.07632195,0.8422217
564662663,0.21264817,0.22379653,0.56355524
564815141,0.1565193,0.1405966,0.7028841
565177264,0.17195088,0.61435825,0.21369088
565181077,0.11415384,0.70456785,0.1812783
565224347,0.34752765,0.33066308,0.32180926
565262864,0.3446891,0.30879623,0.34651464
565274137,0.22015409,0.22974133,0.55010456
565340720,0.49548507,0.27450025,0.23001462
565593055,0.13839963,0.11447234,0.74712807
565677946,0.5400795,0.25283575,0.20708472
565802994,0.31403428,0.32988223,0.35608354
565815983,0.28655025,0.34376672,0.36968312
565895050,0.43485668,0.33218682,0.23295647
565932219,0.45899072,0.23721059,0.3037987
566165855,0.24224441,0.526207,0.23154867
566249031,0.15299125,0.6096933,0.23731543
566288734,0.25969782,0.31737062,0.42293152
566376163,0.23195665,0.5135156,0.2545278
566392918,0.10765123,0.7583304,0.13401835
566551577,0.21601264,0.5350931,0.24889427
566633951,0.26592392,0.2576094,0.47646666
566653635,0.5796305,0.204666,0.21570358
566692012,0.3638419,0.3983499,0.2378082
566884218,0.663012,0.15146506,0.18552293
566895084,0.47202253,0.257232,0.27074546
566936798,0.29510787,0.36048675,0.34440538
566987298,0.23725905,0.4380272,0.3247138
567004504,0.2540379,0.22485995,0.52110213
567047471,0.27085516,0.41543964,0.31370518
567117022,0.4525289,0.2604864,0.28698465
567193419,0.523899,0.26034182,0.21575911
567237686,0.12275734,0.73445237,0.14279027
567312686,0.15478478,0.6668529,0.17836231
567403354,0.6458068,0.16089669,0.19329646
567469867,0.44927704,0.27735034,0.2733726
567550094,0.14255133,0.69635,0.16109863
567577713,0.27128136,0.3619087,0.36680996
567694480,0.34899786,0.3634868,0.28751534
567735523,0.3497285,0.17221878,0.47805265
567744823,0.20584625,0.20686531,0.58728844
567814290,0.21625566,0.5748979,0.20884646
567818285,0.3481691,0.27245855,0.37937233
567830228,0.5384254,0.23957153,0.22200309
567985478,0.29564098,0.3195482,0.3848108
568010629,0.47056538,0.22744219,0.30199245
568066402,0.5885057,0.21283945,0.1986549
568315287,0.29293156,0.4600785,0.24698985
568453661,0.33000085,0.36773726,0.30226186
568464139,0.124832824,0.73622084,0.13894634
568520689,0.12096314,0.11634948,0.7626873
568649004,0.328304,0.40020433,0.2714917
568663419,0.32468587,0.35439423,0.32091987
568713435,0.21677499,0.590897,0.19232799
568992054,0.23102659,0.50163037,0.26734304
569027448,0.3218074,0.38832235,0.28987017
569037345,0.20425591,0.361216,0.4345281
569079721,0.42590684,0.32945636,0.24463683
569216226,0.36080992,0.38032737,0.25886267
569279106,0.44302747,0.2760506,0.280922
569459919,0.3885695,0.306215,0.30521554
569738126,0.4387877,0.35178146,0.20943081
569911632,0.4577631,0.22814739,0.3140895
570059645,0.13691121,0.14308077,0.720008
570166605,0.34979612,0.33567294,0.314531
570218060,0.26394254,0.42891407,0.30714336
570244605,0.33766645,0.33945653,0.32287702
570262146,0.36182618,0.21501268,0.42316106
570271683,0.51807463,0.22427058,0.2576548
570272084,0.258779,0.27116117,0.47005984
570308949,0.3951374,0.24835932,0.3565033
570346642,0.44915903,0.29680675,0.25403428
570365466,0.17145486,0.63879406,0.18975103
570673046,0.30722627,0.34877843,0.34399524
570735281,0.28463152,0.28913164,0.42623684
570855220,0.52797073,0.25721848,0.21481071
570953181,0.33191437,0.2825481,0.38553745
570996161,0.30770308,0.3029162,0.3893807
571041841,0.2924914,0.28396013,0.4235485
571090007,0.30595475,0.41069907,0.28334624
571119357,0.33676118,0.35182646,0.31141242
571131456,0.2540898,0.43747222,0.3084379
571181333,0.34604895,0.3894775,0.26447356
571209053,0.2751835,0.30805397,0.4167625
571273291,0.20005141,0.59057254,0.20937611
571277067,0.48807532,0.29226473,0.21965992
571388689,0.2692987,0.25057843,0.48012283
571452971,0.23345464,0.47471493,0.29183033
571474466,0.51863545,0.23168491,0.24967973
571483807,0.13325384,0.6956224,0.17112373
571751577,0.57097834,0.16164634,0.26737526
571837020,0.22743437,0.21740435,0.5551613
571988185,0.18422864,0.6181272,0.1976442
572110648,0.66044235,0.1569447,0.18261293
572130261,0.44889382,0.29820696,0.25289923
572268759,0.32566863,0.362274,0.31205735
572276973,0.14970078,0.13481231,0.7154869
572313038,0.24733199,0.25426552,0.49840254
572480127,0.57820827,0.22266713,0.1991246
572643864,0.5926958,0.20462842,0.20267574
572744633,0.1239778,0.73612607,0.13989606
572997505,0.17230545,0.5957158,0.23197879
573169921,0.46227804,0.2877322,0.24998973
573182218,0.59074444,0.18508568,0.22416985
573288573,0.22149278,0.43295008,0.34555712
573318064,0.38277978,0.29271513,0.3245051
573500014,0.1918682,0.17203163,0.6361002
573529721,0.2773771,0.41493043,0.30769247
573629523,0.302258,0.30158296,0.3961591
573698555,0.37233296,0.31647435,0.3111927
573702630,0.10826049,0.09521247,0.7965271
573776270,0.16263993,0.16292189,0.67443824
573899796,0.12229104,0.7388388,0.13887015
573952509,0.44158295,0.31686735,0.24154972
574045697,0.31996658,0.40086144,0.27917188
574061122,0.42079926,0.25945053,0.31975013
574104532,0.3937847,0.30120888,0.3050064
574190338,0.42751426,0.31997535,0.25251037
574279657,0.7101206,0.1324645,0.1574149
574380887,0.5819687,0.17233963,0.24569172
574458497,0.37895328,0.34403685,0.27700996
574467831,0.2080115,0.30474505,0.48724347
574580866,0.6521552,0.14989562,0.19794914
574620221,0.2518156,0.49587,0.25231445
574720113,0.20875323,0.5302289,0.26101795
574734685,0.12337119,0.74811816,0.12851062
574829986,0.2808529,0.25626898,0.4628782
574863547,0.31003812,0.35138038,0.33858144
574992614,0.2698738,0.37887344,0.3512528
575158595,0.14649692,0.66581863,0.18768434
575177338,0.3879807,0.29367045,0.31834897
575184624,0.17152989,0.6298724,0.1985977
575216919,0.46140516,0.29660645,0.24198842
575221267,0.33398244,0.32098186,0.3450357
575315294,0.45994487,0.27387574,0.26617932
575351357,0.4739784,0.28767428,0.23834726
575408149,0.4848561,0.27866918,0.2364747
575531605,0.3810865,0.33535764,0.2835559
575586366,0.2674203,0.27860624,0.45397353
575590084,0.2366243,0.5381133,0.22526248
575655463,0.34463432,0.33408013,0.32128564
576098487,0.3417429,0.3586785,0.29957864
576218656,0.1797528,0.15893176,0.6613154
576276287,0.30329743,0.40626365,0.29043892
576367297,0.5545262,0.22039796,0.22507587
576434381,0.23254347,0.47943416,0.28802243
576530406,0.08888765,0.08376291,0.8273495
576551460,0.26898694,0.3749566,0.35605645
576652879,0.29091272,0.4532705,0.25581673
576705752,0.5739183,0.2138561,0.21222565
576725776,0.2794823,0.33564055,0.3848772
576757059,0.37525958,0.3276971,0.29704332
576804687,0.48343313,0.21715613,0.29941076
576854728,0.32542992,0.37108004,0.30349004
576860279,0.22992347,0.2008557,0.5692208
576922317,0.37464675,0.28961888,0.33573443
577120722,0.3142678,0.28719255,0.39853954
577234482,0.33333734,0.37160018,0.29506248
577249205,0.24311085,0.4016752,0.35521397
577445169,0.27109674,0.297604,0.43129924
577449993,0.5602825,0.19507886,0.24463853
577723078,0.120990925,0.74670035,0.13230866
577745968,0.40828678,0.3247118,0.26700148
577766341,0.077313505,0.08797452,0.83471197
577770234,0.14538899,0.12115017,0.73346084
577981192,0.25951385,0.36656636,0.37391973
578048344,0.34221172,0.32664284,0.33114544
578048548,0.07782055,0.82821614,0.093963325
578069029,0.2838127,0.4086339,0.30755347
578193417,0.35161826,0.34526163,0.30312014
578229841,0.39115676,0.3357806,0.27306268
578256325,0.34208277,0.3518264,0.3060908
578281132,0.46333238,0.27078304,0.2658846
578316102,0.26884374,0.46429026,0.26686606
578488012,0.24204484,0.23326783,0.52468735
578522976,0.40927503,0.30357653,0.28714848
578673415,0.10884574,0.7482731,0.14288121
578752092,0.24703225,0.2525733,0.5003944
578957909,0.67657834,0.14559571,0.17782587
579094722,0.10388308,0.7589211,0.1371959
579117501,0.53658205,0.24713287,0.21628504
579158647,0.28690597,0.27658063,0.43651345
579244094,0.35673994,0.35796416,0.2852959
579278125,0.29343832,0.28261662,0.42394507
579279426,0.51335675,0.22971393,0.25692928
579449628,0.3735439,0.2932077,0.33324844
579529388,0.44951427,0.14744604,0.4030396
579554501,0.36319652,0.32699305,0.3098104
579555588,0.36412835,0.22743961,0.4084321
579642428,0.26027158,0.34352297,0.39620554
579682320,0.45636374,0.2738483,0.26978803
579715271,0.24431257,0.4419397,0.31374764
579715355,0.18411653,0.59598356,0.21989988
579732153,0.454575,0.2239861,0.3214389
579834409,0.34850335,0.30930898,0.34218767
579911034,0.24584475,0.39590707,0.3582482
580081015,0.31500927,0.3399556,0.34503514
580083281,0.4940303,0.21441625,0.29155347
580140348,0.38348547,0.339516,0.2769985
580242683,0.48886427,0.2864474,0.22468826
580469348,0.3527406,0.35625434,0.29100513
580480994,0.20488246,0.19163847,0.6034791
580505326,0.28355277,0.44304636,0.2734009
580554628,0.099735186,0.10420636,0.7960585
580587127,0.58976406,0.2017211,0.20851487
580817462,0.24719957,0.5053241,0.24747625
580852563,0.35676968,0.33997327,0.30325705
580928250,0.3460336,0.40878063,0.24518575
580984991,0.38549966,0.34823382,0.26626652
581145977,0.47786704,0.28892574,0.2332072
581195851,0.2985492,0.32491302,0.3765377
581231396,0.28034613,0.2993293,0.4203245
581365261,0.19001092,0.33055967,0.47942936
581447797,0.06597748,0.83272076,0.10130182
581547722,0.37758324,0.32221577,0.30020106
581563108,0.5281302,0.24730866,0.22456123
581573086,0.69692504,0.1377963,0.16527864
581578709,0.3476022,0.38647464,0.2659232
581642871,0.27764106,0.47960445,0.24275455
581685587,0.30657458,0.3743428,0.31908268
581811057,0.29448375,0.4204187,0.28509748
581985807,0.3860736,0.38069132,0.23323506
582101997,0.29170763,0.23415527,0.47413704
582115770,0.4398003,0.32545018,0.23474954
582120045,0.23405088,0.20905322,0.5568959
582136902,0.39367145,0.31196374,0.29436478
582170982,0.5646027,0.2177979,0.21759947
582223233,0.27081117,0.41687727,0.3123115
582235833,0.4827882,0.27966654,0.23754531
582308709,0.35508788,0.4176538,0.22725837
582453950,0.15788986,0.18839748,0.65371263
582476417,0.5671624,0.18402219,0.24881542
582557933,0.38541174,0.32203072,0.29255757
582699151,0.09961106,0.7797422,0.12064682
582764958,0.5158212,0.24511245,0.23906627
582933261,0.25812674,0.33840054,0.40347272
583033788,0.084857166,0.8115646,0.1035782
583055326,0.36843804,0.31897643,0.31258556
583090563,0.24219178,0.26415142,0.49365684
583126002,0.31707776,0.39193112,0.29099122
583140982,0.3474543,0.2992449,0.35330072
583228182,0.15897812,0.6640861,0.17693578
583290120,0.36805665,0.3794963,0.2524471
583303505,0.29696625,0.39116934,0.31186435
583320349,0.30685848,0.36559814,0.32754332
583401128,0.20370342,0.55925983,0.23703672
583456813,0.1904647,0.52567595,0.2838593
583602153,0.21620373,0.42643997,0.3573564
583680893,0.33161092,0.39921632,0.26917276
583719575,0.41454354,0.24901249,0.33644393
583728201,0.44033277,0.30773866,0.2519285
583812375,0.34239718,0.24393444,0.41366842
583848021,0.32737848,0.36159724,0.31102434
583945832,0.30282238,0.44266036,0.25451723
584121762,0.3806317,0.32274586,0.29662246
584334330,0.45189616,0.24205433,0.30604953
584476343,0.2775439,0.27299848,0.4494576
584534382,0.3352181,0.3574617,0.30732018
584549986,0.41882306,0.2830227,0.29815423
584741583,0.27661875,0.36403343,0.35934785
584808986,0.29420665,0.45395038,0.25184298
584895846,0.34891337,0.2936707,0.35741594
584991031,0.14561777,0.6577295,0.1966527
585074496,0.11427763,0.76082015,0.124902256
585089260,0.34572017,0.2854997,0.36878014
585107354,0.27447584,0.3870202,0.33850393
585245959,0.36941284,0.29834038,0.3322468
585252901,0.24168152,0.46537036,0.29294807
585426518,0.21546468,0.47523823,0.30929703
585459041,0.19719355,0.5639453,0.23886111
585491874,0.29678762,0.39558232,0.30763
585525447,0.238793,0.25383592,0.5073711
585541881,0.27477515,0.35596046,0.36926442
585571383,0.09669896,0.08781537,0.81548566
585572765,0.34079257,0.37099886,0.2882086
585603075,0.2697898,0.26619607,0.46401408
585699113,0.3812277,0.30909175,0.30968064
585840249,0.43122864,0.31919315,0.24957818
585865171,0.19230907,0.5330856,0.2746054
585875268,0.4687253,0.26907033,0.26220426
585973772,0.2037833,0.1895454,0.60667133
586058936,0.14071667,0.70718724,0.15209611
586101746,0.23343213,0.39886788,0.36769992
586148566,0.11863424,0.10922894,0.7721368
586153171,0.35716635,0.3529029,0.2899308
586219795,0.20421723,0.20885628,0.58692646
586250115,0.2656263,0.37204853,0.36232516
586297191,0.32056502,0.30907542,0.3703596
586326643,0.5482558,0.22906037,0.22268382
586423696,0.3070096,0.44250247,0.25048783
586427638,0.6481409,0.16150074,0.19035836
586517375,0.7998817,0.07181582,0.12830247
586536626,0.11139347,0.094476916,0.7941296
586694098,0.4023057,0.28726584,0.31042847
586820243,0.43422768,0.2900592,0.2757131
586842278,0.24171071,0.23640744,0.5218819
586892805,0.43398118,0.2633175,0.30270132
586949290,0.27934137,0.2281114,0.4925472
587144805,0.25977185,0.37353536,0.36669278
587213692,0.33971104,0.33429775,0.32599115
587220284,0.2642518,0.4042411,0.33150712
587258461,0.33342582,0.26997292,0.39660123
587305393,0.3674689,0.29665443,0.33587664
587327899,0.30036387,0.43533245,0.26430368
587394905,0.35491422,0.30174622,0.3433395
587549972,0.26871094,0.3262066,0.40508237
587727642,0.22122781,0.23239774,0.54637444
587735203,0.22128852,0.1787739,0.59993756
587751398,0.20709047,0.19786508,0.5950444
587898721,0.26951262,0.27145374,0.4590336
587899679,0.14861323,0.6468918,0.20449503
588036857,0.5704927,0.20499207,0.22451521
588053556,0.17897034,0.22165391,0.59937584
588159370,0.4210954,0.31676742,0.26213714
588180192,0.23919925,0.4206061,0.34019455
588311493,0.39309603,0.32567498,0.28122896
588690300,0.35461938,0.34802037,0.29736027
588718287,0.7692098,0.09746397,0.1333263
588751099,0.71151423,0.13109556,0.1573902
588763275,0.35727906,0.3240946,0.31862637
588812216,0.40227547,0.30159542,0.2961291
588851189,0.2600199,0.23368499,0.50629514
588968746,0.41560104,0.30811414,0.27628484
589122150,0.34091136,0.3822156,0.27687305
589133701,0.17295945,0.534903,0.29213744
589175293,0.2847882,0.27534428,0.43986753
589221499,0.3137759,0.3219372,0.36428693
589293820,0.26620904,0.3562552,0.3775358
589361095,0.15583993,0.1671247,0.67703533
589413458,0.29368278,0.25697163,0.44934562
589486368,0.4121587,0.35494456,0.23289679
589502042,0.3392743,0.326627,0.33409867
589578121,0.37728173,0.39699093,0.22572736
589612364,0.34406134,0.31804955,0.33788902
589614948,0.75524294,0.100362085,0.144395
589632544,0.37019384,0.31501064,0.3147955
589704613,0.23881619,0.23888612,0.5222977
589745771,0.28984243,0.40216103,0.30799657
589869382,0.20411195,0.48839533,0.3074926
590094353,0.14056757,0.12497693,0.7344555
590100567,0.33075336,0.33607015,0.33317652
590129124,0.16624361,0.49715114,0.33660534
590191223,0.4363367,0.29940313,0.2642602
590196040,0.33926094,0.38874468,0.27199432
590232571,0.4799299,0.29508942,0.22498065
590286997,0.33879957,0.4001902,0.26101026
590368108,0.44689962,0.26191935,0.29118112
590502031,0.26167423,0.38265416,0.35567164
590580698,0.48733333,0.2620939,0.2505727
590612896,0.23560892,0.5235163,0.24087484
590973863,0.15288065,0.1620691,0.68505025
591000695,0.17689781,0.18513694,0.63796526
591088873,0.36263227,0.35200384,0.2853638
591199057,0.44759965,0.23636785,0.31603256
591315438,0.25720647,0.2732505,0.46954304
591515943,0.5033787,0.27425104,0.22237025
591601653,0.3193576,0.44239125,0.23825116
591633522,0.39174572,0.28227636,0.32597795
591666857,0.5193499,0.25060028,0.2300498
591739967,0.30705023,0.36190346,0.33104625
591814569,0.60929734,0.20144463,0.18925811
592117332,0.28771532,0.4230915,0.28919315
592137130,0.3143701,0.41319203,0.27243796
592160203,0.3082663,0.36496887,0.32676476
592186674,0.6293343,0.17032899,0.20033675
592223239,0.15071365,0.69029236,0.15899396
592267907,0.22321098,0.5091335,0.26765552
592310793,0.35183278,0.39520064,0.2529665
592339714,0.15599908,0.1500188,0.6939822
592361031,0.21909142,0.20498596,0.57592267
592609532,0.42398086,0.30669925,0.2693199
592633848,0.2620639,0.32588616,0.41204998
592634263,0.088651314,0.8100496,0.101299085
592765226,0.3708784,0.29357284,0.33554876
592784721,0.21383129,0.55591285,0.2302558
592802352,0.45251402,0.31252974,0.23495625
592824435,0.3619739,0.27121875,0.36680737
592880070,0.32522205,0.34298092,0.33179706
592908805,0.4285518,0.19368652,0.37776163
592935013,0.12774526,0.7161057,0.15614909
593015676,0.46656924,0.29472482,0.23870595
593052797,0.08892777,0.7985274,0.112544775
593058821,0.16327499,0.13043211,0.70629287
593084767,0.35202274,0.343659,0.30431828
593119214,0.20527805,0.55908215,0.23563981
593133184,0.37474275,0.3692871,0.25597018
593141432,0.25644025,0.32907322,0.41448653
593233622,0.2493552,0.54387045,0.20677438
593293976,0.3887236,0.29340157,0.31787482
593342028,0.25017753,0.23462042,0.51520205
593360571,0.3069224,0.29132345,0.40175414
593384133,0.1540586,0.1760649,0.6698765
593445868,0.11595818,0.10302642,0.78101546
593485103,0.2895154,0.4512352,0.25924936
593579816,0.3193885,0.35031214,0.33029935
593623660,0.37076554,0.32727855,0.30195594
593798542,0.25358826,0.44388384,0.302528
593824050,0.100963734,0.78838116,0.11065511
593838648,0.6096018,0.19208635,0.19831185
593919730,0.32538408,0.36906362,0.30555224
593926914,0.24722257,0.32131103,0.43146646
593979125,0.41240788,0.30608955,0.28150254
594055555,0.18456258,0.584425,0.2310125
594246927,0.35842708,0.27085087,0.37072206
594258961,0.30288488,0.2495143,0.44760087
594365023,0.3214485,0.4331342,0.24541731
594370397,0.29385945,0.39207354,0.31406704
594444177,0.2644494,0.22597185,0.50957876
594593614,0.2625898,0.1897034,0.54770684
594612334,0.3732002,0.32164428,0.30515543
594622301,0.264376,0.38678092,0.34884307
594647938,0.20592055,0.56289184,0.23118763
594651962,0.3204269,0.40120018,0.27837294
594666380,0.38219616,0.33547825,0.28232557
594972106,0.2727948,0.41932598,0.30787915
595190820,0.1769811,0.6147383,0.2082806
595310496,0.3469304,0.33647025,0.3165993
595311753,0.3684188,0.3089622,0.32261902
595318677,0.20527056,0.21285303,0.5818764
595321819,0.35135806,0.28530392,0.36333805
595382031,0.3562388,0.35891533,0.2848458
595587090,0.22417656,0.21376383,0.56205964
595618303,0.36617813,0.35808614,0.27573568
595758395,0.20664541,0.14666829,0.6466862
596045489,0.18457618,0.57362264,0.24180113
596091242,0.28775972,0.33508942,0.3771509
596562411,0.09093238,0.79615647,0.11291111
596729828,0.09434446,0.77777845,0.12787713
596761678,0.21485072,0.40697008,0.3781792
597139217,0.20498951,0.18822813,0.60678244
597165431,0.4832203,0.11800406,0.39877564
597229071,0.52375275,0.2342003,0.24204704
597346293,0.25922835,0.33304143,0.40773025
597452644,0.51875985,0.25743735,0.22380286
597464191,0.4373651,0.3194016,0.24323323
597465568,0.43832406,0.31269288,0.24898303
597628228,0.5407155,0.23172823,0.22755629
597663801,0.25859195,0.2888842,0.45252383
597747104,0.13612394,0.14505084,0.71882516
597770957,0.37462786,0.27336627,0.35200584
597868437,0.18346524,0.15930602,0.6572287
597882047,0.23505476,0.2156293,0.5493159
597932587,0.4010164,0.3353954,0.26358822
597979661,0.24553542,0.46747115,0.2869934
598028150,0.3962637,0.30031624,0.3034201
598076384,0.35275438,0.38342953,0.26381615
598311416,0.21540609,0.45730644,0.3272875
598508290,0.26898193,0.34889835,0.38211963
598601350,0.28476632,0.29599687,0.41923684
598630331,0.2515574,0.44978735,0.2986552
598721996,0.123450816,0.7304936,0.14605555
598799767,0.3186832,0.38678774,0.29452896
598855916,0.23729643,0.2577852,0.5049184
598977526,0.32153836,0.33066314,0.34779856
598984555,0.55417037,0.23020132,0.21562831
599097840,0.43206546,0.31756052,0.25037396
599159921,0.20708661,0.52774966,0.26516372
599227489,0.5349794,0.25581715,0.20920345
599384232,0.27450812,0.30364624,0.42184564
599620038,0.3726316,0.2931568,0.33421162
599686730,0.55230206,0.21888638,0.22881155
599762723,0.26210636,0.3941186,0.343775
599939180,0.3258733,0.35464227,0.31948447
599956093,0.27415416,0.33690432,0.3889415
599973457,0.3158551,0.35161582,0.3325291
600119009,0.12017033,0.12601316,0.7538164
600271730,0.6196198,0.19116229,0.1892179
600290247,0.7343138,0.10370724,0.16197906
600369566,0.2885617,0.30266526,0.40877312
600392410,0.50293124,0.26066303,0.23640575
600421220,0.3307577,0.28291115,0.38633117
600466621,0.40148813,0.27665055,0.32186127
600478036,0.109481245,0.7822738,0.10824489
600635344,0.09108244,0.7691077,0.13980983
600671742,0.21286845,0.15853217,0.6285994
600898780,0.35525516,0.2592448,0.3855
600998034,0.20964956,0.522372,0.2679784
601070980,0.13834748,0.12714458,0.7345079
601172136,0.235761,0.26048446,0.50375456
601222424,0.12341365,0.122015454,0.75457084
601258748,0.7156845,0.11687473,0.16744076
601396996,0.32744363,0.38455498,0.28800136
601482295,0.26051804,0.422931,0.31655094
601579553,0.40564132,0.3249047,0.26945397
601584410,0.46693185,0.29868463,0.23438358
601601636,0.40666765,0.33169016,0.26164213
601615534,0.22685096,0.24024394,0.5329051
601752232,0.41898397,0.34605435,0.23496169
601778709,0.14988004,0.19428478,0.65583515
601782553,0.18797675,0.16016957,0.6518537
601795468,0.29166302,0.38626093,0.32207608
601917440,0.41310686,0.2900159,0.2968772
601977109,0.28301755,0.3070983,0.40988415
602031505,0.27798596,0.4819264,0.24008764
602070425,0.44465435,0.3115872,0.24375838
602080755,0.32674956,0.3560315,0.3172189
602180208,0.4368012,0.3069339,0.25626487
602283845,0.37996036,0.34779257,0.27224705
602326750,0.5469016,0.13625416,0.31684422
602400267,0.62058014,0.1523733,0.22704647
602400438,0.24586448,0.48176607,0.27236947
602406101,0.35705307,0.38151008,0.2614368
602434327,0.61210304,0.18029945,0.20759752
602460603,0.2948151,0.32279286,0.38239202
602481325,0.3425185,0.35150826,0.30597332
602673896,0.5838653,0.16807885,0.24805583
602716120,0.3074277,0.40483427,0.28773803
602920216,0.25702482,0.35421968,0.3887555
603025261,0.23225334,0.23081295,0.5369337
603029900,0.4636724,0.30749857,0.22882904
603031593,0.123762675,0.69605136,0.18018594
603184557,0.3219071,0.40737733,0.27071553
603499582,0.30959272,0.35710126,0.333306
603564745,0.27551538,0.39360082,0.3308839
603606046,0.36965314,0.32260466,0.30774227
603826189,0.17566773,0.631243,0.19308932
604000745,0.42899212,0.29392892,0.27707896
604276868,0.5562375,0.22472036,0.21904206
604397853,0.33077547,0.2724888,0.39673576
604424806,0.2689856,0.2887789,0.4422355
604459389,0.2542701,0.2049213,0.54080856
604482704,0.39839137,0.32585433,0.27575436
604567051,0.31068105,0.34199172,0.34732726
604586972,0.2704685,0.271161,0.45837054
604635014,0.082443476,0.8085082,0.109048314
604947179,0.5518803,0.2306459,0.21747376
605051920,0.27990544,0.26717117,0.45292336
605201190,0.43537194,0.2675506,0.29707748
605355263,0.29145384,0.24978994,0.45875627
605405028,0.16789131,0.5670041,0.26510456
605440728,0.3347682,0.41270968,0.25252208
605594223,0.11000728,0.76745915,0.122533575
605649773,0.35995272,0.3269907,0.31305662
605778043,0.53716683,0.21392372,0.24890949
605842496,0.34833917,0.31182408,0.33983675
605908341,0.263671,0.42912278,0.30720624
606004563,0.5422251,0.22451535,0.23325954
606029465,0.40383494,0.24676849,0.34939656
606037705,0.54022104,0.24985328,0.20992573
606046538,0.3145101,0.3249641,0.3605258
606055597,0.55737287,0.2369805,0.20564656
606115644,0.6774928,0.14631893,0.17618828
606126039,0.090122096,0.79012537,0.11975246
606135544,0.17765576,0.6118795,0.21046469
606144760,0.56332856,0.24693641,0.18973501
606150657,0.43499234,0.2684227,0.296585
606159355,0.3347465,0.31143385,0.3538196
606243271,0.29170588,0.36450198,0.34379208
606281151,0.26398098,0.46981242,0.26620653
606316034,0.21723838,0.2086948,0.57406676
606339898,0.15603785,0.1140059,0.72995627
606406678,0.4463301,0.29427105,0.25939885
606446267,0.31166014,0.39866945,0.28967047
606455706,0.32598102,0.3202467,0.35377225
606495668,0.30893937,0.21683589,0.47422475
606534673,0.38324925,0.3484058,0.2683449
606593151,0.24841246,0.4925999,0.2589876
606604980,0.40799576,0.2682858,0.3237185
606621642,0.44211268,0.32220972,0.23567756
606751072,0.24976648,0.3149344,0.43529904
606778838,0.2773294,0.3607731,0.36189753
607018584,0.31327525,0.35536906,0.33135572
607183497,0.24943608,0.27204266,0.47852126
607233067,0.41596773,0.27559692,0.3084354
607419673,0.42387366,0.30891216,0.2672142
607447957,0.40429297,0.3223509,0.2733561
607456205,0.31609592,0.3772477,0.3066563
607485751,0.2995343,0.4074845,0.2929812
607698458,0.16668816,0.6200482,0.21326366
607704241,0.3430667,0.3759226,0.28101078
607759505,0.36070406,0.24669237,0.39260358
607780935,0.33882105,0.20383248,0.45734653
607823046,0.25189406,0.27864605,0.46945995
607827336,0.4808538,0.27786776,0.24127837
607830612,0.22722507,0.20233245,0.57044244
607842518,0.29550514,0.37177527,0.3327196
607879740,0.63569915,0.16929074,0.1950101
607914725,0.31423035,0.35865214,0.32711753
607922335,0.26015687,0.27565378,0.4641893
607939756,0.13205193,0.7178261,0.1501219
607962208,0.52248245,0.24767388,0.22984365
608122997,0.33920136,0.2711112,0.3896875
608212960,0.3819043,0.3215013,0.2965944
608267147,0.33723217,0.35739127,0.3053765
608285613,0.22339478,0.25239998,0.5242053
608376886,0.15080795,0.6855323,0.16365981
608381802,0.6469457,0.16730602,0.18574826
608582213,0.30036852,0.35582286,0.3438086
608628789,0.37031877,0.22516361,0.40451762
608751086,0.45880696,0.25938374,0.2818093
608755488,0.21290472,0.5394419,0.24765347
608788190,0.2971152,0.32383904,0.37904575
608849175,0.3227361,0.34879762,0.3284663
608895374,0.34457573,0.30033982,0.35508448
608935608,0.45148623,0.32278034,0.22573343
609192285,0.42390162,0.32916754,0.24693076
609256004,0.09949051,0.11043869,0.79007083
609276989,0.57163316,0.2062302,0.22213665
609371141,0.39995843,0.3514798,0.24856183
609391314,0.22304071,0.3993869,0.3775723
609449522,0.2397191,0.2986256,0.4616553
609528313,0.31565583,0.39051953,0.29382458
609534436,0.2887112,0.36211973,0.34916914
609553191,0.32055104,0.39619386,0.28325507
609559471,0.3497498,0.2834709,0.3667793
609730784,0.47250238,0.27565995,0.25183764
609919890,0.22278215,0.3062454,0.4709725
609926562,0.36559805,0.32626256,0.30813932
610009857,0.07733461,0.07370949,0.8489559
610040288,0.6433305,0.18078282,0.17588657
610172207,0.24297816,0.2334045,0.5236173
610202547,0.22020096,0.5392628,0.24053626
610306710,0.33535302,0.36128262,0.30336437
610367092,0.7229704,0.12678477,0.15024473
610527295,0.30281758,0.2754339,0.42174858
610603943,0.29395363,0.29473355,0.41131285
610610895,0.39283714,0.28759202,0.31957084
610673510,0.45395288,0.27974537,0.26630175
610690784,0.34912172,0.36382872,0.2870495
610870752,0.3483566,0.28261718,0.36902624
610925909,0.37633985,0.2864646,0.3371955
610937613,0.44555256,0.25351533,0.3009321
611046008,0.25641373,0.4148077,0.32877862
611179239,0.7215601,0.13860688,0.13983299
611181297,0.3366515,0.3337892,0.32955927
611278812,0.10334044,0.7833795,0.11328005
611754873,0.20147362,0.5292904,0.26923603
611838118,0.5137896,0.18347672,0.3027337
611902002,0.24485269,0.4667613,0.288386
611929222,0.41163433,0.30745858,0.2809071
612021708,0.11769114,0.7355254,0.1467834
612058975,0.32725254,0.38650995,0.28623757
612116424,0.17294297,0.6410919,0.18596514
612529681,0.2050834,0.5677133,0.22720331
612629513,0.36175928,0.36852914,0.26971158
612733077,0.36874327,0.31681964,0.31443706
612736709,0.29230595,0.28822604,0.41946802
612750058,0.19166946,0.6200577,0.18827292
612751829,0.44251636,0.29600957,0.26147413
613026843,0.46173915,0.3120314,0.2262295
613133700,0.38007602,0.28168848,0.33823547
613337167,0.3639624,0.3064761,0.3295615
613543125,0.31635392,0.30365673,0.37998945
613543423,0.31363073,0.38641948,0.29994985
613610889,0.5233416,0.25624263,0.22041574
613740113,0.1808499,0.60908824,0.21006183
613754862,0.33312097,0.35583764,0.31104133
613775011,0.5496345,0.2095736,0.2407919
613805491,0.21076155,0.19332643,0.595912
613942499,0.25350735,0.44428754,0.30220512
613957102,0.3333912,0.3257425,0.3408663
614020774,0.20726821,0.21702045,0.5757113
614028879,0.5306129,0.23173049,0.23765667
614038017,0.35475546,0.2857561,0.3594884
614039879,0.5946824,0.19399276,0.21132478
614153458,0.23785558,0.23098262,0.53116184
614293699,0.34248477,0.33973348,0.31778175
614391478,0.46489948,0.28672305,0.24837749
614451319,0.12029864,0.7458537,0.13384765
614563874,0.06712459,0.840416,0.09245943
614800774,0.30582765,0.35491136,0.33926105
614835124,0.6368814,0.17187901,0.19123957
614873464,0.43492207,0.24268982,0.32238814
614934234,0.3080772,0.25287044,0.4390524
615161339,0.31775808,0.29494327,0.38729855
615230948,0.43659586,0.24209185,0.3213123
615412233,0.39927816,0.31677043,0.28395143
615414667,0.24867779,0.48689914,0.26442304
615438484,0.44589663,0.34380496,0.2102984
615466376,0.2970288,0.31397706,0.3889941
615490619,0.36225957,0.3389537,0.29878667
615508461,0.30488807,0.38480306,0.31030893
615570702,0.3873445,0.35913095,0.2535245
615709333,0.28410575,0.37843302,0.33746123
615728639,0.14722927,0.6498046,0.20296615
615816677,0.475276,0.27182594,0.25289807
615853009,0.2759817,0.36804092,0.35597742
615870213,0.3352499,0.36615908,0.29859108
615918294,0.3209664,0.39983976,0.2791938
616143540,0.3166641,0.3214102,0.36192575
616252715,0.1989701,0.5771303,0.22389963
616276616,0.3369827,0.40607,0.25694722
616296633,0.6407773,0.1765253,0.18269734
616376865,0.27024722,0.4751497,0.25460315
616480738,0.22752707,0.5043266,0.26814637
616655203,0.262453,0.46377385,0.27377316
616738734,0.28675622,0.41968772,0.29355612
616758500,0.4241226,0.3023766,0.27350077
616873129,0.36374238,0.3540541,0.28220358
616935908,0.2590502,0.45921534,0.28173447
616942129,0.2410126,0.5299603,0.22902708
616981423,0.3948987,0.34504077,0.26006055
616983496,0.27196577,0.33082592,0.3972083
617005151,0.22610697,0.49184233,0.2820507
617096257,0.59547496,0.19194084,0.2125842
617384675,0.5676951,0.22289084,0.20941405
617415618,0.7664972,0.09595727,0.13754556
617479962,0.30338207,0.3789918,0.31762603
617492354,0.31257975,0.28545162,0.40196863
617524277,0.2808951,0.25812718,0.4609776
617708778,0.25506896,0.23741429,0.50751674
617814634,0.2940795,0.34122387,0.36469665
617879069,0.8091987,0.07603008,0.11477126
617926868,0.3054999,0.33371696,0.36078313
618092973,0.67472273,0.14446102,0.1808162
618229308,0.1725728,0.1627146,0.6647126
618339970,0.31185436,0.31359556,0.37455007
618340081,0.13245988,0.7187814,0.14875874
618363935,0.459449,0.2852138,0.25533718
618477625,0.31974608,0.3113573,0.3688966
618666084,0.38002205,0.2525824,0.36739558
618726767,0.3140447,0.3465777,0.3393775
618741512,0.34875658,0.28247935,0.36876407
618796641,0.35250562,0.3952951,0.25219923
618813447,0.34428436,0.32084364,0.334872
618915607,0.36329335,0.25798354,0.37872308
618976282,0.2984579,0.4040721,0.2974699
619083869,0.33683884,0.37738746,0.28577372
619135224,0.31221494,0.26999187,0.41779324
619258698,0.34807318,0.35604316,0.29588372
619454649,0.7457438,0.10676242,0.14749378
619532367,0.4669751,0.23970288,0.2933221
619545949,0.28510234,0.31474084,0.4001568
619585065,0.3778713,0.34796593,0.27416268
619671696,0.27524817,0.33679825,0.38795355
619751007,0.28020933,0.3975827,0.322208
619754987,0.35902172,0.35967642,0.28130186
619757904,0.17256889,0.61523503,0.21219605
619808478,0.25674093,0.30242878,0.44083023
619911496,0.115956046,0.7464587,0.13758527
619967192,0.47477877,0.28142318,0.24379803
620236090,0.4149401,0.30479324,0.28026673
620473724,0.15889119,0.21467201,0.6264368
620524477,0.29151312,0.35364428,0.35484266
620603737,0.2672984,0.41658416,0.31611738
620606107,0.2758693,0.26415932,0.4599713
620648682,0.33480757,0.37939388,0.28579852
620732984,0.21740618,0.49664465,0.2859492
620751969,0.37098348,0.25246224,0.3765542
620795645,0.38276127,0.33989698,0.27734184
620818137,0.36281452,0.3315492,0.30563635
620916428,0.0809886,0.80005485,0.11895654
621115300,0.32244682,0.35242817,0.32512504
621140992,0.4419181,0.32973963,0.22834231
621210487,0.34487367,0.34282872,0.31229758
621242919,0.0863792,0.79975677,0.113864005
621278659,0.20275025,0.5013086,0.2959411
621618295,0.45998433,0.26445875,0.27555698
621628535,0.09456286,0.10247543,0.80296177
621772809,0.17451891,0.15219703,0.6732841
621773658,0.30733308,0.40048197,0.29218504
621778716,0.5534963,0.23291865,0.2135851
621891155,0.3462582,0.32702035,0.3267215
622041152,0.23499554,0.40089113,0.36411345
622074995,0.32697803,0.34855178,0.32447022
622087916,0.3042336,0.25584656,0.4399198
622229927,0.27175096,0.3807369,0.34751222
622236720,0.38191316,0.3549355,0.26315138
622296676,0.36333224,0.34088412,0.2957837
622331560,0.5833562,0.20599148,0.21065234
622475991,0.40020007,0.32637107,0.27342886
622521765,0.62699413,0.17902562,0.19398023
622524084,0.49127746,0.26223102,0.24649146
622645726,0.48176634,0.27658257,0.24165109
622715383,0.37575915,0.30636832,0.31787252
622717380,0.4479336,0.30575693,0.24630943
622799072,0.32167232,0.27595875,0.40236896
622837125,0.23598893,0.51272565,0.2512854
622959804,0.312584,0.32746527,0.35995075
622961338,0.33061993,0.3478771,0.32150298
623044054,0.34131747,0.25367823,0.40500426
623124015,0.15399967,0.6770669,0.16893339
623152842,0.44835758,0.2484981,0.30314428
623369789,0.4501177,0.30863473,0.2412475
623492959,0.28016382,0.32335302,0.39648315
623610041,0.47133043,0.29271585,0.2359537
623637278,0.4440335,0.31972012,0.23624642
623703576,0.3021781,0.36977956,0.32804236
623884476,0.20618418,0.5279787,0.26583716
624057439,0.4968255,0.23936263,0.26381192
624071205,0.24503444,0.5184271,0.23653853
624197872,0.41727144,0.30293941,0.27978918
624300941,0.36032006,0.39029488,0.249385
624501541,0.7096295,0.12738651,0.16298401
624512824,0.40978247,0.32441735,0.2658001
624664578,0.34012583,0.35269612,0.30717808
624704374,0.2835773,0.35907307,0.3573496
624725677,0.63461804,0.15980925,0.20557266
624741867,0.20004435,0.1801957,0.61976004
625075376,0.46391386,0.26336554,0.2727207
625083286,0.35027012,0.33330676,0.31642312
625290530,0.10930618,0.7705798,0.12011401
625303898,0.41189644,0.29196778,0.29613575
625306455,0.11272633,0.09931043,0.7879632
625363687,0.3829625,0.2939226,0.3231149
625421642,0.38160452,0.25309572,0.36529973
625464591,0.32001203,0.24006374,0.43992418
625470777,0.4420107,0.32960072,0.22838858
625548430,0.3299682,0.34210587,0.32792595
625584483,0.1725068,0.65032285,0.17717032
625625335,0.37426627,0.28540438,0.34032938
625941823,0.29775894,0.14889154,0.5533495
625966769,0.27705434,0.3229265,0.40001914
626039013,0.8129807,0.060994726,0.12602462
626039274,0.7616072,0.100297585,0.13809508
626138796,0.53016335,0.22770797,0.24212871
626206004,0.39767838,0.3014798,0.30084184
626444376,0.21334037,0.5488235,0.23783611
626712755,0.6086599,0.1908272,0.20051284
626798585,0.34769714,0.38774294,0.26455998
626800367,0.51666784,0.21942204,0.26391006
626836243,0.77953607,0.09454398,0.12591997
627141565,0.20827265,0.20293345,0.58879393
627142697,0.23260362,0.20743816,0.5599583
627273077,0.20592812,0.5937423,0.20032957
627355486,0.23957111,0.24481642,0.5156125
627363068,0.23241962,0.18683498,0.5807454
627364006,0.21023235,0.26535904,0.52440864
627389820,0.22648707,0.48647532,0.2870376
627465737,0.5745909,0.21096453,0.21444455
627475411,0.26951855,0.4607124,0.26976904
627482926,0.17585872,0.5425147,0.28162655
627508019,0.21664242,0.52663606,0.25672147
627603430,0.39054918,0.33846116,0.2709897
627617357,0.13001873,0.11927659,0.75070465
627629586,0.40002537,0.3391474,0.2608272
627707203,0.56865364,0.23221716,0.19912915
627739421,0.40825364,0.34214002,0.2496063
627879747,0.33576348,0.3728434,0.29139307
627917893,0.41574252,0.294409,0.28984845
627941800,0.22543779,0.29845884,0.47610337
628077985,0.118352376,0.13640006,0.74524754
628120585,0.21416345,0.51728183,0.26855472
628180621,0.2187485,0.488357,0.29289445
628196764,0.5920192,0.21069786,0.19728296
628483658,0.77121377,0.0875524,0.14123382
628553544,0.18446241,0.18100101,0.63453656
628674489,0.21199703,0.21555363,0.5724493
628934369,0.18683341,0.13543117,0.6777354
628977420,0.18901463,0.5840109,0.22697441
629020396,0.33626142,0.32502148,0.33871713
629109478,0.22497538,0.29086557,0.48415908
629114206,0.12769544,0.723643,0.14866151
629133597,0.37817216,0.33060426,0.29122356
629138111,0.39541474,0.32943225,0.27515307
629176467,0.22790526,0.5379092,0.23418558
629227727,0.26885906,0.30619645,0.4249445
629236069,0.31255004,0.38451234,0.30293763
629377595,0.28332597,0.37473783,0.34193623
629415596,0.33276126,0.3604652,0.3067735
629440303,0.19050784,0.5673589,0.24213327
629445324,0.5263088,0.22915202,0.2445392
629534652,0.3807856,0.32442504,0.29478934
629644517,0.35153446,0.29600003,0.35246554
629693770,0.5792188,0.2096329,0.21114828
629855468,0.32382548,0.29409418,0.38208032
629867876,0.40112528,0.33998832,0.25888634
629931733,0.07540681,0.8279854,0.09660777
629979072,0.2860811,0.46033913,0.25357974
630035772,0.31564993,0.37594667,0.3084034
630163751,0.38066003,0.2821071,0.33723286
630398684,0.283566,0.3852593,0.33117467
630486649,0.08439519,0.80277246,0.11283236
630608709,0.18841025,0.24166602,0.5699238
630802002,0.29240844,0.2938958,0.41369584
630871577,0.42808884,0.329017,0.24289413
630930104,0.44569892,0.26074654,0.29355457
630989758,0.40242907,0.3269347,0.27063623
631035919,0.3784364,0.33198276,0.28958082
631055849,0.33801293,0.37252152,0.2894656
631123761,0.39195052,0.33058327,0.2774663
631243486,0.31122386,0.41197634,0.27679977
631252431,0.3031669,0.16117933,0.53565377
631378742,0.23811531,0.25509542,0.50678927
631428573,0.3555012,0.34172308,0.3027757
631452049,0.32158613,0.3550917,0.32332224
631465125,0.4141665,0.33281648,0.253017
631470496,0.27805352,0.3568036,0.3651429
631552852,0.37026712,0.34284377,0.28688914
631771120,0.22428754,0.46156785,0.3141446
631793313,0.36512855,0.33621657,0.29865485
631827437,0.24508516,0.4893725,0.26554233
631868076,0.30171993,0.32386962,0.37441042
631872196,0.5833668,0.22844578,0.18818748
632034081,0.27608544,0.34901446,0.3749001
632043047,0.2567844,0.43766734,0.30554822
632191069,0.39154935,0.27676606,0.33168465
632237904,0.19489466,0.32129237,0.48381293
632292444,0.24913777,0.30568844,0.44517383
632329619,0.6078187,0.17383307,0.21834819
632388515,0.35697833,0.33097076,0.3120509
632407129,0.28176096,0.29590586,0.42233318
632475973,0.2129329,0.19715463,0.58991253
632477936,0.54835486,0.19425942,0.2573857
632488259,0.45432797,0.3141062,0.23156579
632583990,0.20921054,0.20330577,0.5874837
632700669,0.3014373,0.43682653,0.2617362
632756993,0.3380151,0.32078233,0.3412026
632894512,0.31120065,0.3621886,0.32661077
632946332,0.34862465,0.3571876,0.2941878
633004298,0.3545629,0.3657419,0.2796952
633139922,0.32194358,0.3592919,0.31876445
633304829,0.2207196,0.5888562,0.19042423
633305274,0.32655507,0.42223632,0.2512086
633526540,0.33000007,0.41630313,0.25369683
633885714,0.21654995,0.41742998,0.36602008
633953047,0.40441847,0.33457765,0.26100385
634054182,0.43107322,0.30442438,0.26450244
634276256,0.18579224,0.21981901,0.5943888
634484724,0.24620067,0.36064819,0.39315116
634495536,0.11913892,0.11828681,0.76257426
634531951,0.49017748,0.30396074,0.20586179
634578782,0.3072127,0.3293232,0.36346412
634627489,0.7863043,0.08930246,0.12439329
634672728,0.35323584,0.3787687,0.26799545
634851938,0.6135761,0.1832293,0.20319457
634858639,0.62065136,0.19617602,0.18317272
635061373,0.33830044,0.3290042,0.3326953
635064748,0.20916793,0.59740967,0.19342242
635150418,0.47107422,0.26491028,0.2640155
635181829,0.24183008,0.52500826,0.23316161
635263892,0.3323576,0.3390338,0.32860854
635369785,0.7501616,0.1119668,0.13787155
635397325,0.17172146,0.5153683,0.31291026
635645615,0.20925176,0.20819654,0.5825517
635694317,0.21134166,0.25309524,0.5355631
635752875,0.15940873,0.16585934,0.6747319
635773769,0.18268596,0.15090007,0.6664139
635915567,0.258184,0.52492994,0.21688603
635919509,0.0879175,0.7971808,0.114901744
636057167,0.27204844,0.25137258,0.47657892
636147262,0.3902849,0.21966878,0.39004633
636158648,0.4614724,0.31255618,0.22597148
636310430,0.5494257,0.24177314,0.20880109
636357478,0.60581666,0.16987698,0.2243063
636399858,0.42727426,0.31861633,0.25410944
636419388,0.45612362,0.28474113,0.25913522
636422753,0.3412132,0.32054767,0.33823907
636457468,0.3003896,0.3596287,0.33998165
636540093,0.08700205,0.8015071,0.1114908
636639893,0.32640016,0.37284154,0.30075836
636787315,0.6353269,0.17290367,0.19176944
636874784,0.3687701,0.29126623,0.3399637
636924454,0.33067665,0.3792005,0.29012293
637001777,0.3712714,0.17954852,0.4491801
637050045,0.5997173,0.2038661,0.19641663
637153331,0.49866804,0.21986207,0.2814698
637202179,0.6475294,0.168582,0.18388852
637254910,0.29831472,0.44443852,0.25724676
637256976,0.3304772,0.39707965,0.2724432
637435401,0.42658934,0.27871612,0.29469463
637484805,0.34489304,0.3760996,0.2790074
637487232,0.52956694,0.21520194,0.2552312
637687013,0.2940651,0.42887595,0.2770589
637709252,0.24257925,0.30625886,0.45116192
637769173,0.16606404,0.6518519,0.18208404
637827483,0.26685238,0.38141596,0.3517317
637962207,0.5296692,0.24384238,0.22648835
637991008,0.21997866,0.25292408,0.5270973
638067184,0.58609253,0.2086989,0.20520848
638144394,0.40808094,0.34804302,0.24387607
638159432,0.4862702,0.29489115,0.2188387
638160857,0.35930955,0.36534452,0.27534586
638236836,0.5721223,0.20488915,0.22298864
638264774,0.48815876,0.29643542,0.21540578
638322701,0.152931,0.67866313,0.1684059
638355296,0.19601977,0.57288325,0.23109697
638361597,0.3727573,0.24296685,0.38427585
638560335,0.43138894,0.26509157,0.30351946
638796249,0.39472026,0.22395767,0.38132212
638858569,0.14184684,0.13450152,0.7236517
638900637,0.33527425,0.35309267,0.31163308
639010767,0.38299456,0.2503969,0.3666085
639032622,0.25977108,0.23457003,0.50565886
639138071,0.48177576,0.29303804,0.2251862
639169386,0.22393498,0.257519,0.51854604
639275014,0.29293004,0.32803988,0.37902996
639347682,0.1486528,0.69714665,0.15420057
639351069,0.1919752,0.57001334,0.2380115
639379529,0.22694689,0.5748941,0.19815908
639554124,0.2271317,0.33178994,0.44107834
639670437,0.48482686,0.26726618,0.24790692
639670564,0.24011989,0.33142853,0.42845157
639739318,0.18378995,0.55535966,0.26085043
639924357,0.25373125,0.44583774,0.300431
640190738,0.1785579,0.6416351,0.17980696
640217060,0.26210555,0.46266115,0.27523336
640228262,0.16341835,0.66368604,0.17289564
640333247,0.3256286,0.35853127,0.31584013
640411427,0.090690956,0.08959271,0.8197164
640412363,0.5705039,0.2307455,0.19875064
640562671,0.27497056,0.38099048,0.34403902
640894876,0.13011262,0.71957684,0.15031056
640915867,0.21596788,0.5502162,0.233816
640940736,0.8008781,0.08298719,0.11613465
640986118,0.43780345,0.25409982,0.3080968
641010519,0.2981295,0.3506147,0.35125586
641026511,0.47139585,0.28217077,0.2464334
641050967,0.13041052,0.7271829,0.14240654
641073309,0.2961492,0.33766916,0.36618164
641097936,0.18800224,0.60082614,0.21117157
641118913,0.19505815,0.62135625,0.18358554
641156730,0.32716495,0.35600388,0.3168311
641404672,0.24800326,0.4270259,0.3249708
641414020,0.25536656,0.39200157,0.3526318
641455745,0.34088796,0.28282192,0.37629005
641486662,0.17113143,0.1719787,0.65688986
641560508,0.3914765,0.31850347,0.29002005
641574918,0.2207436,0.3411917,0.4380647
641602032,0.54338336,0.22832848,0.22828813
641602779,0.2082706,0.4574215,0.33430797
641622846,0.24131703,0.39323375,0.3654492
641638055,0.3259787,0.34362644,0.33039486
641769771,0.57190305,0.22286604,0.2052308
641783507,0.31625694,0.344744,0.33899906
641975450,0.13673183,0.14061618,0.722652
642046230,0.42342412,0.32506803,0.2515078
642142947,0.5199277,0.26224566,0.2178267
642228012,0.36998677,0.34048706,0.28952622
642280886,0.2931691,0.32464686,0.382184
642281900,0.21967822,0.5591147,0.22120713
642287101,0.372268,0.34648442,0.28124756
642357980,0.41653597,0.25448653,0.32897747
642433752,0.32047644,0.31727397,0.36224964
642560031,0.21326345,0.52394223,0.2627943
642631728,0.22075495,0.5139863,0.26525876
642692675,0.27146673,0.28577486,0.44275847
642838434,0.31527227,0.40162936,0.28309843
642927726,0.27156097,0.3333048,0.39513424
643206791,0.40646127,0.33141378,0.26212496
643252939,0.3958505,0.2923173,0.31183222
643341196,0.16075395,0.12007007,0.719176
643375630,0.26356453,0.315417,0.42101848
643809787,0.49041256,0.2838698,0.22571763
643884486,0.20346221,0.55303156,0.24350621
644083060,0.20031284,0.6148411,0.18484607
644104050,0.55303,0.17534997,0.27162
644106073,0.2250509,0.51596105,0.25898814
644120854,0.43442044,0.30690935,0.25867027
644142937,0.3860698,0.32033163,0.2935985
644217337,0.267906,0.34997618,0.38211778
644263884,0.32297105,0.37190676,0.30512232
644299081,0.30302793,0.35067442,0.34629768
644320504,0.41113114,0.19081855,0.3980503
644362097,0.10774793,0.095258735,0.7969934
644401518,0.39892608,0.32821262,0.27286133
644411082,0.38352564,0.32389262,0.29258168
644444019,0.26348165,0.25242883,0.48408952
644448986,0.4748041,0.28578123,0.23941465
644494824,0.499691,0.25393388,0.2463751
644646161,0.66137326,0.15729256,0.18133421
644692938,0.3377939,0.3986883,0.26351792
644793510,0.6224794,0.17363097,0.20388968
644939934,0.3204843,0.34908697,0.33042872
644941988,0.5833131,0.18742837,0.22925848
645037218,0.4345815,0.28268632,0.28273222
645124157,0.46633938,0.29230914,0.24135147
645222783,0.36377752,0.31756324,0.31865922
645327812,0.45709333,0.30809432,0.23481233
645415670,0.3082027,0.37966692,0.3121303
645464619,0.31834915,0.41594315,0.2657078
645470456,0.31041545,0.38202906,0.30755547
645486577,0.16041209,0.15592347,0.68366444
645663810,0.18307848,0.33874586,0.4781756
645706137,0.27692392,0.336638,0.3864381
645935222,0.32804146,0.32188347,0.350075
645967442,0.68413824,0.14629644,0.1695653
645973321,0.32331342,0.37086245,0.3058242
646125203,0.14992283,0.69833636,0.15174076
646285120,0.42784688,0.2888582,0.28329495
646476144,0.089477696,0.80273867,0.107783645
646521383,0.27995294,0.44418943,0.27585772
646554771,0.49334985,0.26914212,0.23750803
646599490,0.3296271,0.36896428,0.30140862
646756541,0.2009168,0.4529348,0.34614843
646791760,0.295307,0.33284926,0.3718437
646792714,0.76336366,0.09642489,0.14021139
646819108,0.37940243,0.31512097,0.30547658
646882355,0.47374707,0.2579452,0.26830772
646910948,0.13071698,0.1383692,0.7309138
646993495,0.31905386,0.4145131,0.26643306
646997865,0.18834184,0.6273636,0.18429445
647050109,0.36622536,0.2922726,0.34150204
647103697,0.34736302,0.35470036,0.29793665
647181302,0.25865456,0.37963822,0.36170715
647279248,0.49210155,0.2682694,0.23962909
647337169,0.46963125,0.22809985,0.30226886
647350081,0.34809414,0.3532942,0.2986117
647539302,0.37291092,0.4258891,0.2011999
647559082,0.35550025,0.24926011,0.39523965
647571816,0.68701947,0.13420555,0.178775
647585104,0.44253394,0.27695325,0.28051272
647598158,0.23484914,0.52234274,0.24280816
647627482,0.55816805,0.22056511,0.22126687
647706301,0.20462282,0.30456576,0.49081135
647771686,0.17671539,0.52263486,0.3006498
647776971,0.38507888,0.33025843,0.2846627
647817701,0.26691416,0.45645973,0.27662608
647920766,0.33586633,0.3333039,0.33082983
647971462,0.29851598,0.36626926,0.33521467
648057481,0.22269313,0.39063963,0.38666722
648189243,0.35301542,0.26771522,0.37926933
648207224,0.19579747,0.37023202,0.43397054
648215224,0.4448789,0.27552208,0.27959904
648447025,0.19747679,0.5762917,0.22623156
648541154,0.24324656,0.4722398,0.28451365
648578639,0.23938021,0.5181641,0.24245569
648587824,0.27811873,0.32903808,0.39284316
648666978,0.36179164,0.2914052,0.34680313
648732937,0.4823472,0.28282672,0.23482607
648745391,0.43950537,0.28500083,0.27549377
648799172,0.46826988,0.29436037,0.23736978
648924164,0.082755014,0.81501,0.102235004
649081447,0.30967683,0.41859013,0.27173302
649084259,0.2838605,0.2861294,0.4300101
649147579,0.28156924,0.31434608,0.40408468
649190941,0.22320253,0.32316872,0.4536287
649394597,0.5570336,0.20357656,0.23938985
649438461,0.56579125,0.22434688,0.20986195
649561047,0.27235708,0.39341572,0.3342272
649683776,0.35481587,0.25733864,0.38784546
649784183,0.35704756,0.38963753,0.25331488
649861901,0.37141988,0.31201968,0.31656042
649884100,0.48691744,0.29687646,0.21620601
649919138,0.42536342,0.24194643,0.33269024
649935473,0.55975586,0.17869079,0.26155335
649981095,0.39772552,0.33922255,0.26305193
649990537,0.52937067,0.2679789,0.2026505
650246175,0.22427736,0.2011979,0.5745248
650290023,0.4828968,0.26550514,0.25159803
650376954,0.51371366,0.2599517,0.22633462
650515561,0.41676983,0.3136231,0.26960707
650676781,0.3891776,0.23514548,0.37567684
650916834,0.374729,0.33922666,0.28604433
650917288,0.22551315,0.48085612,0.2936308
651006780,0.40652952,0.33090863,0.26256186
651013110,0.69888747,0.12848537,0.1726271
651081595,0.38941127,0.2789959,0.33159286
651252897,0.4233461,0.31611776,0.26053616
651558560,0.3459436,0.32752788,0.32652855
651752286,0.31701505,0.40945286,0.27353203
651793343,0.24801676,0.4613933,0.29059
651804227,0.64833736,0.18476243,0.16690011
651831051,0.43096828,0.31485802,0.25417376
652028803,0.19261125,0.5097577,0.29763103
652030126,0.34008756,0.39206576,0.26784667
652166213,0.43486732,0.25956425,0.30556846
652168688,0.37061977,0.31085366,0.31852657
652221308,0.3407683,0.2717707,0.387461
652243796,0.16097674,0.17455995,0.6644633
652291520,0.37116548,0.30717584,0.32165867
652299468,0.11885354,0.12224126,0.7589051
652310313,0.29803002,0.36217535,0.33979467
652361745,0.3991765,0.30213177,0.29869175
652365545,0.42825726,0.31405956,0.2576832
652377101,0.33417425,0.27865866,0.38716716
652512269,0.4050204,0.31682998,0.27814963
652801738,0.37579697,0.37407935,0.25012368
652824549,0.26783535,0.3291384,0.4030263
652997329,0.44126797,0.31620753,0.24252447
653020124,0.47912005,0.23379557,0.2870844
653125022,0.1527249,0.6679742,0.17930098
653141643,0.44077724,0.30729362,0.25192916
653232295,0.28635082,0.33859563,0.3750536
653309763,0.42445573,0.31674328,0.25880095
653368453,0.51938903,0.27174056,0.20887037
653382237,0.06590068,0.8419599,0.09213947
653426315,0.50242525,0.2375193,0.26005548
653447366,0.33442166,0.35614765,0.30943072
653669810,0.23872836,0.43046936,0.33080226
653831046,0.3386948,0.36798298,0.29332212
653856301,0.2985784,0.32744262,0.373979
653894476,0.10474453,0.09729643,0.7979591
653897858,0.31309438,0.4225427,0.26436293
653938882,0.12685634,0.73005044,0.14309327
653971444,0.20044106,0.57169604,0.22786292
653984240,0.2937618,0.4192448,0.28699338
654045991,0.22652683,0.25263453,0.5208386
654066410,0.42698792,0.28862524,0.2843868
654215070,0.34052753,0.3534579,0.3060146
654222146,0.35714203,0.3991436,0.24371435
654343943,0.31718746,0.32224178,0.3605707
654359225,0.29946715,0.26801282,0.43252006
654392744,0.6432805,0.16160099,0.1951185
654413412,0.5066721,0.23807561,0.2552523
654430501,0.4211499,0.34702164,0.2318284
654459974,0.2355869,0.50046366,0.26394945
654487373,0.21872231,0.21214235,0.5691353
654531963,0.4137746,0.33494547,0.25127992
654570015,0.20738626,0.2376968,0.5549169
654632744,0.24924396,0.46987104,0.28088504
654799044,0.54626507,0.20138815,0.25234675
654936889,0.40035245,0.30017054,0.299477
655011730,0.11130238,0.71421593,0.17448168
655026800,0.14953694,0.62147635,0.22898676
655226174,0.48645213,0.2871628,0.22638515
655258324,0.45414606,0.3051031,0.24075091
655270603,0.36295784,0.33322963,0.30381253
655276803,0.27524662,0.22517447,0.49957895
655369988,0.19396219,0.50903916,0.29699862
655384323,0.3612837,0.285565,0.3531513
655457232,0.37370685,0.32517865,0.30111453
655474973,0.2859133,0.42664587,0.28744087
655500799,0.1668414,0.13555627,0.6976024
655503953,0.1820121,0.18349822,0.63448966
655511117,0.48562148,0.27230066,0.24207783
655513578,0.4732813,0.27133313,0.25538558
655576858,0.12377575,0.74434656,0.13187766
655584338,0.3722541,0.297252,0.33049384
655586138,0.4051179,0.30098552,0.29389662
655635455,0.3731664,0.33262682,0.29420677
655689915,0.36117977,0.35992226,0.27889794
655806341,0.33445722,0.36889777,0.2966451
655839311,0.22561845,0.2502482,0.5241333
655841003,0.45315617,0.2997272,0.24711652
655896897,0.27093998,0.25806054,0.47099942
655904460,0.39559907,0.34002227,0.26437864
655909902,0.5385586,0.14434788,0.3170935
655921229,0.39491683,0.31228334,0.29279977
655987166,0.2860165,0.40591347,0.3080701
656063143,0.42484513,0.31837904,0.25677583
656096058,0.56358224,0.2225902,0.21382757
656123498,0.20258114,0.52818376,0.2692351
656243391,0.3481331,0.2690933,0.38277364
656268525,0.4263759,0.3210152,0.25260884
656331069,0.48305485,0.27000833,0.24693681
656359553,0.20304205,0.57617503,0.22078289
656407655,0.34960723,0.33919534,0.3111974
656429164,0.2022488,0.46160665,0.33614448
656476094,0.28852203,0.35101363,0.36046427
656507505,0.22232272,0.5218495,0.2558277
656594842,0.37217557,0.29999965,0.32782486
656624179,0.5498503,0.22399347,0.22615622
656738576,0.6905402,0.13054796,0.17891176
656778692,0.21848758,0.49407983,0.28743252
656821072,0.34803215,0.3056148,0.34635302
656843847,0.2480084,0.18838051,0.5636111
656926194,0.35793293,0.36063322,0.28143388
656980424,0.4796549,0.24903353,0.2713115
657113700,0.10130698,0.10158328,0.7971098
657119233,0.34794554,0.29372898,0.35832545
657155211,0.31987384,0.26864338,0.41148278
657172356,0.77460766,0.09477812,0.13061425
657244915,0.22088294,0.47669077,0.30242625
657245845,0.12508951,0.13075039,0.7441601
657327858,0.34188166,0.3243784,0.33374
657509659,0.38234904,0.3427919,0.27485904
657642016,0.15106164,0.6749284,0.17400993
657663123,0.30040106,0.4200706,0.27952832
657859756,0.24988626,0.48704523,0.2630685
657913317,0.39927486,0.3426098,0.25811547
658036226,0.520423,0.2550451,0.22453183
658111043,0.3039972,0.3503812,0.3456217
658128424,0.1842997,0.18544862,0.63025165
658206653,0.3952674,0.27979067,0.3249419
658228685,0.6732347,0.14821602,0.17854932
658274666,0.46136314,0.30764312,0.23099376
658322743,0.32459146,0.25483766,0.4205709
658366772,0.18132362,0.47377634,0.3449
658368759,0.24218161,0.568887,0.18893139
658384153,0.31531978,0.3518167,0.33286345
658394164,0.41125515,0.31564912,0.27309573
658468909,0.4207513,0.26051164,0.31873703
658513206,0.6208432,0.1604774,0.21867944
658529914,0.38378438,0.32449973,0.29171583
658615491,0.4415252,0.32769185,0.23078293
658636063,0.24842547,0.4068314,0.34474316
658638557,0.1968728,0.507296,0.29583117
658672491,0.17745146,0.19819096,0.6243576
658769774,0.14486337,0.6485061,0.20663053
658777608,0.28471795,0.33096057,0.38432148
658784469,0.12918212,0.7260874,0.14473054
658835196,0.5743162,0.21757853,0.2081053
658940391,0.52682745,0.19554405,0.27762854
658976676,0.16679204,0.58496845,0.24823949
658978676,0.14543882,0.6473736,0.2071875
659000092,0.35119712,0.3648585,0.2839443
659031444,0.46168262,0.29351524,0.24480212
659045455,0.12006293,0.7318454,0.14809167
659096165,0.58618903,0.17433192,0.23947905
659272975,0.38019785,0.33480808,0.2849941
659405039,0.09635715,0.7720524,0.13159046
659433604,0.29891348,0.4192409,0.28184554
659462457,0.20527105,0.20459941,0.5901296
659515333,0.3347189,0.37086627,0.29441485
659597219,0.2842048,0.3482371,0.3675581
659609188,0.23287371,0.31083956,0.45628673
659627118,0.3487317,0.2958915,0.35537684
659762880,0.1881814,0.1886517,0.623167
659902807,0.27937165,0.32968858,0.39093977
659943423,0.34980223,0.36573854,0.28445923
660096190,0.29800397,0.27941957,0.42257643
660141245,0.16567029,0.6097791,0.22455059
660224059,0.17097676,0.15465023,0.674373
660256478,0.077056974,0.8232288,0.09971424
660294379,0.28572726,0.33895472,0.37531802
660330681,0.28254315,0.37195116,0.34550568
660531432,0.33655074,0.37914312,0.2843061
660573572,0.15000571,0.14032784,0.70966643
660696498,0.0680816,0.06267358,0.86924493
660837283,0.3522394,0.32443234,0.32332832
660856423,0.1154066,0.74133,0.14326337
660985827,0.33050558,0.31159,0.35790443
660997768,0.27780542,0.35178396,0.37041062
661060637,0.54065496,0.2219249,0.2374202
661181887,0.31990942,0.3247274,0.35536322
661284190,0.347855,0.30640113,0.34574392
661471358,0.22493762,0.45888546,0.31617686
661533709,0.08866938,0.086346686,0.8249839
661581944,0.30609933,0.43316036,0.26074025
661584705,0.6502368,0.1667251,0.1830381
661604142,0.36782786,0.34947258,0.28269956
661631469,0.17011937,0.19136249,0.6385181
661634986,0.22040558,0.3960304,0.38356394
661722915,0.25132707,0.38361028,0.36506256
661795590,0.42995176,0.32798404,0.24206424
661809566,0.3336393,0.39084616,0.27551448
661859941,0.34686983,0.3355864,0.3175438
661885411,0.2384326,0.4653814,0.29618603
661970770,0.33551168,0.3483501,0.31613818
662041526,0.28394687,0.391476,0.32457715
662276362,0.22545296,0.34081095,0.43373606
662334905,0.3917275,0.35423928,0.25403318
662351122,0.16353862,0.60230017,0.23416117
662408713,0.11291851,0.7153476,0.1717339
662443481,0.29046515,0.34107146,0.36846337
662451311,0.25292563,0.39906216,0.34801227
662525178,0.2799982,0.35221833,0.36778346
662680324,0.2963559,0.27675176,0.4268923
662680402,0.3087406,0.3492256,0.34203383
662707467,0.27199423,0.28104222,0.44696364
662735704,0.25986308,0.5013704,0.23876654
662904596,0.49822912,0.23430265,0.2674682
662911214,0.46984842,0.28253722,0.24761441
662967993,0.30798015,0.4400046,0.2520153
663171188,0.32525405,0.3424079,0.3323381
663176477,0.5886387,0.20409828,0.20726296
663185720,0.29026616,0.27652055,0.43321335
663208817,0.2888972,0.3633016,0.34780124
663275954,0.34146166,0.3049554,0.35358292
663505936,0.15119703,0.6718512,0.17695177
663528972,0.09078629,0.78793555,0.12127808
663541866,0.2367726,0.54030275,0.22292463
663557832,0.5015542,0.27416804,0.22427778
663592915,0.36749557,0.28779313,0.3447113
663596873,0.14883494,0.69816417,0.1530009
663607069,0.3659379,0.3550526,0.27900946
663641436,0.35656396,0.3531718,0.2902642
663731471,0.29951182,0.39236182,0.3081263
663776707,0.36387208,0.34181574,0.29431215
663829277,0.30891782,0.3153264,0.37575582
663975416,0.7171961,0.13315631,0.1496476
664005295,0.33103412,0.36072487,0.308241
664050173,0.20548059,0.14872617,0.6457932
664075911,0.2935654,0.44585744,0.26057708
664089788,0.3348536,0.28745002,0.3776964
664244588,0.15371238,0.661458,0.18482958
664330430,0.34323755,0.33657935,0.32018313
664348671,0.12675843,0.10635013,0.7668914
664439945,0.42701682,0.2760693,0.29691392
664460575,0.56116,0.21508002,0.22376
664636162,0.26977885,0.4543458,0.27587545
664717891,0.4226114,0.34185192,0.23553671
664740963,0.086347856,0.81237924,0.10127289
664746578,0.21278462,0.18513425,0.6020811
664992442,0.37138203,0.34867457,0.2799434
664996016,0.1359283,0.1342558,0.72981596
665012441,0.17957187,0.6256468,0.1947812
665021972,0.2724892,0.42764956,0.29986128
665037693,0.19412167,0.5303192,0.2755592
665186115,0.26783177,0.23054881,0.50161946
665255622,0.35331202,0.34009182,0.30659622
665282563,0.31934607,0.34882823,0.33182573
665350638,0.35564074,0.33569467,0.30866456
665401554,0.1892103,0.60328203,0.20750771
665406998,0.21786149,0.2945944,0.48754412
665435262,0.09615437,0.77879745,0.12504819
665715079,0.0920575,0.7663791,0.14156342
665725038,0.74618137,0.11016551,0.14365314
665739980,0.3930706,0.36870342,0.23822595
665868161,0.15149985,0.6844286,0.16407155
665904304,0.45887753,0.28570813,0.2554143
665911339,0.37733844,0.2604787,0.36218283
666274793,0.3128217,0.31904867,0.36812955
666280008,0.23905712,0.41493142,0.34601146
666426205,0.17990167,0.59805095,0.22204743
666439572,0.456065,0.2607704,0.28316453
666472411,0.43883443,0.2979301,0.26323557
666753908,0.38060594,0.3285639,0.29083017
666911163,0.2665732,0.3187156,0.41471124
667132372,0.36793014,0.28313398,0.34893587
667162905,0.19136693,0.3717662,0.4368668
667189662,0.47030425,0.30002502,0.22967075
667206695,0.2930442,0.40512338,0.30183244
667479481,0.15934277,0.6826358,0.15802142
667498397,0.35617483,0.34963322,0.29419202
667500519,0.228463,0.5666897,0.2048473
667613362,0.39078522,0.28419852,0.32501623
667729133,0.36822864,0.34713325,0.28463808
667735831,0.2244474,0.3418598,0.4336928
667938528,0.14348814,0.70384765,0.15266423
668105388,0.53870904,0.22470284,0.23658817
668152056,0.36227468,0.32668284,0.31104246
668399596,0.42229393,0.2694892,0.30821687
668523157,0.32853678,0.38054174,0.29092148
668768543,0.09753533,0.105744764,0.79671997
668839158,0.3488903,0.3891108,0.26199892
668865690,0.63931364,0.17389621,0.18679011
668947112,0.20264937,0.5396856,0.25766504
669032895,0.8215374,0.06970835,0.10875421
669317551,0.45034695,0.30488825,0.24476478
669484856,0.116832025,0.117279634,0.76588833
669624833,0.534981,0.24883068,0.21618836
669688941,0.3106122,0.36371627,0.32567152
669713722,0.12181106,0.738251,0.1399379
669736735,0.35583806,0.3193586,0.32480344
669849511,0.26226005,0.22242409,0.51531583
669859018,0.27530512,0.45582888,0.26886606
669973172,0.21177456,0.28151822,0.5067073
670013189,0.37131086,0.3574759,0.27121326
670353794,0.2286645,0.55064213,0.22069335
670430260,0.11700335,0.10173832,0.7812584
670475690,0.3416243,0.40000382,0.25837198
670626922,0.17070074,0.17009947,0.6591998
670667171,0.47639483,0.23205863,0.29154655
670682613,0.10658256,0.10612789,0.78728956
670717079,0.5239051,0.24027887,0.23581602
670852744,0.2417401,0.46533057,0.29292935
670988023,0.4253316,0.31922507,0.25544336
671064568,0.4471734,0.29701808,0.2558085
671097536,0.44554153,0.22025509,0.33420327
671119891,0.49347457,0.2647636,0.24176182
671436396,0.14413553,0.14266816,0.7131964
671613515,0.4612995,0.27188274,0.26681772
671618111,0.30088127,0.41550338,0.2836153
671650745,0.2032994,0.19441342,0.6022872
671658366,0.21447743,0.15738429,0.6281382
671682534,0.34508452,0.35043424,0.30448124
671702775,0.19986562,0.47688118,0.32325318
671752409,0.40686676,0.34387848,0.24925476
671945114,0.23522298,0.44022745,0.32454953
671994141,0.25825524,0.3909559,0.3507888
672286657,0.106616504,0.75775045,0.13563305
672547997,0.3065144,0.29667372,0.39681184
672734714,0.27677703,0.30695826,0.4162647
672921473,0.58373034,0.18777703,0.22849257
673074493,0.09712228,0.7863024,0.11657534
673099965,0.3532974,0.35066313,0.29603952
673158526,0.6117345,0.19594145,0.19232409
673180252,0.2539846,0.13443032,0.6115851
673270883,0.3499705,0.32784778,0.32218173
673290352,0.43617606,0.30470157,0.25912234
673317986,0.34920722,0.38134253,0.26945022
673484917,0.27098137,0.32414767,0.40487096
673493835,0.42714146,0.29594073,0.27691782
673505563,0.23678893,0.4553089,0.30790216
673560015,0.24085295,0.4688367,0.29031044
673686316,0.28519323,0.26313722,0.45166954
673774029,0.10426798,0.7451334,0.15059862
673779804,0.33362597,0.32453755,0.3418364
673799648,0.16514616,0.6197877,0.21506615
673818382,0.38070792,0.27495736,0.34433478
673887330,0.257486,0.342004,0.40051
673901034,0.5674154,0.22288647,0.20969819
673941660,0.24408355,0.5291575,0.22675888
673959517,0.33455268,0.3557873,0.30965996
674004105,0.1503825,0.69550794,0.15410957
674214334,0.38838306,0.29895267,0.3126643
674242871,0.61754894,0.1927994,0.18965168
674284972,0.6146921,0.1864347,0.19887328
674382576,0.30868927,0.384259,0.30705178
674416108,0.1806071,0.16819389,0.65119904
674426366,0.2804119,0.28388178,0.4357063
674448904,0.19778714,0.22832082,0.57389206
674450823,0.15264529,0.6222782,0.22507644
674457140,0.22113945,0.19104761,0.58781296
674488145,0.11869658,0.7344883,0.14681506
674525115,0.29072487,0.24083468,0.46844035
674528427,0.30627176,0.37056097,0.32316726
674551325,0.13331899,0.7118883,0.15479267
674580310,0.21520022,0.18965311,0.59514666
674643649,0.49281684,0.20635,0.3008331
674888997,0.18851714,0.1494142,0.66206867
675078324,0.2504415,0.24891093,0.5006476
675120372,0.27086103,0.482494,0.24664499
675368882,0.15972269,0.14802782,0.6922495
675450853,0.3380775,0.30615234,0.3557702
675451225,0.13739358,0.7070121,0.15559429
675510053,0.08558236,0.80763215,0.10678546
675546441,0.1605259,0.11346286,0.7260112
675584932,0.16001795,0.66347134,0.17651065
675647301,0.15362722,0.68375266,0.16262013
675753294,0.2712584,0.297632,0.43110964
675783932,0.47854623,0.2787825,0.24267133
675841403,0.35902435,0.3259229,0.31505275
676012072,0.550026,0.22832747,0.22164658
676165482,0.3550482,0.26825446,0.37669736
676188140,0.7169709,0.11973078,0.16329826
676200289,0.698634,0.13668485,0.16468115
676220825,0.31073105,0.31523454,0.37403443
676269321,0.3586336,0.3508581,0.2905083
676391084,0.40818986,0.29357815,0.298232
676417214,0.31537157,0.37329876,0.31132966
676480503,0.3162544,0.3288712,0.35487437
676491740,0.27511668,0.4396888,0.28519452
676518591,0.15089989,0.17135307,0.6777471
676526256,0.17657109,0.21933417,0.60409474
676559658,0.52798617,0.16777606,0.3042378
676698890,0.2247809,0.5350615,0.24015756
676801749,0.27317938,0.40097547,0.32584518
676805842,0.30000344,0.30474922,0.3952473
676837218,0.10870184,0.09660307,0.79469514
676859711,0.29121348,0.31517544,0.39361104
676996700,0.31637064,0.3775695,0.30605987
677185671,0.2865596,0.23499139,0.478449
677204717,0.32783914,0.41629967,0.2558613
677247738,0.16844814,0.65029305,0.1812588
677269740,0.2915822,0.37767753,0.33074018
677567486,0.39225626,0.35463548,0.25310826
677712561,0.4244921,0.30242223,0.27308568
677770110,0.3520037,0.30040735,0.34758893
677826140,0.28986737,0.414261,0.29587173
677880163,0.2978275,0.47429258,0.22788
678004107,0.086605355,0.8051661,0.108228564
678012538,0.07568589,0.82371765,0.10059642
678057384,0.22695073,0.2393657,0.53368366
678190847,0.3157388,0.37492287,0.3093383
678193243,0.42780194,0.2583157,0.31388238
678264993,0.11841089,0.7214476,0.16014154
678325788,0.23588309,0.3864979,0.37761894
678379408,0.40851775,0.35350183,0.23798035
678421631,0.22212233,0.5037895,0.27408817
678539014,0.17059036,0.19818394,0.63122576
678702467,0.61421096,0.17627127,0.2095177
678737842,0.55207044,0.21359502,0.23433448
678789116,0.19302407,0.58368355,0.22329234
678816181,0.50053614,0.26077595,0.23868795
678820576,0.31236976,0.35772553,0.32990468
678941974,0.3343301,0.4167602,0.24890961
678989388,0.19811106,0.5503578,0.25153112
679000313,0.6842258,0.13757206,0.17820221
679068289,0.13383524,0.72872305,0.13744168
679082430,0.2132963,0.33977905,0.44692463
679218353,0.43628973,0.34984156,0.21386875
679218544,0.5397764,0.21209499,0.24812856
679237935,0.15466899,0.19027266,0.6550583
679308122,0.26755777,0.45852107,0.2739211
679448612,0.435498,0.28946623,0.27503574
679541637,0.23885491,0.22387843,0.5372667
679568865,0.30325177,0.34941784,0.34733042
679659418,0.28810292,0.29979765,0.41209948
679713354,0.18256421,0.1748791,0.6425567
679731104,0.6781096,0.16023028,0.1616602
679758785,0.25566295,0.39432636,0.3500107
679779798,0.35135412,0.35885978,0.28978607
679793221,0.32573766,0.41942462,0.25483772
679794909,0.2095161,0.21241578,0.5780681
679929843,0.13976671,0.6919195,0.16831374
679936958,0.25859195,0.4248306,0.3165775
679961012,0.30120638,0.33076718,0.3680265
680143524,0.35578978,0.28498942,0.35922083
680158499,0.25519225,0.27162445,0.47318327
680257148,0.20123626,0.29919413,0.49956954
680307220,0.35576826,0.27065775,0.37357393
680475797,0.33311245,0.3230124,0.3438751
680499042,0.24526986,0.22583458,0.52889556
680547101,0.32062465,0.32631403,0.35306132
680628066,0.45763776,0.30687064,0.23549154
680675949,0.32365882,0.3713411,0.3050001
680733195,0.28384024,0.2924086,0.42375124
680778137,0.22490434,0.39634284,0.37875283
680792011,0.40442717,0.30084243,0.2947304
680889163,0.6053875,0.21464105,0.17997144
680903483,0.40737408,0.32104796,0.271578
681040041,0.41801617,0.26875806,0.3132258
681086383,0.32798207,0.33378276,0.33823517
681231213,0.60180026,0.18886222,0.2093375
681482370,0.42800137,0.2936845,0.2783141
681485541,0.26371288,0.2746067,0.46168038
681512157,0.3067957,0.28240055,0.41080377
681550144,0.6401278,0.18673651,0.17313579
681584569,0.30564588,0.41521817,0.2791359
681695704,0.24478196,0.27105945,0.48415852
681742615,0.3816192,0.3043393,0.31404155
681762547,0.08952669,0.7946929,0.1157804
681807508,0.22280473,0.4993543,0.277841
681814746,0.2969305,0.3550162,0.34805337
681889716,0.60696614,0.19142732,0.20160651
681943929,0.729291,0.12577483,0.14493413
682041614,0.43650293,0.31796312,0.24553388
682094803,0.30987102,0.25354573,0.43658328
682104918,0.2715415,0.42683098,0.3016275
682169315,0.29013208,0.3732677,0.33660012
682259210,0.24113666,0.4232523,0.33561102
682307527,0.30091327,0.3640795,0.33500725
682337991,0.24384248,0.30618694,0.44997063
682365957,0.45948178,0.21073759,0.32978073
682432830,0.43180108,0.28441343,0.2837856
682458254,0.272121,0.48980528,0.23807375
682473336,0.17627847,0.6195489,0.20417263
682489476,0.08690481,0.77255106,0.14054413
682574289,0.098595,0.7805449,0.120860144
682631078,0.273837,0.2846979,0.44146508
682868794,0.26896104,0.30052447,0.43051443
682973709,0.25930804,0.32378554,0.41690642
683114121,0.3554354,0.3294601,0.31510454
683350653,0.102980815,0.08940651,0.8076127
683353986,0.32367778,0.36429998,0.31202227
683646976,0.48064244,0.25272587,0.26663166
683702449,0.2824797,0.326768,0.39075226
683786161,0.33855575,0.3101864,0.35125792
683799359,0.28825906,0.27036256,0.44137838
683899688,0.47331762,0.2714398,0.25524256
683946311,0.5068361,0.25671908,0.23644473
684010270,0.5220476,0.20168124,0.27627122
684087919,0.38817328,0.3167969,0.29502982
684183825,0.29338723,0.35090253,0.35571024
684256307,0.77860343,0.09281917,0.12857743
684274419,0.33012277,0.25915086,0.41072628
684283469,0.43772846,0.24408,0.31819156
684535412,0.12814339,0.119197324,0.75265926
684564822,0.26444823,0.27604368,0.4595081
684573797,0.4358598,0.24495444,0.31918576
684622873,0.66295373,0.15647715,0.18056917
684635508,0.2005827,0.58450395,0.21491337
684670562,0.23774353,0.4782765,0.28398
684746292,0.18272798,0.263169,0.55410314
684864864,0.5094196,0.2704033,0.22017704
684875310,0.18050872,0.6531141,0.16637716
684921222,0.29740667,0.1423835,0.56020975
685018994,0.4512047,0.25151527,0.29728004
685257182,0.3183799,0.3555576,0.32606247
685308057,0.4299677,0.30975372,0.26027855
685322132,0.38031787,0.30432823,0.31535393
685329785,0.30200964,0.3960523,0.30193812
685334275,0.34121972,0.31577286,0.34300742
685357360,0.3983465,0.31382295,0.2878305
685391530,0.24006628,0.22507672,0.53485703
685546958,0.5756603,0.20494577,0.219394
685649911,0.30178046,0.3249137,0.3733059
685920182,0.3201256,0.18411134,0.49576303
685958150,0.34238043,0.32599968,0.3316199
686062947,0.50368744,0.25306395,0.24324855
686070041,0.17369805,0.1750847,0.6512172
686073834,0.37476736,0.27786112,0.34737158
686114572,0.38784906,0.29580697,0.31634402
686235071,0.31779966,0.3213485,0.3608519
686274506,0.3399659,0.36144987,0.29858425
686286920,0.36975986,0.258615,0.37162513
686334333,0.42514193,0.30504334,0.26981473
686380422,0.3954796,0.3100412,0.29447922
686433192,0.40103626,0.3278491,0.27111465
686457079,0.43682018,0.2310518,0.33212805
686462898,0.2247755,0.22050858,0.5547159
686478473,0.49114734,0.27626535,0.23258728
686557600,0.5888679,0.21181038,0.1993217
686610718,0.5820462,0.23039399,0.1875598
686630022,0.17466678,0.5862471,0.23908615
686662972,0.3913985,0.34813306,0.2604685
686707917,0.45260802,0.30309546,0.24429657
686712096,0.6595419,0.15051891,0.18993916
687035485,0.34315223,0.31623968,0.3406081
687075336,0.086179234,0.78936374,0.124456964
687152352,0.25540978,0.29353136,0.45105886
687233999,0.75763184,0.08581983,0.15654837
687249572,0.16265644,0.5990991,0.2382445
687256499,0.32072672,0.3469735,0.3322998
687285452,0.30364114,0.29508403,0.4012748
687390679,0.56701964,0.22061686,0.21236351
687420342,0.3453852,0.24628346,0.4083314
687507305,0.113009416,0.10802036,0.77897024
687541884,0.23905666,0.4296365,0.33130687
687549328,0.51414865,0.26484895,0.22100244
687551799,0.2922274,0.4029848,0.30478778
687588143,0.18317045,0.649085,0.16774455
687591918,0.3101653,0.3825655,0.3072692
687645239,0.09908808,0.10194543,0.79896647
687763970,0.281641,0.4325747,0.2857842
687769965,0.17653427,0.5793127,0.24415308
687812280,0.19748336,0.48993224,0.3125844
687837478,0.5097584,0.27794406,0.21229745
687934298,0.28086242,0.44157037,0.27756715
687994123,0.5816659,0.2104214,0.2079127
688024009,0.3020258,0.36242133,0.33555287
688027241,0.3575365,0.3314651,0.3109984
688046616,0.25703803,0.41976887,0.32319316
688096818,0.36818323,0.2604263,0.37139046
688105810,0.5380865,0.22367296,0.23824055
688128642,0.2998876,0.25813684,0.44197556
688156060,0.7913192,0.088459015,0.120221816
688178311,0.60595995,0.21362965,0.18041036
688228605,0.39193726,0.3694537,0.23860909
688257535,0.4628056,0.27179602,0.26539835
688414035,0.40534326,0.3025221,0.29213467
688452634,0.25432983,0.29866785,0.4470024
688455809,0.293588,0.38316116,0.3232508
688470296,0.46720657,0.25369772,0.27909565
688524930,0.56078905,0.2247169,0.21449403
688643500,0.35651016,0.3506547,0.29283512
688680915,0.36596328,0.3772016,0.2568351
688687915,0.314891,0.30783108,0.37727785
688706246,0.12767944,0.7159171,0.15640342
688740286,0.23635158,0.40631762,0.3573308
688752848,0.59449434,0.20840056,0.19710506
688914374,0.20649947,0.55089253,0.24260797
689032599,0.5915035,0.19161533,0.21688117
689100268,0.31766632,0.3291147,0.353219
689177239,0.69077027,0.12949163,0.1797381
689230846,0.24233964,0.42331836,0.33434197
689255573,0.46827546,0.27064297,0.2610816
689477032,0.36244467,0.3167811,0.32077417
689580590,0.31503198,0.33856586,0.3464021
689586542,0.62782216,0.15519132,0.21698655
689896699,0.12295169,0.73870456,0.13834374
689923377,0.23657432,0.20936158,0.55406415
689927743,0.24451967,0.27322015,0.48226023
689962551,0.34134078,0.3764898,0.28216934
690003730,0.17472047,0.63780326,0.1874763
690027544,0.42980194,0.2874252,0.28277287
690257580,0.31494904,0.28142282,0.40362817
690301786,0.65991294,0.15919232,0.18089476
690316676,0.40230933,0.3090682,0.2886225
690370631,0.29557285,0.31908762,0.38533956
690377638,0.3044982,0.38771865,0.307783
690421317,0.21081746,0.57477397,0.21440849
690471494,0.23989353,0.45608068,0.3040258
690505210,0.4809728,0.24009265,0.27893454
690519344,0.3569899,0.3103574,0.33265266
690525042,0.6069984,0.19442472,0.19857699
690632059,0.16563398,0.67264855,0.16171746
690658220,0.40736592,0.33209386,0.26054022
690666270,0.24256985,0.2867179,0.47071224
690684353,0.20647764,0.59105957,0.20246279
690776246,0.358549,0.37919295,0.26225805
691046935,0.6864348,0.1429688,0.17059638
691071369,0.48617944,0.23504882,0.27877167
691089561,0.3248513,0.32109022,0.35405847
691105159,0.4714598,0.2697946,0.2587456
691110298,0.52464813,0.21923558,0.25611633
691203790,0.19974162,0.22015119,0.5801072
691228640,0.46698627,0.27977094,0.25324273
691278699,0.21371783,0.24796553,0.5383166
691284226,0.64371437,0.16602977,0.1902559
691684000,0.5246778,0.2458423,0.22947988
691728683,0.36466727,0.3139249,0.32140788
691791320,0.45772395,0.2835432,0.2587328
691800945,0.4761266,0.24032655,0.2835469
691827418,0.1551056,0.14675601,0.6981384
691832537,0.25131363,0.38645262,0.36223373
691859736,0.22773065,0.40279984,0.3694695
692008568,0.08374183,0.8095463,0.106711864
692071577,0.693208,0.14170437,0.16508767
692113899,0.22041818,0.47388735,0.3056944
692153834,0.38574055,0.22975059,0.38450882
692196415,0.13552059,0.15251033,0.71196914
692215861,0.2731932,0.41908574,0.30772108
692240074,0.7055388,0.1263881,0.16807312
692265656,0.42112064,0.3112805,0.26759887
692310392,0.2594577,0.42281482,0.3177275
692314100,0.4036407,0.3305351,0.2658241
692366712,0.37176767,0.32927543,0.29895693
692438400,0.36455312,0.28649858,0.3489483
692455146,0.2962526,0.22248265,0.4812648
692565969,0.27784488,0.25678822,0.46536696
692748238,0.08484982,0.8038458,0.11130431
692769744,0.24251334,0.41246077,0.34502593
692837042,0.34015584,0.33916238,0.32068184
692846166,0.3248034,0.30919138,0.36600524
692883952,0.11749173,0.7408533,0.14165497
692902357,0.2701469,0.411265,0.31858814
692905067,0.7370385,0.108795784,0.1541657
692907515,0.45875907,0.30685133,0.23438953
693024149,0.29976928,0.38218188,0.31804883
693119928,0.24414507,0.4701699,0.28568512
693187585,0.46709138,0.2905535,0.24235508
693249095,0.34981948,0.35248193,0.29769862
693299479,0.27787414,0.22712915,0.4949967
693351641,0.22934268,0.33094373,0.43971354
693383278,0.46323895,0.32580218,0.21095885
693415412,0.3181715,0.35798174,0.32384685
693416058,0.5344368,0.25768492,0.20787828
693476535,0.27107874,0.35981226,0.36910903
693514725,0.24846333,0.5135661,0.23797064
693521638,0.3366756,0.3287906,0.3345338
693605768,0.30540398,0.35106656,0.34352952
693670187,0.18263574,0.59350073,0.22386354
693677011,0.34331372,0.32997507,0.3267112
693683036,0.3790693,0.31353837,0.30739233
693760672,0.6221655,0.19587524,0.1819593
693823470,0.31979212,0.26322585,0.41698197
693916620,0.33854306,0.3423087,0.31914827
693954182,0.58036536,0.2091944,0.21044017
694162790,0.37909588,0.29716486,0.32373923
694223281,0.25423616,0.23877229,0.50699157
694365543,0.18878454,0.5532234,0.25799206
694447284,0.34047878,0.3652382,0.2942831
694518353,0.36777595,0.34523347,0.28699058
694521999,0.37537265,0.30466747,0.31995985
694637328,0.2774682,0.37443134,0.34810036
694674328,0.10171451,0.1096261,0.78865933
694714052,0.2222902,0.40186688,0.37584287
694723732,0.19745141,0.18232426,0.6202243
694866183,0.7466122,0.099683195,0.15370466
694880445,0.2683313,0.30000824,0.43166047
694908195,0.083806224,0.08644706,0.8297467
695084326,0.39504242,0.32874224,0.27621529
695150553,0.25416967,0.47115842,0.27467197
695257297,0.46576095,0.26249507,0.27174398
695283729,0.2874399,0.40452605,0.3080341
695320649,0.17375013,0.17730172,0.6489481
695365256,0.44813195,0.30341876,0.24844928
695419302,0.44752514,0.30691013,0.24556474
695484631,0.2511847,0.47362313,0.2751922
695509380,0.27593553,0.40472052,0.31934398
695517017,0.35667723,0.32143262,0.32189015
695607355,0.16765125,0.61106414,0.2212846
695678006,0.38117117,0.31232753,0.30650124
695689424,0.42657796,0.30349302,0.269929
695825409,0.0927483,0.76398355,0.14326814
695838739,0.21996726,0.56226903,0.21776372
696119734,0.32021293,0.35864463,0.3211425
696161596,0.43647668,0.29443914,0.26908413
696201527,0.5443108,0.24329689,0.21239232
696251115,0.15376891,0.6885812,0.15764987
696309600,0.26395014,0.42098913,0.3150608
696349075,0.3852295,0.3575325,0.25723797
696376585,0.53373086,0.21486099,0.25140813
696501865,0.32026258,0.3544138,0.32532358
696634481,0.3261371,0.318494,0.355369
696672649,0.3389458,0.35728163,0.30377257
696685457,0.38521194,0.340306,0.27448204
696724308,0.19561034,0.5733542,0.23103544
696846893,0.09086373,0.09627908,0.81285715
696847650,0.31332758,0.35170397,0.33496845
697146759,0.35074556,0.34673718,0.30251727
697161635,0.20199698,0.17075181,0.62725115
697176374,0.31328365,0.23859477,0.4481216
697209006,0.6761335,0.15029955,0.17356695
697643140,0.38384816,0.30789435,0.30825746
697680669,0.23230211,0.54028547,0.22741242
697692199,0.1889895,0.58296025,0.22805025
697891184,0.36649817,0.28708816,0.3464137
697961982,0.4783786,0.2558664,0.26575494
697992086,0.75988764,0.10077557,0.13933678
698066803,0.43331352,0.3199786,0.246708
698128731,0.5592159,0.22003324,0.22075084
698133334,0.42680895,0.30447847,0.2687126
698136545,0.14198224,0.6859566,0.17206113
698164752,0.48885322,0.20476016,0.30638665
698207317,0.21416233,0.5703217,0.21551606
698216412,0.19874315,0.26544958,0.5358073
698292246,0.5293532,0.24757127,0.22307561
698383893,0.4110172,0.3053329,0.28364995
698396473,0.37152296,0.3387522,0.2897248
698401012,0.25525773,0.22888348,0.5158588
698457338,0.23608656,0.28390837,0.4800051
698476441,0.11386746,0.11884642,0.76728606
698629835,0.677294,0.15914263,0.16356336
698692246,0.29697213,0.22236611,0.4806617
699004108,0.37170094,0.3297241,0.29857495
699022199,0.26191917,0.40867913,0.32940176
699057036,0.38276318,0.2759002,0.34133664
699103262,0.6573064,0.14403091,0.1986627
699150274,0.32847092,0.32657376,0.34495535
699211897,0.32697833,0.3617219,0.3112998
699280622,0.35084385,0.30828205,0.3408741
699730587,0.20089391,0.28803894,0.5110672
699746816,0.26041177,0.47267497,0.26691332
699753251,0.46420503,0.2766341,0.25916088
699889151,0.09280841,0.08714107,0.82005054
699931466,0.31120384,0.2567174,0.43207872
699951951,0.27446637,0.2885254,0.43700817
699978707,0.27400866,0.22966227,0.49632916
700009218,0.38412076,0.29459292,0.32128632
700023380,0.30345362,0.3759514,0.320595
700032496,0.32851195,0.32616428,0.3453237
700257050,0.5192316,0.2538952,0.22687313
700262177,0.33654347,0.2599685,0.403488
700439147,0.31785733,0.45849937,0.22364335
700478557,0.434552,0.3086805,0.25676742
700533420,0.3545909,0.25555584,0.38985333
700535093,0.421767,0.29993227,0.27830067
700629198,0.5467679,0.21774507,0.23548704
700659402,0.34584254,0.3438832,0.31027424
700795059,0.3853911,0.37107036,0.2435386
700818818,0.30928424,0.3851243,0.30559155
700833248,0.50085515,0.24237776,0.25676706
700868555,0.25666472,0.27607366,0.46726158
701020433,0.49596313,0.27967933,0.22435755
701066676,0.16918871,0.16789055,0.6629208
701090837,0.19080055,0.5676608,0.24153863
701281102,0.102196455,0.7658766,0.131927
701309230,0.34645107,0.3354387,0.31811026
701336975,0.207639,0.4963815,0.29597947
701360301,0.30212334,0.2821093,0.4157673
701382794,0.5140769,0.27994618,0.20597698
701444004,0.23152691,0.2510983,0.5173748
701495567,0.17550609,0.6069003,0.21759371
701568757,0.36770353,0.37841183,0.25388455
701588352,0.38975462,0.29107177,0.31917357
701612555,0.24947903,0.48575005,0.26477087
701950675,0.117527924,0.14283556,0.73963654
702041825,0.44188437,0.28431547,0.27380016
702041904,0.3268161,0.33088824,0.34229565
702067130,0.3667883,0.35519686,0.2780148
702161166,0.14063771,0.11174117,0.74762106
702253967,0.39046317,0.33726883,0.2722679
702346209,0.096373975,0.08664578,0.81698024
702393997,0.4045594,0.28807056,0.30737004
702445640,0.561951,0.2497505,0.18829848
702577995,0.30829996,0.42125544,0.27044463
702626707,0.30860767,0.31743434,0.37395796
702999944,0.3880069,0.32684782,0.28514534
703062767,0.4452302,0.3072832,0.2474866
703237550,0.37448126,0.30371854,0.32180023
703316830,0.3757934,0.3938785,0.23032817
703330227,0.16148773,0.64736813,0.19114412
703341764,0.6893191,0.13968329,0.17099762
703373808,0.10050005,0.75612175,0.14337823
703405849,0.4453869,0.29673174,0.2578814
703697068,0.35320762,0.33451876,0.3122736
703806647,0.43043384,0.2976987,0.27186748
703944959,0.22257593,0.17757013,0.5998538
704027483,0.30229744,0.38526857,0.31243408
704185085,0.414379,0.27308056,0.31254047
704208207,0.16471688,0.6496807,0.1856024
704245769,0.5097667,0.21756709,0.27266613
704622304,0.23665603,0.3826232,0.3807207
704627286,0.42770284,0.29079366,0.28150344
704805977,0.19919206,0.19901882,0.6017892
704878730,0.16425614,0.12310163,0.71264225
704897071,0.49855056,0.2813005,0.22014885
705016096,0.12862247,0.73359305,0.13778448
705052390,0.3852454,0.30599433,0.3087603
705109550,0.21970348,0.5170026,0.26329395
705176330,0.29195896,0.19462919,0.5134118
705199188,0.33316392,0.3473137,0.31952244
705215323,0.38064396,0.34811613,0.27123994
705450354,0.42543334,0.33232734,0.2422392
705462213,0.41324857,0.29528528,0.29146615
705772162,0.22992167,0.45741466,0.31266373
705834285,0.4243357,0.30907428,0.26659006
705903164,0.3799137,0.32483026,0.2952561
706066277,0.16673194,0.62783724,0.20543085
706103323,0.4038959,0.32877365,0.2673304
706126074,0.23926687,0.2639215,0.49681172
706230222,0.46443754,0.25869572,0.2768668
706242139,0.22781324,0.38618177,0.38600495
706273423,0.22022341,0.23932604,0.5404506
706423541,0.26335967,0.5018224,0.23481798
706446146,0.30406967,0.44433182,0.25159848
706562663,0.17665803,0.6590677,0.16427423
706604064,0.27912554,0.3487384,0.3721361
706733495,0.31861508,0.39681938,0.28456542
706749237,0.4749264,0.25665626,0.26841736
706813479,0.26539606,0.45457932,0.2800246
706849199,0.40755785,0.24763389,0.3448083
706876067,0.4406088,0.28217795,0.2772133
707051005,0.37935373,0.34636402,0.27428228
707075322,0.13619445,0.6848556,0.17895004
707087230,0.21465185,0.38726193,0.39808616
707164709,0.2431023,0.3449971,0.41190058
707208336,0.5180956,0.2628126,0.21909171
707221983,0.5393668,0.24866736,0.21196581
707414367,0.0952838,0.08642176,0.81829447
707416409,0.3788518,0.27771947,0.34342873
707480036,0.2870539,0.2310929,0.48185313
707509908,0.18914835,0.1793037,0.6315479
707601034,0.34818146,0.4005389,0.25127965
707619863,0.34156516,0.27775097,0.3806839
707740704,0.659893,0.16510916,0.17499785
707749729,0.4123017,0.33176893,0.25592932
707864832,0.33782986,0.3637007,0.29846948
708316076,0.34797207,0.3530664,0.29896152
708373199,0.25083375,0.5041661,0.24500014
708515109,0.35450596,0.26407233,0.38142177
708530387,0.18996696,0.18349342,0.62653965
708620744,0.2757102,0.20451078,0.51977897
708636414,0.13384856,0.15223095,0.71392053
708752080,0.43014348,0.2972252,0.27263132
708757878,0.43810585,0.28769237,0.2742018
708830107,0.53762966,0.2302593,0.23211105
708908577,0.37917346,0.21807937,0.4027472
708918890,0.37877026,0.33322653,0.28800318
709024035,0.42581707,0.29905695,0.27512595
709042645,0.449234,0.27732247,0.27344355
709136463,0.3147687,0.40545484,0.27977645
709140011,0.4010016,0.34366205,0.2553363
709156988,0.22987394,0.4970193,0.2731067
709177055,0.3624337,0.36951172,0.26805463
709230671,0.22202425,0.44120428,0.33677152
709267900,0.37632805,0.34875643,0.27491552
709438352,0.34308544,0.30489895,0.3520156
709455550,0.28209192,0.3634644,0.3544437
709553495,0.31428072,0.25310102,0.43261826
709707348,0.3212418,0.3308585,0.34789968
709803846,0.4300266,0.29075548,0.2792178
709880172,0.35428494,0.28891957,0.3567955
709902284,0.40759963,0.35137203,0.24102838
709929698,0.28810757,0.4090217,0.3028707
709952254,0.23273572,0.5241702,0.24309409
710093751,0.30738258,0.38894278,0.30367464
710174964,0.5431285,0.24873543,0.20813596
710197330,0.77458286,0.10244151,0.12297563
710208778,0.14696898,0.6893686,0.16366237
710286670,0.16952959,0.1720725,0.6583979
710291846,0.2190154,0.54140955,0.23957506
710406237,0.24297258,0.48951116,0.26751617
710520312,0.6862929,0.13224095,0.18146618
710619278,0.26010835,0.2217195,0.5181722
710682796,0.5202367,0.24416178,0.23560154
710712289,0.29557645,0.30644533,0.3979782
710757864,0.49267936,0.24673145,0.26058918
710813933,0.40777507,0.3402193,0.2520056
710828158,0.5322788,0.22488782,0.24283345
710836443,0.44508085,0.2902098,0.26470932
710886493,0.4960172,0.2670054,0.2369774
710887433,0.21874663,0.61105865,0.17019469
711176714,0.3030509,0.39429185,0.3026573
711213370,0.3362904,0.29092187,0.3727877
711385118,0.14693122,0.68155396,0.17151481
711429368,0.08418989,0.81885624,0.09695392
711457961,0.38593778,0.32156053,0.29250166
711511859,0.3683386,0.353437,0.27822435
711737933,0.21345693,0.53422976,0.25231326
711744841,0.30237046,0.4067714,0.29085818
711847684,0.2109457,0.5166398,0.27241442
711853969,0.5005113,0.2795877,0.21990098
711869577,0.2699743,0.43508258,0.29494315
711917575,0.33254087,0.40821037,0.2592487
711962830,0.10578568,0.7635867,0.13062759
711989467,0.44978866,0.30637464,0.24383669
712126362,0.22357859,0.5432626,0.23315883
712127635,0.36052722,0.36598235,0.2734905
712160546,0.20891197,0.3840927,0.4069953
712273615,0.3394121,0.3470631,0.31352484
712307732,0.3271481,0.27817127,0.39468062
712403005,0.33563173,0.35006893,0.31429937
712403846,0.11561209,0.09691408,0.7874738
712405210,0.41584638,0.30355003,0.28060353
712423769,0.30140644,0.42564845,0.27294517
712426283,0.5534581,0.2213015,0.22524038
712703112,0.2325463,0.4142673,0.35318634
712714519,0.34788483,0.3336831,0.31843212
712811081,0.26034382,0.46417496,0.2754812
712840098,0.58974797,0.20467316,0.20557886
712854371,0.279501,0.4343466,0.2861524
712874895,0.26558018,0.32853493,0.40588492
712900762,0.3466127,0.26640585,0.38698143
712961569,0.19352475,0.2780859,0.52838945
713043559,0.32921037,0.31806558,0.35272402
713046232,0.13419177,0.7133564,0.15245189
713197204,0.25076082,0.2447433,0.5044959
713228176,0.36611906,0.22816344,0.40571752
713228832,0.30541307,0.39839536,0.29619154
713237138,0.40417957,0.29773334,0.29808715
713424065,0.3643157,0.35523322,0.28045103
713694309,0.2683792,0.40062788,0.33099288
713781164,0.2491778,0.33989865,0.41092354
713848015,0.34929034,0.24572167,0.404988
713953790,0.29876631,0.30466977,0.3965639
714078928,0.3300287,0.30046153,0.36950976
714529344,0.43387344,0.29456392,0.2715626
714639131,0.5205357,0.24632634,0.2331379
714713883,0.35402822,0.35851565,0.28745615
714790975,0.35668206,0.36475748,0.27856043
714853521,0.60049784,0.1728258,0.22667632
714910021,0.2733208,0.25961018,0.467069
714938899,0.3738475,0.31206173,0.31409076
715029573,0.5630221,0.22910957,0.20786837
715118517,0.28293264,0.42137086,0.29569656
715268451,0.625869,0.16324651,0.21088448
715323250,0.29592073,0.306426,0.39765325
715443817,0.22606166,0.20291987,0.57101846
715473879,0.438341,0.3054763,0.25618267
715485928,0.62775785,0.18330781,0.18893437
715495699,0.3166992,0.24189943,0.44140136
715656207,0.3891632,0.29090166,0.31993514
715700145,0.4073304,0.3054868,0.28718272
715718921,0.28121105,0.39937103,0.31941795
715811123,0.17812301,0.6015028,0.22037417
715817672,0.25674358,0.2919203,0.45133612
715825449,0.65675795,0.14274766,0.20049436
715835173,0.17398913,0.6276402,0.19837072
715837668,0.2984427,0.42023432,0.28132302
715849604,0.57884175,0.22324605,0.19791219
715861427,0.35035616,0.36018232,0.28946152
715876036,0.31526312,0.31088465,0.3738522
715885366,0.25214556,0.28079265,0.46706185
715939405,0.3731255,0.2512684,0.37560612
715947201,0.12871759,0.13096069,0.7403217
715950596,0.17294866,0.18002355,0.6470278
716190459,0.6796079,0.15686008,0.16353197
716225878,0.4866194,0.28952163,0.22385903
716236262,0.25872028,0.3335788,0.40770093
716261178,0.3232038,0.36579105,0.31100512
716424535,0.3221331,0.4197385,0.2581285
716432656,0.37803957,0.3189212,0.30303925
716446464,0.1293719,0.122540094,0.74808794
716493758,0.30995035,0.33910206,0.35094762
716611868,0.16881965,0.6661564,0.16502394
716671940,0.45305488,0.32083225,0.22611292
716694439,0.25877473,0.30538526,0.43584004
716773168,0.28947097,0.3446887,0.36584032
716841346,0.2690856,0.3382154,0.39269894
716852385,0.20008814,0.27594098,0.52397084
716881241,0.45307443,0.18510607,0.3618195
716937349,0.5612713,0.21968688,0.2190418
716939743,0.68119586,0.13109392,0.18771024
716964962,0.23011321,0.23161836,0.53826845
716989034,0.25684553,0.45187628,0.29127824
717059040,0.29695246,0.38958138,0.3134662
717070125,0.4325763,0.3145621,0.2528616
717097269,0.20743659,0.2178837,0.5746797
717252402,0.39766833,0.32689652,0.27543512
717346124,0.13423957,0.72840816,0.13735226
717515506,0.49261865,0.24664514,0.26073617
717626614,0.2906978,0.44143376,0.26786843
717707503,0.29848462,0.35986423,0.34165117
717709850,0.29961812,0.2670855,0.43329635
717833785,0.24121675,0.49219146,0.2665919
717843988,0.50742346,0.24110584,0.2514707
718053279,0.49825564,0.23549068,0.26625368
718065131,0.22458701,0.55485713,0.22055581
718073662,0.5456234,0.22416835,0.23020823
718250232,0.33831894,0.35437462,0.30730644
718343775,0.13469023,0.72579587,0.13951387
718433834,0.31864694,0.3114353,0.36991775
718456105,0.17933689,0.15951118,0.6611519
718556467,0.41271722,0.35166493,0.23561789
718669482,0.2216342,0.2682302,0.5101356
718740723,0.3853237,0.32806683,0.28660944
718751268,0.13524297,0.6947387,0.17001833
718959025,0.17206015,0.63724416,0.19069569
718986956,0.30947548,0.28782946,0.4026951
719114088,0.6553854,0.15566517,0.18894942
719211729,0.32757843,0.2809963,0.39142525
719424726,0.52469,0.26017013,0.21513991
719481977,0.35748962,0.27838513,0.36412528
719640265,0.31319854,0.3515065,0.33529496
719659214,0.5947772,0.20618325,0.19903949
719705991,0.17339116,0.63028526,0.19632354
719776535,0.23316205,0.19311523,0.5737227
719815675,0.33197805,0.33498204,0.33303988
719860290,0.5672124,0.16835892,0.26442865
719874534,0.3071268,0.25281173,0.44006154
719892604,0.14086744,0.69296783,0.16616471
719937718,0.458699,0.23738468,0.30391634
719978951,0.34296018,0.36871064,0.28832918
720118510,0.36768574,0.34686515,0.28544918
720146519,0.13036789,0.714479,0.15515307
720178956,0.19100957,0.6102657,0.1987248
720197724,0.20596422,0.24237701,0.55165875
720220213,0.2671123,0.40989766,0.32298997
720298015,0.2409671,0.18112977,0.5779032
720380278,0.24824628,0.37724528,0.3745084
720391926,0.47995245,0.270089,0.24995854
720397764,0.1022031,0.08979516,0.80800176
720475614,0.15923621,0.61187136,0.22889252
720638824,0.13584203,0.1355671,0.7285909
720711081,0.27536854,0.3864012,0.33823022
720727081,0.30920422,0.34564847,0.34514728
720748211,0.50551987,0.24973729,0.2447429
720760417,0.40347496,0.2785676,0.31795743
720777997,0.46310055,0.27130443,0.26559502
720795479,0.39552048,0.33017695,0.2743026
720816413,0.13295917,0.70487833,0.16216253
720821291,0.5548882,0.21079491,0.23431686
720857224,0.41658255,0.3242669,0.2591505
720858432,0.3778708,0.35925263,0.26287657
721004517,0.24455534,0.43207872,0.32336596
721040925,0.27642888,0.5041153,0.21945591
721086674,0.25410852,0.3396148,0.4062767
721206209,0.3337447,0.42941692,0.23683831
721313802,0.3669603,0.33607322,0.2969665
721399219,0.7425795,0.112701885,0.14471857
721685338,0.26298225,0.44631782,0.2906998
721694637,0.1666748,0.6027412,0.23058394
721694950,0.30372012,0.35612595,0.3401539
721901440,0.33765483,0.30526152,0.35708362
722037169,0.09976892,0.101474725,0.79875636
722150854,0.3396567,0.32799974,0.33234352
722189900,0.3725977,0.32348356,0.3039187
722215483,0.78468484,0.07681467,0.13850051
722220978,0.5014299,0.20436601,0.29420412
722270458,0.26493022,0.37413302,0.36093673
722407221,0.2100496,0.2639834,0.52596694
722492876,0.33750805,0.37150848,0.29098344
722512324,0.28752205,0.29240254,0.4200754
722598282,0.08018791,0.8136449,0.106167175
722631730,0.48756334,0.22382763,0.28860903
722640937,0.17554812,0.6360556,0.1883962
722689344,0.62506396,0.17113684,0.20379925
722848089,0.3791514,0.35165885,0.26918975
722928219,0.35309765,0.28743693,0.35946545
723087212,0.096246645,0.08786076,0.81589264
723148978,0.21671005,0.44318226,0.34010765
723176820,0.4004947,0.310057,0.2894483
723286870,0.37170613,0.35747662,0.27081725
723319133,0.23885119,0.4163834,0.34476534
723359570,0.3054605,0.3588248,0.3357147
723363029,0.25790676,0.27304956,0.46904367
723443174,0.25006372,0.31834483,0.43159148
723536266,0.36276898,0.28963545,0.34759557
723801720,0.3010799,0.3582477,0.3406724
724034046,0.08108207,0.8079367,0.110981286
724122706,0.5698225,0.20435706,0.22582051
724144595,0.3391767,0.32276446,0.33805883
724301501,0.6843818,0.13340747,0.1822107
724604211,0.2927248,0.35192168,0.35535353
724621500,0.08956445,0.7949629,0.11547265
724854427,0.18671583,0.38004416,0.43323997
725161146,0.45167887,0.30045137,0.24786976
725213001,0.29675603,0.376553,0.32669097
725230229,0.53092426,0.23940232,0.22967336
725259553,0.63013774,0.15768005,0.21218215
725347968,0.11182191,0.72940516,0.15877293
725367739,0.50447756,0.2668213,0.22870116
725437706,0.094932854,0.7902108,0.1148564
725451636,0.7229207,0.121961676,0.15511756
725549458,0.18477271,0.615766,0.19946139
725561579,0.28209117,0.3773893,0.3405196
725571642,0.4671189,0.24855687,0.28432426
725618529,0.62847185,0.1903446,0.18118347
725712625,0.6037513,0.17431675,0.22193196
725721979,0.37371805,0.3366548,0.28962705
725740894,0.48286295,0.27816156,0.23897551
725817513,0.6865757,0.14368051,0.16974379
726090661,0.19407837,0.596389,0.2095327
726174480,0.16172303,0.6137445,0.22453243
726263415,0.26526138,0.30513003,0.4296086
726366958,0.20400298,0.35220805,0.443789
726404169,0.41382766,0.2053268,0.38084555
726526458,0.35561335,0.28683943,0.35754716
726578517,0.15897237,0.6549482,0.18607938
726670651,0.32683578,0.37420997,0.29895425
726713177,0.38393754,0.29257283,0.3234897
726790200,0.21971898,0.5141415,0.26613957
726807517,0.1324803,0.12010413,0.74741554
726851833,0.5576514,0.20771256,0.234636
726865385,0.43033367,0.27911663,0.2905497
726880185,0.08715503,0.8074801,0.10536487
726921681,0.19023097,0.2279867,0.5817823
727133429,0.090440735,0.8019057,0.107653566
727139920,0.18915305,0.18238379,0.6284631
727218231,0.12272838,0.12994684,0.7473249
727348221,0.7397195,0.1034853,0.15679511
727383047,0.6824713,0.13366099,0.18386778
727422554,0.49252054,0.2731246,0.23435488
727567457,0.45696416,0.28197697,0.26105884
727595796,0.23653193,0.28315106,0.48031703
727785854,0.09604105,0.7787918,0.12516715
727787855,0.3712237,0.30185297,0.32692328
727985794,0.30525446,0.3624931,0.33225247
728132405,0.19977082,0.3810997,0.41912955
728245436,0.37184635,0.32423306,0.30392066
728262631,0.27751338,0.25945503,0.46303165
728357564,0.3293545,0.3167749,0.35387063
728366663,0.48488072,0.28056556,0.23455368
728417714,0.12818553,0.7200937,0.15172072
728539928,0.3847154,0.31531465,0.29996997
728572634,0.51487446,0.27471757,0.21040796
728644420,0.078265674,0.81752825,0.1042061
728760437,0.28601402,0.41528633,0.29869968
728810270,0.1705798,0.61049485,0.21892536
728835884,0.2205045,0.21739578,0.5620997
728995166,0.601147,0.1564107,0.24244231
729046279,0.2930736,0.35405955,0.3528669
729072438,0.24401183,0.4770433,0.2789449
729084723,0.26438725,0.4265649,0.30904782
729228229,0.19501807,0.5971346,0.2078473
729341833,0.5053197,0.278547,0.21613333
729398782,0.37501854,0.331524,0.29345742
729458908,0.31042767,0.4133624,0.27620992
729598974,0.5543975,0.23799694,0.20760556
729642561,0.35229173,0.393705,0.25400332
729753934,0.44496122,0.28340465,0.2716341
729755643,0.26779747,0.39715284,0.33504975
729805885,0.49516493,0.24224432,0.26259077
729848328,0.3954451,0.34247732,0.2620776
729941520,0.3609557,0.29297316,0.34607118
730201702,0.29547885,0.31283757,0.39168355
730298009,0.24220546,0.23480819,0.5229864
730305057,0.25308377,0.4576136,0.28930268
730416003,0.35839182,0.3350196,0.3065886
730491556,0.22022942,0.54768795,0.23208252
730617982,0.3210847,0.33192486,0.3469905
730645376,0.48790193,0.2545678,0.25753027
730692063,0.21464837,0.5552048,0.23014687
730946701,0.2771285,0.47384962,0.24902187
731091352,0.31110847,0.37156266,0.3173289
731096585,0.16379823,0.15168044,0.6845214
731127308,0.24806279,0.30461225,0.4473249
731144877,0.20027953,0.31658274,0.4831377
731346432,0.40008146,0.31680623,0.2831123
731359047,0.3771763,0.27000022,0.3528234
731373784,0.3314319,0.3383246,0.33024347
731525743,0.17974146,0.614264,0.20599459
731560019,0.19606897,0.43651298,0.36741808
731608734,0.33786485,0.3342638,0.32787135
731683978,0.19823931,0.51085895,0.2909018
731814717,0.2618688,0.31864852,0.41948274
731831071,0.36658946,0.2833531,0.35005745
732056765,0.47267666,0.2771698,0.25015354
732145029,0.21004567,0.5861401,0.20381422
732302140,0.5179814,0.25583,0.22618856
732307390,0.112776086,0.1110502,0.77617365
732316036,0.43341264,0.31006676,0.2565206
732392851,0.16672906,0.29665056,0.53662044
732408826,0.30648944,0.41187027,0.28164026
732489087,0.36382964,0.27599907,0.36017132
732622568,0.5717186,0.20963284,0.21864867
732629332,0.440256,0.30350506,0.25623885
732656950,0.37048632,0.3066967,0.32281697
732760855,0.25193128,0.34488386,0.40318492
732884147,0.45711288,0.23747627,0.30541083
732895580,0.35981444,0.3402734,0.29991215
732927293,0.17615865,0.15950957,0.6643318
732988798,0.41045925,0.29550886,0.29403192
733223183,0.291196,0.404271,0.30453306
733296181,0.23210575,0.4377496,0.33014464
733339602,0.5973366,0.18110308,0.22156033
733590829,0.26433173,0.3631364,0.37253183
733623058,0.4431829,0.29475617,0.26206094
733690502,0.08844656,0.09035155,0.82120186
733735516,0.28765735,0.38131878,0.33102393
733746249,0.29790053,0.2983543,0.40374523
733860008,0.47261292,0.2842634,0.2431237
733939013,0.23741566,0.24562314,0.5169612
734178179,0.31457317,0.40247455,0.28295222
734183118,0.32439524,0.3034067,0.37219805
734222697,0.38819757,0.26104552,0.35075688
734321315,0.26198757,0.46275276,0.27525964
734340036,0.1886693,0.21064156,0.6006891
734693203,0.369621,0.25694752,0.37343156
734781349,0.43115032,0.32425332,0.24459633
734797272,0.4857702,0.25008115,0.26414865
734797730,0.5182991,0.24237658,0.23932429
734807753,0.0841478,0.08551269,0.83033955
734839436,0.2593768,0.33895332,0.4016699
734856306,0.17836852,0.6502033,0.17142814
734918096,0.4463273,0.28839707,0.26527563
734927393,0.25715792,0.31470314,0.4281389
735030688,0.26916572,0.44221872,0.28861555
735068064,0.22422262,0.42900282,0.3467745
735145029,0.37121138,0.32441276,0.30437586
735207602,0.43173698,0.30474967,0.26351333
735415860,0.6740348,0.15812911,0.16783616
735611737,0.31371036,0.41865262,0.267637
735787581,0.19495068,0.18851376,0.61653554
735929597,0.2976103,0.3855025,0.31688714
736107740,0.2666449,0.27717042,0.4561847
736169875,0.37316257,0.36910746,0.25772998
736174587,0.29040813,0.37416434,0.33542752
736258585,0.18843427,0.23396142,0.57760435
736337614,0.5082287,0.27474368,0.21702763
736372075,0.2049086,0.6085722,0.18651922
736465619,0.27711424,0.41310912,0.3097766
736482923,0.46193334,0.30324578,0.2348208
736516333,0.2672998,0.46148697,0.27121326
736580316,0.23950551,0.34668,0.4138145
736590630,0.10147318,0.7616546,0.13687225
736663259,0.40182,0.23834707,0.35983294
736680415,0.33649006,0.2795009,0.38400897
736741376,0.19390057,0.55110353,0.2549959
736875382,0.39532095,0.3070561,0.29762295
736905178,0.4530023,0.27461612,0.27238157
737005289,0.49623936,0.18170904,0.32205155
737131407,0.19697697,0.54728657,0.25573638
737200814,0.37423128,0.3234104,0.30235842
737201480,0.5343101,0.20173584,0.263954
737206377,0.5227422,0.24619864,0.23105913
737415984,0.5476014,0.21863942,0.23375918
737491021,0.14125334,0.6915714,0.16717519
737499817,0.40450123,0.3596613,0.23583747
737511405,0.16295929,0.65377676,0.183264
737612704,0.4494012,0.2826081,0.26799074
737684238,0.5011527,0.2763777,0.2224695
737684657,0.28842413,0.44396704,0.2676088
737868175,0.2676091,0.24184798,0.49054295
738005775,0.24035692,0.5674254,0.19221765
738010816,0.4041066,0.36080506,0.23508835
738065013,0.5556432,0.2200847,0.22427203
738122259,0.47878063,0.292425,0.22879429
738149290,0.25417173,0.19290039,0.55292785
738178468,0.09943177,0.082603045,0.8179652
738186597,0.3494932,0.33403307,0.3164737
738306586,0.34415692,0.35568082,0.30016223
738349593,0.10097705,0.7506136,0.1484094
738406357,0.6449853,0.15888497,0.19612972
738513480,0.23961833,0.2631764,0.49720535
738656710,0.5269401,0.16500245,0.30805746
738692448,0.25841096,0.40269718,0.3388919
738739981,0.53249854,0.22886477,0.23863672
738766521,0.3086622,0.26209694,0.42924088
738776913,0.25995052,0.4277273,0.31232214
738951894,0.42044243,0.297035,0.2825225
738973454,0.24740821,0.26512527,0.48746648
739153090,0.42020607,0.30967778,0.27011615
739194968,0.37981904,0.25629556,0.3638854
739317287,0.42504877,0.29328442,0.28166685
739399142,0.2679452,0.26346985,0.468585
739462574,0.26105303,0.26149476,0.47745222
739462863,0.45578003,0.28675947,0.25746042
739679063,0.45185867,0.26225442,0.28588688
739730379,0.32176068,0.36358625,0.31465304
739765064,0.31486294,0.31084365,0.37429342
739807645,0.2967901,0.2974768,0.40573305
739885957,0.5447987,0.2262409,0.22896042
740005885,0.21287149,0.5637072,0.22342137
740139482,0.2903743,0.39083606,0.3187897
740241160,0.10142176,0.09032365,0.8082546
740273517,0.24536233,0.42748716,0.32715046
740379158,0.22785442,0.51309234,0.25905326
740452523,0.20331874,0.1602857,0.63639563
740499078,0.24886775,0.37636125,0.374771
740511279,0.5188168,0.1972757,0.2839074
740564049,0.21623842,0.22848763,0.5552739
740610905,0.54000527,0.23012662,0.22986811
740658432,0.57801694,0.21263072,0.20935237
740715880,0.2696943,0.29507652,0.4352292
740740941,0.34269398,0.390717,0.26658902
740888571,0.22185229,0.5596838,0.21846387
741030512,0.16245282,0.61811024,0.2194369
741034949,0.5195051,0.24052761,0.23996727
741212665,0.42410398,0.29780886,0.27808714
741228144,0.2851477,0.43349615,0.28135622
741268693,0.3394874,0.35170898,0.30880365
741315085,0.24341287,0.29414403,0.46244305
741370443,0.46697405,0.29690504,0.23612085
741380032,0.2736743,0.42290106,0.30342463
741494977,0.20283571,0.19538087,0.6017834
741600957,0.7108,0.11522254,0.1739775
741626533,0.5514697,0.22223416,0.22629617
741764394,0.20334154,0.27632058,0.5203379
741828668,0.4075442,0.35957092,0.2328848
741857570,0.29967254,0.34238622,0.3579412
741858402,0.37591085,0.29911965,0.32496944
741941959,0.29427996,0.3474066,0.3583134
742123728,0.47200623,0.26890782,0.25908595
742283559,0.46958858,0.28284875,0.24756266
742321836,0.3395051,0.24353093,0.41696396
742339597,0.29871777,0.33935094,0.36193138
742536184,0.24633016,0.46127638,0.29239345
742591668,0.36596647,0.36597896,0.26805454
742651238,0.20997708,0.53380036,0.25622255
742761500,0.113535225,0.72065777,0.16580701
742816020,0.15481147,0.48124298,0.36394545
742817541,0.4574899,0.27049226,0.27201796
743020541,0.1905578,0.232912,0.5765303
743068495,0.30457684,0.33825466,0.35716847
743203555,0.39716056,0.24845742,0.35438195
743344342,0.38893795,0.33941537,0.2716467
743351373,0.15941676,0.16670841,0.67387474
743424175,0.24953918,0.30141515,0.4490457
743446714,0.35872048,0.3581904,0.28308916
743558482,0.4465465,0.26095295,0.29250062
743759177,0.29567248,0.2893675,0.4149601
743813489,0.15855819,0.6499807,0.19146115
743891198,0.5339673,0.24115358,0.22487916
744215630,0.25047213,0.43880165,0.31072628
744300599,0.25750038,0.4981645,0.24433519
744444539,0.07361744,0.8363835,0.08999908
744531722,0.42258635,0.24094099,0.3364726
744539723,0.41323787,0.29980198,0.2869602
744699408,0.21226393,0.22165604,0.56608
744716337,0.38934472,0.33699787,0.27365738
744789458,0.15266107,0.5917949,0.25554392
744796541,0.73611116,0.09836813,0.16552068
744819150,0.35964724,0.28543526,0.35491744
744839903,0.49285993,0.26804602,0.23909402
744887681,0.25405237,0.3320577,0.4138899
745013430,0.6277016,0.16225551,0.2100429
745078528,0.74158216,0.111428045,0.14698982
745085593,0.33380827,0.42805913,0.23813252
745092654,0.3178084,0.31857044,0.36362118
745110762,0.29954046,0.40492746,0.29553205
745151072,0.3732811,0.32782614,0.29889277
745176080,0.22006103,0.5505837,0.22935523
745182401,0.2244592,0.24671662,0.52882427
745235352,0.3242797,0.24451043,0.43120983
745286912,0.48281786,0.2400377,0.27714437
745478755,0.24837053,0.23812458,0.51350486
745523503,0.3902283,0.3331464,0.2766254
745527124,0.31228867,0.3806471,0.3070642
745577033,0.11857475,0.14108197,0.7403433
745893234,0.3450997,0.37859365,0.27630666
746100043,0.32879692,0.32082114,0.35038194
746196087,0.45741138,0.3165619,0.22602677
746235401,0.35798725,0.3432133,0.29879943
746379034,0.2755665,0.45505196,0.26938152
746443022,0.40521896,0.30183306,0.2929479
746463647,0.6141987,0.14812472,0.2376766
746472694,0.33467314,0.3407233,0.32460353
746476011,0.48437154,0.25070187,0.26492658
746495780,0.05884756,0.8540524,0.08709997
746505061,0.25772527,0.40414286,0.33813187
746574881,0.29942626,0.32536623,0.37520754
746661865,0.37743664,0.34260353,0.27995977
746804381,0.51307935,0.25401095,0.23290974
746850158,0.36817935,0.34707767,0.28474295
746866579,0.111904845,0.7365622,0.15153302
746959201,0.30841818,0.4625362,0.2290456
747031227,0.4848125,0.30861193,0.2065755
747259652,0.15324776,0.6830109,0.16374135
747265168,0.4069104,0.3095457,0.28354394
747364415,0.35222745,0.37185925,0.27591327
747427236,0.659334,0.16651578,0.17415017
747548910,0.2528225,0.43451476,0.31266278
747650640,0.09221549,0.7845466,0.12323791
747687583,0.27715287,0.43054584,0.2923013
747693340,0.12227984,0.7091045,0.16861564
747730333,0.102404155,0.77380586,0.12378999
747730850,0.31311882,0.31094754,0.37593365
747793868,0.32223028,0.35166818,0.32610154
747875878,0.5359965,0.23715936,0.22684418
747924042,0.17962055,0.21688712,0.60349226
748106145,0.4724637,0.29187283,0.23566341
748126861,0.23810652,0.39492744,0.36696607
748212891,0.16276148,0.63678104,0.20045754
748348445,0.3828247,0.3446291,0.27254614
748464170,0.42120883,0.33638594,0.2424052
748564861,0.25683987,0.25036907,0.4927911
748792818,0.24982144,0.30504775,0.44513083
748792934,0.24859649,0.2291943,0.5222092
748842475,0.40147206,0.29708984,0.30143797
748886568,0.21843798,0.51922387,0.26233813
748965484,0.48141405,0.27502096,0.24356496
748992431,0.41157964,0.26173812,0.3266822
749174033,0.19547524,0.21053262,0.5939922
749487665,0.18472114,0.6070808,0.20819807
749497447,0.36199847,0.32361132,0.3143902
749497820,0.37139374,0.39898846,0.22961786
749510108,0.38348627,0.343563,0.27295074
749758791,0.25344005,0.42286015,0.32369986
749811456,0.3623111,0.26305968,0.37462923
749820514,0.2968796,0.35465273,0.34846768
749871207,0.5099699,0.23378669,0.25624347
749951216,0.41405407,0.33482575,0.25112015
749971794,0.22666234,0.41516924,0.3581685
750042481,0.44903362,0.3113452,0.23962119
750184753,0.29260057,0.29985204,0.40754738
750254005,0.4128716,0.30823115,0.27889717
750275851,0.4342847,0.2593376,0.30637777
750293902,0.536114,0.22745088,0.23643507
750308039,0.52631617,0.19997783,0.27370596
750450731,0.31953272,0.23453355,0.44593376
750489165,0.554454,0.22047296,0.22507304
750667848,0.4557863,0.17601688,0.3681968
750715657,0.31120065,0.3465822,0.34221706
750972507,0.26774576,0.46229076,0.26996353
751177002,0.13574864,0.69676965,0.16748169
751180471,0.708223,0.12235986,0.16941719
751394099,0.5043554,0.26961502,0.22602966
751402170,0.18864304,0.5860739,0.22528313
751685098,0.29954946,0.23988058,0.46056998
751720986,0.2338018,0.22647701,0.5397212
751917033,0.23061095,0.2773724,0.49201664
752041170,0.16463427,0.66266525,0.17270048
752093893,0.28437766,0.4047956,0.31082672
752130932,0.26190385,0.16037345,0.57772267
752322907,0.25075534,0.3194625,0.42978212
752351384,0.32001537,0.37104,0.30894458
752474325,0.3778928,0.35176244,0.27034476
752499740,0.4595506,0.24467243,0.29577693
752578279,0.14686309,0.17033593,0.68280095
752598019,0.32042304,0.38360175,0.29597515
752648184,0.4818723,0.25449628,0.26363143
752651631,0.58777034,0.15397187,0.25825787
752700137,0.33009663,0.32494777,0.3449556
752730818,0.45270407,0.30417413,0.24312182
752788370,0.2043645,0.5349276,0.2607079
752898391,0.32616666,0.3708678,0.30296555
752952970,0.13852869,0.64581704,0.21565428
753066321,0.41854137,0.29015538,0.29130325
753179596,0.29029685,0.32352996,0.38617325
753308541,0.5172315,0.23502022,0.24774821
753357799,0.53061163,0.23921295,0.23017547
753381490,0.3979369,0.3305109,0.2715522
753407464,0.2868638,0.36444947,0.34868672
753438626,0.44261718,0.30069387,0.25668895
753510591,0.15726823,0.16342792,0.6793038
753567285,0.29061505,0.41913542,0.29024956
753634631,0.5782195,0.19508457,0.22669594
753673704,0.37826812,0.33940727,0.28232455
753676470,0.300069,0.3333546,0.3665764
753706278,0.17686792,0.6758157,0.14731632
753807269,0.28751642,0.4345084,0.27797517
753888398,0.2151895,0.29252544,0.49228504
753902503,0.42056108,0.28785568,0.29158318
753998423,0.47532922,0.22864936,0.29602146
754003796,0.26820365,0.40643898,0.32535732
754005766,0.5192766,0.21214536,0.268578
754249136,0.10591911,0.78444666,0.10963423
754282219,0.241721,0.5034676,0.2548114
754380412,0.31561485,0.3272161,0.35716912
754396664,0.2529061,0.40919757,0.3378964
754685942,0.25772274,0.53601205,0.20626521
754776878,0.5339468,0.25468725,0.21136585
754883394,0.15107143,0.13387771,0.7150509
755013210,0.5092431,0.21181068,0.27894625
755107011,0.43661642,0.33614627,0.22723733
755238036,0.123428166,0.7289009,0.1476709
755240221,0.23092972,0.25643256,0.51263773
755285341,0.24021739,0.22824235,0.5315403
755328875,0.35404816,0.3287465,0.3172053
755351780,0.12671252,0.7218536,0.15143387
755415587,0.7664367,0.0968597,0.1367037
755490484,0.37475497,0.28255033,0.34269476
755496986,0.39082396,0.27985564,0.3293204
755523713,0.4506318,0.30870318,0.240665
755528645,0.4289833,0.27547878,0.29553795
755613127,0.36809203,0.37199026,0.2599178
755775876,0.24946925,0.41555643,0.3349744
755893152,0.5421796,0.2407018,0.2171186
756173351,0.37377027,0.29329598,0.33293375
756193681,0.25332966,0.42493156,0.32173884
756196114,0.23010062,0.5288444,0.24105501
756268253,0.45576647,0.23651305,0.3077205
756298120,0.328721,0.378013,0.2932659
756308841,0.44518805,0.2354481,0.31936383
756378651,0.10725834,0.74936324,0.14337844
756528599,0.25836772,0.33514112,0.40649113
756554563,0.089955464,0.78957206,0.12047242
756564306,0.23942633,0.36427668,0.396297
756595278,0.338444,0.37756607,0.28399
756865722,0.12720439,0.14566374,0.7271319
756882763,0.4715769,0.27550665,0.2529165
756907137,0.5264227,0.23441966,0.23915766
756986601,0.28943157,0.33438483,0.3761835
756992321,0.263485,0.39127874,0.3452362
757002710,0.3288341,0.35723048,0.31393537
757016876,0.10005011,0.7697499,0.13019997
757027901,0.34935564,0.39136434,0.25927997
757140380,0.5216023,0.24611463,0.2322831
757276278,0.29744932,0.24408871,0.45846197
757282777,0.14731476,0.14677273,0.70591253
757288287,0.4981439,0.26631916,0.23553696
757314777,0.51035875,0.18886182,0.30077946
757373866,0.29369655,0.26665902,0.43964443
757386520,0.29769042,0.32159987,0.3807097
757439461,0.13312663,0.13484782,0.73202556
757455810,0.41135994,0.25785363,0.3307865
757543140,0.09737592,0.08506036,0.8175638
757547284,0.641082,0.16523115,0.19368678
757695404,0.25193104,0.40902293,0.33904603
757719698,0.2627606,0.35185835,0.3853811
757724402,0.31378713,0.3518823,0.33433068
757846068,0.11292712,0.7625765,0.12449632
757874540,0.53956753,0.21880165,0.24163084
757910095,0.23525807,0.25505295,0.509689
757938871,0.40714228,0.29150516,0.3013526
757945744,0.33406425,0.33681124,0.32912448
757983870,0.31530413,0.28588372,0.39881206
758094569,0.123410314,0.14995639,0.7266333
758194511,0.17119034,0.63353014,0.1952795
758272627,0.4237928,0.31420052,0.26200667
758308286,0.35383436,0.3868975,0.25926813
758463245,0.35514283,0.35349414,0.291363
758487427,0.22626732,0.49196446,0.28176826
758509573,0.24160965,0.32940152,0.4289888
758563077,0.17995007,0.20894407,0.61110586
758658243,0.26129276,0.42993316,0.3087741
758719685,0.63089746,0.18124726,0.18785521
758816791,0.16443896,0.5721713,0.2633898
758849482,0.21772553,0.52675027,0.25552416
758876399,0.4316813,0.30111066,0.267208
758996719,0.56413096,0.22359827,0.21227087
759019752,0.49578488,0.27970004,0.22451504
759134189,0.18754146,0.20044968,0.61200887
759190111,0.36432,0.38165855,0.25402138
759201941,0.41624194,0.30388206,0.27987596
759212152,0.26314864,0.34910765,0.38774368
759217380,0.26285607,0.23262544,0.50451845
759261823,0.19574529,0.5794135,0.22484127
759272988,0.42439348,0.30236238,0.27324414
759277000,0.22863492,0.39267,0.37869504
759306826,0.5234518,0.22694097,0.24960726
759336167,0.19193289,0.60173047,0.20633656
759396554,0.25869462,0.3791475,0.36215785
759407699,0.23078561,0.21602453,0.5531898
759519528,0.21248588,0.46047568,0.32703847
759547905,0.31234118,0.39510307,0.29255572
759558017,0.5786233,0.16508268,0.25629398
759584135,0.44689772,0.31905457,0.23404774
759643364,0.21122587,0.24736762,0.54140645
759644552,0.39075908,0.2975231,0.31171778
759672267,0.7473779,0.09990928,0.15271284
759721843,0.14012748,0.7069866,0.15288599
759772839,0.42847994,0.2902262,0.28129387
759867096,0.32482353,0.34022433,0.3349521
759881504,0.27839994,0.50565356,0.2159465
759975102,0.12967494,0.15707113,0.7132539
760023102,0.5056088,0.250877,0.24351424
760162560,0.29446736,0.26726544,0.43826726
760197731,0.4980078,0.2509037,0.25108847
760439663,0.33503833,0.36921027,0.29575145
760453636,0.15788002,0.14890912,0.6932109
760493513,0.2782045,0.26588774,0.4559077
760565716,0.34962025,0.3926373,0.2577425
760656782,0.40849257,0.31907812,0.27242932
760678843,0.45091712,0.27530575,0.27377707
760679584,0.422459,0.32448193,0.25305912
760745724,0.29680642,0.19240946,0.5107841
760888943,0.23018801,0.23497897,0.534833
760926556,0.36081585,0.23884661,0.40033752
760930069,0.7711269,0.075497724,0.15337525
760945693,0.10031194,0.7744378,0.12525022
761022137,0.2766588,0.26298884,0.46035236
761172687,0.191786,0.5794642,0.22874977
761344768,0.39451885,0.3220214,0.28345972
761459719,0.34103984,0.34957817,0.30938208
761553274,0.61674565,0.1730709,0.21018347
761676718,0.4059912,0.28305873,0.31095004
761805951,0.17386417,0.18076184,0.64537406
761848832,0.23765257,0.3511644,0.411183
762238354,0.37144136,0.3591168,0.26944178
762309839,0.42232195,0.31893083,0.25874725
762338985,0.30500126,0.3757349,0.31926376
762987277,0.24980792,0.43577638,0.3144157
762988289,0.2884909,0.24702226,0.46448684
763017173,0.30568653,0.43794578,0.25636762
763096473,0.5259714,0.25265443,0.22137418
763129433,0.51424134,0.23088981,0.25486884
763339395,0.3809674,0.327358,0.2916746
763804827,0.38892758,0.33971483,0.2713576
763859223,0.46220726,0.23969983,0.2980929
763947937,0.36435235,0.2950748,0.34057292
764002960,0.15269792,0.66001475,0.18728729
764101907,0.14468375,0.124484986,0.73083127
764116996,0.27605045,0.3486047,0.37534487
764162827,0.3109449,0.3958267,0.29322842
764229391,0.15309499,0.65893024,0.18797478
764256488,0.20333251,0.19778986,0.59887767
764269868,0.18848588,0.2037138,0.60780036
764303769,0.57043785,0.1513102,0.27825198
764354172,0.14463122,0.70093817,0.1544306
764354539,0.4934745,0.2786213,0.22790419
764360248,0.29238138,0.41338494,0.29423368
764593157,0.21483609,0.4328533,0.3523106
764634511,0.75827456,0.10004164,0.14168376
764686941,0.18219991,0.17520481,0.64259535
764700826,0.30264103,0.37997556,0.31738344
764702299,0.27755788,0.4248398,0.29760233
764761043,0.11233635,0.09935557,0.7883082
764779521,0.42415816,0.31131938,0.26452243
764812062,0.27086544,0.32499868,0.40413585
764833414,0.3765572,0.32948482,0.2939579
764857712,0.2829933,0.2907384,0.42626825
764869735,0.18824898,0.5876605,0.22409055
765015790,0.32367805,0.36919245,0.30712947
765019844,0.32386115,0.36474803,0.3113908
765141950,0.26363486,0.37245834,0.3639068
765159732,0.7553914,0.11708002,0.12752853
765296911,0.46715423,0.2369105,0.29593527
765312542,0.08605322,0.09096985,0.82297695
765333581,0.28937957,0.27693865,0.4336818
765444857,0.30415353,0.22245508,0.47339144
765455106,0.7651044,0.096428685,0.13846692
765549343,0.48548713,0.2472153,0.2672976
765599574,0.22144958,0.24116537,0.5373851
765600193,0.27512372,0.3529289,0.37194738
765621078,0.29658735,0.39191487,0.31149778
765630973,0.33551344,0.35523477,0.30925182
765640345,0.42566806,0.31521955,0.25911245
765667097,0.41886398,0.31545883,0.26567718
765714873,0.6215754,0.15808655,0.220338
765953639,0.52113485,0.22897865,0.24988647
766040238,0.34755152,0.22862548,0.42382294
766074403,0.25835934,0.29601914,0.4456215
766090544,0.30541506,0.37865654,0.3159284
766200656,0.15173061,0.16644348,0.68182594
766201527,0.33738095,0.33116266,0.33145636
766251514,0.21787103,0.21800788,0.56412107
766269883,0.3319927,0.36999545,0.29801193
766335087,0.13016132,0.5620879,0.30775073
766386767,0.20597672,0.31025067,0.48377264
766400103,0.3652335,0.36072394,0.2740425
766496317,0.36050716,0.33870417,0.30078864
766523855,0.10433557,0.09446957,0.80119485
766550755,0.27307612,0.17452876,0.5523951
766562795,0.49964324,0.25947,0.24088678
766594175,0.25668472,0.3107011,0.43261418
766612952,0.39411741,0.31904942,0.2868332
766703955,0.18221827,0.62051964,0.19726205
766722692,0.32499206,0.29659855,0.3784094
766730950,0.50921315,0.20560782,0.28517902
766798045,0.45240423,0.2695577,0.27803805
766819456,0.30505034,0.3594836,0.33546606
766830244,0.29859108,0.35772476,0.34368417
766873498,0.5770745,0.20199741,0.22092807
766932726,0.4685931,0.289889,0.24151793
766938430,0.2326277,0.5450537,0.22231856
766946096,0.25435504,0.28101018,0.4646348
767043972,0.31191903,0.39905605,0.28902495
767177121,0.33672842,0.27762648,0.38564512
767200328,0.32726765,0.36503804,0.30769423
767203356,0.3394331,0.27179676,0.38877007
767238440,0.26007438,0.15144284,0.58848274
767245925,0.29471785,0.3177345,0.38754758
767246588,0.11785576,0.11107027,0.771074
767335610,0.117924005,0.110884756,0.7711913
767354658,0.68988454,0.100541726,0.20957378
767357313,0.125044,0.12083626,0.75411975
767408860,0.4819704,0.24007863,0.27795097
767534972,0.19398889,0.26800486,0.5380063
767563845,0.27176076,0.2858697,0.44236952
767571489,0.29973558,0.36457035,0.33569402
767606657,0.3999556,0.28927958,0.31076482
767654808,0.19621551,0.20694159,0.59684294
767762989,0.25280148,0.40902713,0.33817142
767826133,0.49058604,0.23690303,0.27251095
767832946,0.44255707,0.28075472,0.27668822
767857362,0.44527543,0.32177427,0.23295026
767904106,0.5262196,0.24846621,0.22531419
768067027,0.40890455,0.21049495,0.38060057
768303578,0.24259639,0.54011333,0.21729028
768309987,0.21307783,0.21241601,0.57450616
768729488,0.27986747,0.25112703,0.46900544
768775087,0.11465014,0.7499491,0.13540074
768887092,0.38552168,0.28655264,0.32792565
768910917,0.29036996,0.35652417,0.3531059
768942152,0.24738689,0.34406674,0.40854636
768971012,0.20849606,0.53072083,0.2607832
769028768,0.25481182,0.45315403,0.29203412
769066317,0.2891301,0.30966884,0.40120104
769218718,0.26449987,0.2719103,0.46358973
769279558,0.4138,0.29727072,0.28892925
769289753,0.3893123,0.28183255,0.3288551
769367026,0.4969093,0.26482257,0.23826808
769441669,0.24707393,0.28400567,0.46892035
769479416,0.31998888,0.31242302,0.36758813
769526405,0.32583457,0.34285283,0.33131263
769578212,0.25550854,0.28677377,0.45771766
769656894,0.5127737,0.25901827,0.2282081
769672233,0.36825922,0.34060082,0.29113987
769724993,0.5422177,0.11805,0.33973235
769862955,0.47720233,0.3024603,0.22033732
769892462,0.33616683,0.31488886,0.34894425
769964174,0.46391365,0.27142096,0.26466542
770142845,0.33121178,0.323084,0.34570417
770147628,0.23013337,0.37717003,0.39269668
770180100,0.3610693,0.267006,0.37192464
770186943,0.514798,0.19900851,0.28619355
770315429,0.33166644,0.3391111,0.3292225
770367099,0.61678845,0.19018431,0.19302721
770388785,0.6087442,0.18659566,0.20466007
770406326,0.42070004,0.22892365,0.3503763
770543949,0.21380934,0.5422027,0.24398799
770665678,0.6012283,0.17055964,0.2282121
770691890,0.2627751,0.41613734,0.32108754
770751225,0.5292238,0.22086127,0.24991487
770756393,0.27228078,0.46134824,0.26637092
770761479,0.46685436,0.2578685,0.27527717
770780865,0.2673871,0.4101515,0.3224614
770782322,0.25680596,0.28655395,0.4566401
770923253,0.2026311,0.18131514,0.6160538
771028381,0.74750316,0.10808641,0.14441046
771125387,0.33417758,0.33831626,0.32750615
771131878,0.38363218,0.32783788,0.28852993
771176933,0.5314305,0.16474599,0.30382356
771515659,0.3995644,0.22246467,0.377971
771584722,0.1812325,0.65002084,0.16874668
771613752,0.31163543,0.43858975,0.24977484
771652314,0.3666306,0.36449933,0.26887006
771705990,0.28580773,0.39045534,0.32373694
771752275,0.6131516,0.17388812,0.21296029
771758244,0.41822934,0.29342952,0.28834113
771885689,0.2692255,0.32660776,0.40416664
771908568,0.30329525,0.38681066,0.30989403
771961187,0.5218853,0.20040552,0.27770916
772036236,0.37820205,0.37403458,0.24776338
772072990,0.4125999,0.29504827,0.29235184
772136677,0.54438967,0.16504946,0.29056084
772162628,0.27742833,0.29959792,0.42297372
772195808,0.41108102,0.32425258,0.26466647
772264089,0.20900644,0.2339228,0.5570708
772269464,0.389128,0.34495658,0.2659155
772311054,0.7535292,0.10594882,0.14052199
772343491,0.2339071,0.46790478,0.2981882
772460499,0.26753458,0.24173236,0.49073315
772507775,0.20204212,0.18984947,0.60810834
772642297,0.22511771,0.18607607,0.58880615
772678090,0.11281305,0.74080706,0.14637989
772757442,0.11091586,0.10291614,0.786168
772800601,0.06139397,0.8473004,0.09130566
772885362,0.17133406,0.1828391,0.6458269
772977288,0.09968702,0.08860323,0.81170976
773084514,0.10510065,0.7688537,0.12604561
773095797,0.37146237,0.39941153,0.22912611
773119245,0.28577426,0.4408725,0.27335316
773182676,0.71843725,0.1290648,0.15249792
773209063,0.36403498,0.35267168,0.28329337
773332399,0.6018118,0.17842706,0.21976112
773473882,0.28478056,0.42217547,0.29304397
773567664,0.27230102,0.32325268,0.40444627
773612197,0.08125745,0.8185806,0.10016195
773929889,0.2238027,0.51374954,0.26244783
774062307,0.40187627,0.3029029,0.29522073
774105798,0.29981753,0.2778262,0.42235628
774107155,0.2904583,0.2926341,0.41690752
774260281,0.7603012,0.099940896,0.13975796
774348995,0.14019571,0.69794995,0.16185434
774378481,0.25123933,0.27918607,0.46957457
774639379,0.2017395,0.5675381,0.23072246
774668956,0.5574107,0.23153889,0.21105038
774680017,0.10114626,0.089793265,0.8090605
774779768,0.29725617,0.36067232,0.3420715
774839504,0.8007006,0.083901525,0.11539792
775064967,0.2068131,0.20848225,0.58470464
775170267,0.14456646,0.117054164,0.7383794
775179909,0.31642225,0.3416873,0.3418904
775229282,0.2958671,0.3079936,0.39613926
775255701,0.6869172,0.13400905,0.17907375
775297944,0.2980341,0.29323274,0.40873316
775300323,0.26831585,0.4189067,0.31277746
775375578,0.23666294,0.29975766,0.46357933
775409510,0.41586992,0.29496586,0.28916422
775582652,0.3610889,0.28890753,0.35000354
775718046,0.48115388,0.27214184,0.24670427
775740413,0.24852316,0.40142676,0.35005006
775889701,0.47835824,0.28861502,0.23302673
775911845,0.22116306,0.4958849,0.28295207
775939321,0.42094737,0.3063619,0.2726907
776097803,0.489383,0.19501458,0.31560245
776116035,0.16561954,0.62826943,0.20611106
776132911,0.2637707,0.3025269,0.4337024
776133752,0.36593488,0.3381498,0.2959153
776221574,0.2840611,0.3601383,0.35580063
776235921,0.3219545,0.32914868,0.3488968
776246466,0.116750196,0.7449935,0.13825634
776262791,0.06756534,0.8413246,0.091110095
776310580,0.17464408,0.19768457,0.6276715
776416778,0.14176308,0.12687093,0.73136604
776588401,0.38607165,0.32322228,0.29070604
776621818,0.2794962,0.26002002,0.46048373
776639876,0.28132358,0.32692197,0.3917544
776642746,0.30076918,0.4631815,0.23604926
776659817,0.3716347,0.35689652,0.27146882
776806285,0.2414374,0.47311312,0.28544948
776934477,0.277663,0.48095277,0.24138421
776953737,0.54681194,0.23720863,0.21597941
776976494,0.35839748,0.3474256,0.2941769
777100057,0.23953108,0.48424008,0.27622887
777104422,0.19177637,0.21718097,0.5910426
777182159,0.52768993,0.23518567,0.23712435
777266222,0.40042868,0.35262093,0.24695031
777526089,0.2987956,0.3711038,0.3301006
777592646,0.33958325,0.3314518,0.328965
777675806,0.3189771,0.35443908,0.3265839
777721725,0.53314716,0.25372055,0.21313228
777879572,0.084631406,0.8070196,0.10834896
777951094,0.49160498,0.24220473,0.26619026
778127636,0.26247486,0.34266958,0.3948556
778206281,0.35276997,0.29097086,0.35625923
778254553,0.29513884,0.2652025,0.43965876
778314985,0.22438754,0.19935915,0.5762533
778358600,0.3555351,0.28891328,0.35555157
778373992,0.3979426,0.3570089,0.2450485
778582478,0.104140796,0.105490796,0.7903684
778626812,0.33403808,0.31781211,0.34814984
778645193,0.39759254,0.34992185,0.25248554
778769616,0.2139403,0.17935987,0.6066998
778771446,0.60826015,0.19306661,0.19867328
778837041,0.67668533,0.15388846,0.1694262
778929319,0.74631923,0.10508835,0.14859244
778992448,0.7334516,0.12235975,0.14418863
779055189,0.31591555,0.39239818,0.29168633
779063486,0.7091959,0.13065742,0.1601467
779084824,0.14955354,0.6768368,0.17360973
779169401,0.42342165,0.32143313,0.2551452
779313044,0.44648066,0.2924507,0.26106867
779380056,0.32141712,0.33743915,0.34114376
779424687,0.30147097,0.26924294,0.42928603
779653499,0.47362685,0.20189863,0.3244745
779733535,0.31871206,0.32024723,0.36104077
779735334,0.51716095,0.25256705,0.23027198
779858347,0.35439387,0.31558865,0.33001742
779975049,0.4958449,0.2665289,0.2376262
779980925,0.35078818,0.25903815,0.39017364
780075991,0.4584735,0.30863428,0.23289223
780105077,0.23012325,0.5045582,0.26531857
780175340,0.45051727,0.30171573,0.24776708
780203225,0.09785,0.78409785,0.11805222
780413926,0.19980186,0.54493725,0.2552609
780506499,0.7064272,0.11372833,0.17984448
780554761,0.3063236,0.373922,0.31975442
780641545,0.21775654,0.5461662,0.23607732
780695685,0.25021127,0.1911357,0.55865306
780697259,0.4120533,0.3300779,0.25786883
780734462,0.3895174,0.3630624,0.24742016
780759658,0.23292243,0.43556973,0.33150786
780787165,0.56343025,0.2337533,0.20281652
780817472,0.19577906,0.5608797,0.2433413
781061447,0.32462493,0.34751183,0.32786328
781113778,0.29452062,0.36217582,0.34330356
781120108,0.2911994,0.35078177,0.35801882
781232118,0.34413853,0.29085398,0.3650075
781380012,0.22802825,0.2556248,0.516347
781419788,0.23882513,0.47489393,0.286281
781440468,0.39991227,0.27610153,0.3239861
781474166,0.34059244,0.42028868,0.23911889
781494783,0.3752416,0.32606715,0.29869124
781612237,0.07850116,0.8108061,0.11069271
781756651,0.5051499,0.25362083,0.24122922
781812049,0.46199864,0.2897936,0.24820782
781867417,0.4467364,0.29643807,0.25682554
781870653,0.19648659,0.17335396,0.6301595
781939987,0.30793318,0.30358294,0.38848388
781950830,0.7510232,0.12123101,0.12774575
782174406,0.42186186,0.2723986,0.3057396
782176900,0.11783676,0.73842573,0.14373747
782183410,0.25861067,0.43002912,0.31136024
782280839,0.23818763,0.26844734,0.4933651
782290808,0.43478924,0.2963157,0.26889503
782294356,0.10704906,0.092920646,0.8000303
782312162,0.26755226,0.3515107,0.3809371
782376358,0.16931441,0.566454,0.26423162
782413639,0.28329468,0.33371347,0.3829918
782534968,0.31135616,0.24846709,0.44017676
782544475,0.34352478,0.34002817,0.31644705
782629653,0.42343867,0.2678261,0.3087352
782691026,0.26151022,0.2850341,0.4534557
782742503,0.19272916,0.18778513,0.6194858
782750642,0.08728842,0.08107479,0.83163685
782753531,0.3131768,0.44987786,0.23694535
782879180,0.12518746,0.7279489,0.14686371
782886254,0.4638599,0.29689935,0.2392408
783046987,0.23159607,0.379706,0.38869792
783138958,0.46731308,0.30769026,0.22499672
783166204,0.31960166,0.24839497,0.43200338
783205706,0.19233175,0.59106946,0.21659882
783217410,0.66994065,0.11808074,0.21197861
783325507,0.0919389,0.08782864,0.8202325
783375389,0.2028524,0.53602934,0.26111832
783387460,0.748941,0.11175736,0.13930167
783465111,0.27947223,0.27109143,0.4494364
783603877,0.26949492,0.25025654,0.4802486
783633342,0.27996975,0.3823977,0.33763254
783643521,0.34039837,0.35765687,0.30194473
783768930,0.069084965,0.8344626,0.09645245
783886855,0.2682969,0.44060385,0.29109922
783905856,0.280187,0.43722084,0.28259227
783946411,0.29222003,0.28728592,0.420494
783979493,0.2581503,0.44478044,0.29706925
784098937,0.5160097,0.20822912,0.27576116
784118017,0.24198966,0.37377146,0.38423887
784196770,0.35716537,0.3188004,0.32403427
784209837,0.38007686,0.33646655,0.28345662
784259889,0.2935535,0.32899693,0.3774496
784296394,0.31805655,0.35772413,0.32421935
784508586,0.21352412,0.19182242,0.5946534
784610835,0.25464267,0.25429356,0.49106374
784797084,0.47769168,0.30371383,0.21859448
785003804,0.14608012,0.7059296,0.1479903
785048916,0.45719135,0.30628067,0.23652801
785111360,0.38012168,0.33584243,0.28403586
785169229,0.3107224,0.37396047,0.31531715
785230360,0.32189617,0.407477,0.2706268
785332837,0.1917892,0.6314332,0.17677765
785376197,0.6028777,0.20369115,0.1934311
785496691,0.18842956,0.5141055,0.29746494
785572360,0.27551654,0.2392988,0.48518467
785631402,0.2640867,0.4369709,0.29894245
785633005,0.3243182,0.36465117,0.31103066
785694881,0.33935404,0.38808075,0.27256528
785815840,0.31589058,0.2965566,0.38755283
785848282,0.3975251,0.13242935,0.47004557
785938198,0.3573975,0.36107454,0.2815279
785969024,0.06451592,0.83143705,0.10404697
785998461,0.14741516,0.12977843,0.7228065
786054527,0.44980872,0.29684842,0.25334284
786096945,0.54956985,0.20295474,0.24747543
786115898,0.3397645,0.35487142,0.3053641
786151503,0.2701686,0.37504715,0.35478428
786153022,0.25175354,0.51014453,0.23810191
786207655,0.16596012,0.6491914,0.18484856
786282164,0.34153864,0.33046618,0.3279952
786287957,0.4297267,0.36132926,0.20894408
786470528,0.24650478,0.5112918,0.24220346
786559406,0.31726593,0.32458958,0.35814446
786626012,0.13693495,0.70328975,0.15977535
786641621,0.4262511,0.2872827,0.28646627
786736367,0.23332724,0.465121,0.3015517
786770718,0.4215685,0.33178464,0.24664682
786783607,0.33460134,0.29328746,0.37211117
786794552,0.09621357,0.085055776,0.81873065
786803335,0.18047003,0.6240376,0.19549242
786844768,0.15772758,0.62604,0.2162324
786990244,0.5599839,0.23246387,0.20755225
787087085,0.24706535,0.45415765,0.298777
787097004,0.4959355,0.27490014,0.22916436
787112373,0.17543475,0.6078597,0.21670562
787155552,0.7708641,0.09057047,0.13856538
787207440,0.16933253,0.17127286,0.6593947
787210188,0.31960747,0.30293754,0.37745503
787241355,0.08433168,0.81213284,0.10353545
787251782,0.34494615,0.38267305,0.2723808
787366357,0.5151338,0.24020752,0.24465865
787390419,0.25721127,0.24930736,0.49348143
787423042,0.31100988,0.2603995,0.42859057
787525829,0.3011368,0.2828446,0.41601858
787526498,0.35234377,0.34175515,0.30590108
787650497,0.46043298,0.23966873,0.29989827
787664513,0.2746881,0.31450695,0.41080493
787762984,0.20570374,0.19596785,0.5983285
787811075,0.6196052,0.17924608,0.20114875
787830190,0.32929826,0.3836621,0.2870397
787852284,0.37621784,0.32528192,0.29850027
788033366,0.29410177,0.23064315,0.4752551
788043928,0.41027254,0.30549917,0.28422824
788229156,0.2685993,0.3809994,0.35040137
788237136,0.35484648,0.2918725,0.3532811
788417573,0.10034109,0.09671889,0.80294
788418375,0.09078261,0.79517084,0.11404649
788420904,0.20194694,0.4965133,0.30153966
788493740,0.46247813,0.26658085,0.2709409
788541842,0.2635453,0.107134126,0.62932056
788618045,0.23889796,0.46533918,0.29576293
788715644,0.099687494,0.76591384,0.13439864
788882093,0.33945298,0.33262673,0.32792032
788895476,0.4994027,0.23055574,0.27004153
788968082,0.36903888,0.37635526,0.25460592
789025604,0.37781084,0.3140007,0.30818847
789036812,0.28115532,0.41705972,0.301785
789046088,0.34872493,0.32831877,0.3229563
789105255,0.29020593,0.29572722,0.4140669
789110820,0.19798657,0.57883185,0.22318158
789152511,0.3276496,0.38356954,0.2887809
789227920,0.5381617,0.24530126,0.21653701
789523336,0.28457406,0.42215577,0.2932701
789528669,0.2249037,0.5026271,0.27246913
789545494,0.29928082,0.33912674,0.36159253
789573202,0.2390036,0.48744348,0.273553
789617929,0.32228515,0.35286954,0.3248453
790171568,0.29800877,0.3565194,0.3454718
790321556,0.18094546,0.6178029,0.2012516
790347119,0.16722532,0.26879266,0.563982
790604621,0.38348794,0.29810834,0.31840366
790619322,0.42740545,0.33863944,0.23395509
790643259,0.31364876,0.31585994,0.37049127
790713388,0.21010725,0.20720734,0.5826854
790819232,0.36711934,0.25162083,0.3812599
791079241,0.29762045,0.4402011,0.2621784
791119613,0.5479308,0.21881974,0.23324949
791231294,0.43132967,0.27241084,0.29625952
791391600,0.1480481,0.68995476,0.16199715
791646207,0.28216827,0.28618217,0.43164963
791652646,0.31741992,0.36735824,0.3152219
791677890,0.33165026,0.3838131,0.28453666
791704471,0.24135709,0.46651337,0.29212952
791780597,0.3562449,0.27950776,0.36424732
791814044,0.46516272,0.29878613,0.23605105
791814875,0.5865194,0.20081782,0.2126628
791974546,0.24590127,0.3233172,0.43078148
792001073,0.3040043,0.3403789,0.35561675
792020262,0.25717992,0.43877158,0.3040485
792260850,0.6672478,0.14845392,0.18429825
792352598,0.45073858,0.29654327,0.25271818
792506607,0.30964726,0.41532788,0.27502492
792595208,0.23839778,0.47637185,0.2852304
792709824,0.11971571,0.099601686,0.7806826
792742147,0.28104678,0.23300187,0.4859513
792835093,0.19500917,0.5502171,0.2547737
793094814,0.53506035,0.240947,0.22399265
793154134,0.4223727,0.3100331,0.26759422
793302270,0.46846595,0.2922197,0.23931433
793305609,0.37295553,0.34295782,0.28408667
793740411,0.52059865,0.23603171,0.24336967
793774498,0.45432335,0.296658,0.24901861
793809648,0.32206434,0.37610883,0.30182683
793866593,0.3834678,0.34694764,0.26958457
793874092,0.38825816,0.3295171,0.28222474
793945929,0.4138994,0.31472704,0.2713736
793959663,0.26147994,0.30176553,0.43675458
794094095,0.25683016,0.47374722,0.26942265
794215501,0.45533487,0.21786974,0.3267954
794328925,0.15857089,0.6717754,0.16965368
794401166,0.27780887,0.34778312,0.37440798
794416791,0.12254695,0.122534074,0.754919
794421504,0.25304887,0.5013546,0.24559651
794434518,0.3326324,0.26599216,0.4013754
794511537,0.2019285,0.5324224,0.26564908
794523605,0.34201747,0.32701993,0.33096257
794645357,0.3186034,0.2944176,0.38697895
794696865,0.4022591,0.25014248,0.34759837
794727099,0.29941013,0.3918674,0.3087224
795049146,0.37725687,0.31632507,0.30641812
795269818,0.49309182,0.26512393,0.24178435
795273803,0.10757736,0.7565982,0.13582449
795305248,0.48946643,0.19314854,0.317385
795325227,0.2662932,0.27746585,0.45624092
795662476,0.4507152,0.25318223,0.2961025
795940857,0.2787258,0.34597456,0.37529963
796000615,0.31424648,0.28624004,0.39951354
796039373,0.23239598,0.40813407,0.35947
796048636,0.23071826,0.5048076,0.26447415
796093298,0.32418773,0.31160146,0.36421075
796111440,0.30749783,0.37918362,0.31331855
796199831,0.5554377,0.20979387,0.2347684
796273532,0.27780217,0.43367946,0.28851834
796430071,0.28504696,0.46292055,0.25203252
796446535,0.33415067,0.38733947,0.2785098
796488582,0.3008943,0.38131917,0.31778654
796573402,0.101018466,0.7719516,0.12703001
796582708,0.2791035,0.3304819,0.39041463
796624048,0.3247238,0.22963333,0.44564286
796691108,0.54301167,0.24242991,0.21455842
796779245,0.38393858,0.31673583,0.29932556
796837663,0.29849246,0.32571575,0.3757918
796950142,0.15899262,0.6393101,0.20169729
797029264,0.2815724,0.36150756,0.35692
797129413,0.30952677,0.40491492,0.2855583
797251448,0.37986887,0.21788698,0.40224412
797460234,0.3066115,0.33147436,0.36191407
797514164,0.37404343,0.34668556,0.27927095
797548861,0.33702758,0.33434448,0.32862788
797580868,0.2357337,0.43804002,0.32622638
797692935,0.23744375,0.31855965,0.4439966
797700324,0.31240362,0.3496611,0.33793527
797786870,0.2298844,0.4791315,0.29098412
797790532,0.28031537,0.3153068,0.4043778
797857911,0.2784086,0.34035105,0.38124034
797947496,0.5230569,0.21184155,0.26510152
798111732,0.3304635,0.25774968,0.41178682
798390416,0.09978531,0.791351,0.10886365
798484721,0.63649684,0.17095895,0.19254419
798496191,0.35623372,0.35785916,0.28590718
798549665,0.29714915,0.36060017,0.34225067
798579548,0.463912,0.2926842,0.2434038
798585355,0.43485367,0.32873723,0.23640911
798633187,0.20691769,0.22478053,0.56830174
798759243,0.41296217,0.18709567,0.39994213
798760358,0.44025186,0.21399947,0.34574872
798810117,0.15559351,0.68218637,0.16222017
798810187,0.2590673,0.49002177,0.25091106
798816810,0.377783,0.28114834,0.34106869
798978630,0.41011372,0.31766337,0.27222294
798988361,0.40358692,0.29545078,0.30096236
799085760,0.14838687,0.6931018,0.15851131
799099699,0.36400726,0.33505535,0.30093738
799261532,0.4290151,0.31168163,0.2593033
799401389,0.09537234,0.7923039,0.112323694
799410113,0.1344894,0.69939905,0.1661116
799457957,0.2369503,0.23002574,0.53302395
799679080,0.36793342,0.36155474,0.2705119
799680491,0.13227352,0.11551717,0.7522093
799764192,0.22223756,0.39973253,0.37802988
799989804,0.45313126,0.24990833,0.29696038
800126280,0.45730928,0.3254041,0.21728657
800253776,0.4154008,0.25570557,0.32889363
800402964,0.3897682,0.31086096,0.2993708
800443919,0.287513,0.34699166,0.36549535
800536650,0.41102967,0.3358763,0.2530941
800664060,0.1984481,0.56315136,0.23840053
800768941,0.4971992,0.27768633,0.2251144
800848939,0.22944058,0.4154489,0.35511047
800898722,0.39908838,0.32579157,0.27512002
801080975,0.5396627,0.2616596,0.19867767
801081459,0.37494522,0.31221542,0.3128394
801084946,0.20775318,0.22495306,0.56729376
801126386,0.31039327,0.35090786,0.3386989
801177483,0.29767883,0.38783547,0.31448576
801304877,0.2861243,0.2515247,0.46235093
801444567,0.19612017,0.5675301,0.23634973
801610829,0.19475527,0.20906547,0.5961793
801651475,0.15631409,0.6788106,0.16487531
801691302,0.23978125,0.3327552,0.42746356
801750304,0.2807312,0.3339906,0.38527822
801777139,0.37586096,0.32614732,0.29799172
801841311,0.35237265,0.3854335,0.26219383
801886888,0.22007835,0.50150037,0.27842128
802025795,0.2989296,0.3620306,0.33903983
802140433,0.30355358,0.3555987,0.34084773
802219167,0.14613841,0.6293354,0.22452618
802322011,0.29459003,0.42174062,0.28366926
802382754,0.37881175,0.30825126,0.31293702
802392842,0.2859799,0.284526,0.42949414
802496863,0.33790576,0.3396275,0.32246664
802508480,0.5158004,0.25733745,0.22686206
802684615,0.16640158,0.62170994,0.2118885
802839244,0.36903632,0.36414218,0.26682156
802928076,0.1116552,0.7591829,0.1291619
803033356,0.5162844,0.22013351,0.26358205
803138128,0.33545667,0.33256814,0.33197522
803295780,0.27701566,0.49849072,0.22449364
803421317,0.31858298,0.35183075,0.32958618
803482476,0.49824646,0.26227453,0.23947898
803555190,0.3686025,0.39391193,0.23748554
803627328,0.3316429,0.33226967,0.33608747
803675165,0.33369255,0.3269757,0.3393317
803755354,0.49462777,0.23891453,0.2664577
803823122,0.075155444,0.8274843,0.097360246
803873442,0.32379025,0.35720003,0.31900978
804030435,0.39272162,0.36100018,0.24627817
804132982,0.23184109,0.28118593,0.48697296
804208116,0.37100524,0.30897042,0.3200243
804212049,0.33289877,0.36306944,0.30403173
804288048,0.31040907,0.29688597,0.39270493
804466226,0.4508923,0.3062192,0.24288845
804467499,0.13694768,0.14235161,0.7207007
804497184,0.41576225,0.31469813,0.26953965
804611218,0.4063415,0.262563,0.33109546
804670237,0.3111594,0.3591505,0.32969013
804722742,0.12122925,0.11254531,0.76622546
804786018,0.17939545,0.6116685,0.20893605
804815948,0.32100254,0.35834968,0.32064772
804886162,0.6299129,0.18672183,0.18336523
805052962,0.25704962,0.39265394,0.3502964
805102817,0.66385424,0.1442099,0.19193587
805166016,0.27428395,0.34782,0.377896
805176826,0.4167874,0.2800922,0.3031204
805218091,0.47131878,0.26908487,0.25959638
805224197,0.276716,0.2631313,0.46015278
805235116,0.31258523,0.38149625,0.30591854
805314741,0.3110075,0.32245916,0.36653334
805484576,0.5820314,0.19786327,0.2201053
805566056,0.62550557,0.17230088,0.20219357
805577365,0.6139482,0.1854283,0.2006234
805595230,0.16532302,0.6505202,0.18415679
805649698,0.21021597,0.3920637,0.39772037
805672468,0.318333,0.3844421,0.29722485
805690979,0.26178694,0.40521905,0.33299407
805691012,0.34800446,0.30820042,0.3437951
805696364,0.5345191,0.18767999,0.2778009
805807042,0.4075631,0.3206848,0.27175212
805911110,0.20469315,0.5447165,0.2505903
805937652,0.24707922,0.4261612,0.32675958
805942889,0.39256588,0.34951523,0.25791892
805969163,0.62111926,0.17288458,0.20599613
806051943,0.2007003,0.19679956,0.60250014
806191985,0.17676188,0.5988057,0.22443244
806204236,0.36192006,0.2726778,0.3654022
806247660,0.13961762,0.14452425,0.7158581
806267629,0.37582055,0.3356352,0.2885442
806352566,0.22966239,0.33357102,0.4367666
806361759,0.46449664,0.2485674,0.2869359
806366615,0.59442383,0.16435924,0.24121691
806472052,0.24225518,0.4818301,0.27591467
806490979,0.34183192,0.25502315,0.40314496
806518622,0.084692344,0.8195999,0.095707685
806537741,0.5006925,0.26944244,0.22986504
806773863,0.399454,0.32473084,0.27581522
806799955,0.29583472,0.40149805,0.30266726
806976200,0.4038761,0.27648747,0.3196365
807302486,0.51579875,0.2517915,0.23240979
807373452,0.32250017,0.38807517,0.28942466
807533503,0.12561637,0.11919208,0.75519156
807610203,0.3414935,0.40034014,0.2581664
807659315,0.41989094,0.31521633,0.26489273
807760431,0.48326027,0.2642422,0.25249746
807948782,0.27683118,0.3388907,0.38427806
808002815,0.31107566,0.24723484,0.44168946
808025704,0.2554895,0.3485451,0.39596546
808127171,0.34019572,0.35581952,0.30398476
808176589,0.13495842,0.7017162,0.16332535
808234945,0.2884544,0.3115811,0.39996448
808284062,0.289515,0.3184996,0.3919854
808323861,0.30024493,0.38098955,0.31876555
808388349,0.27600595,0.4113156,0.31267843
808411944,0.24821831,0.27243114,0.47935045
808724574,0.18536726,0.17026356,0.6443692
808748161,0.18258126,0.1660831,0.6513356
808796895,0.7105907,0.1274836,0.16192573
808819427,0.23885618,0.25613046,0.50501335
808840984,0.4571847,0.2914546,0.2513607
808843586,0.76093733,0.09031258,0.14875013
808873576,0.34344697,0.39384615,0.26270694
808887198,0.2623991,0.49763268,0.23996821
808909771,0.28963542,0.24291788,0.46744677
809311656,0.41998678,0.3197318,0.2602814
809592779,0.50127745,0.23996311,0.25875944
809686481,0.2677431,0.30972588,0.422531
809811084,0.29518688,0.35929415,0.34551895
809821657,0.71243334,0.13096751,0.15659921
809831413,0.27635145,0.3866309,0.33701774
809848307,0.13566579,0.708063,0.1562712
809857452,0.33526626,0.3738958,0.29083803
809865371,0.21328725,0.23456985,0.552143
809879359,0.5119168,0.27991113,0.20817205
810011185,0.27357388,0.39612255,0.33030352
810155745,0.581843,0.20227951,0.21587746
810224109,0.3142907,0.35308146,0.3326279
810246688,0.4195618,0.30998015,0.27045804
810365751,0.5962972,0.13859114,0.26511165
810453781,0.50019234,0.21335693,0.28645074
810664849,0.29767737,0.34189126,0.36043146
810709019,0.29770643,0.34697953,0.3553141
810820070,0.45206174,0.30986068,0.2380775
810865152,0.32551602,0.30058897,0.373895
810870247,0.40249136,0.2445834,0.35292527
810931083,0.32074693,0.40637705,0.27287608
810963872,0.094362155,0.09745298,0.80818486
811059639,0.46619248,0.28731,0.2464975
811110440,0.45730036,0.28531754,0.25738207
811144221,0.363644,0.30869278,0.32766318
811220596,0.43800285,0.3107995,0.25119758
811251686,0.35157833,0.33029434,0.31812736
811264514,0.43661287,0.29456973,0.26881742
811298875,0.33349276,0.19445506,0.47205225
811522991,0.30769038,0.3605413,0.3317684
811685968,0.2344043,0.458893,0.30670273
811700473,0.641522,0.14712386,0.21135418
812069136,0.6661338,0.16630499,0.1675612
812078962,0.25590816,0.41297916,0.33111262
812193570,0.20673205,0.23102723,0.56224066
812224393,0.2523457,0.30799752,0.43965682
812238034,0.77314943,0.07545647,0.15139414
812295397,0.36065578,0.32623062,0.3131136
812518689,0.35163474,0.34956452,0.29880077
812623432,0.44618562,0.280197,0.27361736
812646140,0.29318345,0.3980145,0.30880207
812682245,0.2684346,0.28579187,0.44577348
812704820,0.17805177,0.59874606,0.22320214
812768940,0.41827852,0.33009374,0.2516277
812788277,0.31982908,0.29943475,0.38073617
812801100,0.22447138,0.21112329,0.5644053
812843511,0.38767445,0.29560673,0.3167188
812881541,0.5479445,0.17230149,0.27975398
812944009,0.4014051,0.30916324,0.2894316
812946649,0.5040587,0.24897815,0.24696304
813027228,0.46405002,0.27956462,0.2563853
813215959,0.2210412,0.2287893,0.5501696
813338471,0.30228615,0.4050944,0.29261944
813380743,0.3235214,0.31454659,0.361932
813403967,0.32769677,0.36514178,0.3071615
813494037,0.68111145,0.12572287,0.19316575
813533484,0.29012975,0.36614498,0.34372526
813585561,0.13271993,0.14101234,0.7262678
813746242,0.33240235,0.3764318,0.2911658
813774582,0.17286956,0.5527028,0.27442768
813897782,0.07716262,0.82927245,0.09356496
813995981,0.27014214,0.32912436,0.40073353
814103826,0.35079587,0.3043975,0.3448067
814256860,0.26711062,0.22639224,0.50649714
814296308,0.27584565,0.2623318,0.46182257
814371356,0.42287362,0.3303452,0.24678114
814597946,0.69742256,0.11905656,0.18352085
814640937,0.31956336,0.36668646,0.3137502
814676121,0.35072637,0.33708233,0.31219128
814747273,0.414954,0.2587303,0.32631567
814794428,0.3392015,0.3099782,0.35082033
814860589,0.29070517,0.25225785,0.457037
814910645,0.802231,0.07797536,0.11979361
814990932,0.7805876,0.08792377,0.13148867
815019451,0.27196953,0.52865547,0.19937503
815069445,0.3386704,0.34075212,0.32057744
815079820,0.44240212,0.29446957,0.26312837
815140087,0.40204963,0.31469548,0.28325486
815172120,0.25691217,0.43591914,0.30716863
815192636,0.3477369,0.27606624,0.37619683
815196271,0.2952608,0.37301534,0.33172393
815210856,0.3429548,0.31569365,0.34135154
815240256,0.3743117,0.34501058,0.28067768
815416956,0.15275045,0.3834564,0.46379325
815509038,0.31502232,0.3612179,0.32375985
815575650,0.27270976,0.26179084,0.46549934
815617085,0.32616547,0.27595025,0.39788428
815631071,0.11111542,0.6995185,0.189366
815650367,0.44677576,0.33100775,0.22221646
815665272,0.21602459,0.25462702,0.52934843
815722806,0.39488345,0.31582925,0.28928727
815777812,0.3428119,0.27989164,0.3772965
815805978,0.37177107,0.31445917,0.31376982
815806044,0.45057127,0.29120624,0.2582224
815836742,0.5864339,0.1799951,0.23357105
815975513,0.58433425,0.20522588,0.21043989
816116403,0.22262223,0.26212108,0.51525676
816132492,0.34884316,0.3422629,0.3088939
816154039,0.13888608,0.6669625,0.19415143
816173320,0.5098696,0.22314103,0.2669894
816232616,0.2102104,0.50453794,0.28525168
816435104,0.309012,0.38210353,0.3088844
816446599,0.22442126,0.52747273,0.24810602
816523983,0.29148385,0.33449486,0.37402132
816553274,0.28266144,0.3892726,0.32806602
816749874,0.5513069,0.23047355,0.21821955
816757861,0.4965017,0.20134667,0.3021516
816779748,0.23448293,0.2635125,0.50200456
816801078,0.5249406,0.24339764,0.23166174
816932544,0.4680208,0.28658473,0.24539451
816949584,0.50199896,0.26495752,0.23304364
817021085,0.32558325,0.35574946,0.31866732
817052032,0.44850707,0.31208715,0.23940575
817134755,0.2014806,0.53482354,0.2636959
817173507,0.3913238,0.25872275,0.3499535
817206737,0.22100775,0.21055768,0.56843454
817304306,0.33412245,0.2844902,0.38138735
817371705,0.18714046,0.33844188,0.4744177
817484836,0.3132194,0.34892315,0.33785748
817487739,0.3041912,0.17356047,0.52224845
817503840,0.39599264,0.28497463,0.31903273
817713686,0.24527538,0.2863286,0.46839607
817839829,0.25835937,0.31448662,0.42715394
817961592,0.22207592,0.536161,0.24176306
817963737,0.25542906,0.46585855,0.2787124
818047101,0.10822513,0.09532135,0.79645354
818291895,0.114034116,0.100340426,0.7856254
818434771,0.29046503,0.22047508,0.48905993
818443610,0.4741824,0.16031906,0.3654986
818607766,0.1190506,0.10823804,0.77271146
818806853,0.24087833,0.2917654,0.46735618
818888212,0.56363493,0.21952981,0.21683532
818894452,0.26767343,0.45267758,0.27964893
819126961,0.22751631,0.45405382,0.31842992
819153545,0.350775,0.27855912,0.37066594
819156484,0.15827365,0.114791244,0.726935
819215281,0.3307171,0.29790336,0.37137964
819300485,0.23360555,0.26702496,0.4993696
819308821,0.5003922,0.28032348,0.21928427
819331488,0.24719685,0.35615104,0.3966521
819370039,0.39296663,0.30002004,0.3070133
819407019,0.107073925,0.7702523,0.12267385
819867609,0.19463518,0.6258944,0.1794704
819982972,0.6984561,0.14685698,0.15468694
820070283,0.26872095,0.2471959,0.48408315
820386908,0.32617784,0.33821976,0.33560246
820390098,0.38355592,0.3431572,0.27328688
820479975,0.15329751,0.6704647,0.17623779
820571253,0.23306747,0.20975335,0.5571792
820586237,0.63767684,0.16740316,0.1949201
820670200,0.48342678,0.26721895,0.24935424
820815172,0.3162261,0.36264837,0.32112554
820843048,0.5031916,0.2761092,0.22069927
820924695,0.26960582,0.46713445,0.26325968
821029719,0.18137516,0.5913366,0.22728819
821058180,0.3252182,0.31110185,0.36367998
821078326,0.32795,0.32436776,0.34768218
821169090,0.34142208,0.35063922,0.30793875
821210008,0.13128091,0.6951454,0.17357357
821239139,0.30561393,0.36953232,0.32485387
821263969,0.13451603,0.70727974,0.15820424
821387852,0.37923965,0.29947242,0.32128796
821421787,0.15273964,0.634275,0.21298537
821453155,0.22434512,0.46975172,0.30590323
821485264,0.39177537,0.34109816,0.2671265
821490952,0.5947151,0.19014248,0.21514246
821526584,0.37210754,0.35075915,0.27713332
821531369,0.56663597,0.2300999,0.20326418
821623140,0.37635097,0.32442948,0.29921955
821749576,0.3613061,0.34936637,0.28932753
821838932,0.38138095,0.2959697,0.32264933
821863835,0.33223346,0.3797289,0.28803772
822175390,0.3670619,0.3415581,0.29138
822184468,0.30325645,0.35194722,0.34479627
822233249,0.49786258,0.25033927,0.25179815
822273149,0.3562398,0.31181806,0.33194205
822275122,0.22799656,0.29276532,0.47923812
822325505,0.3293081,0.34506753,0.3256244
822444951,0.7048935,0.11282584,0.18228069
822471354,0.47444966,0.29414847,0.23140188
822597250,0.14423919,0.68090135,0.1748594
822606998,0.48638162,0.27568176,0.23793665
822609301,0.49687222,0.26788172,0.23524614
822690441,0.66538393,0.15262204,0.18199399
822696084,0.27998933,0.32215598,0.39785466
822716820,0.46287,0.29666328,0.24046671
822730342,0.3210482,0.19868149,0.4802704
822741216,0.6205726,0.16831537,0.21111195
822864146,0.12071927,0.10061438,0.7786664
822958728,0.56362146,0.14970875,0.28666976
822981816,0.19780469,0.1817468,0.6204485
823017940,0.21907221,0.4517728,0.32915488
823019712,0.18202458,0.5880209,0.22995454
823212361,0.33025557,0.22840612,0.44133836
823310658,0.20914157,0.19708301,0.59377545
823342203,0.4799657,0.28134963,0.23868468
823366502,0.2923127,0.315148,0.39253932
823387172,0.6421638,0.16299234,0.19484381
823518029,0.54519624,0.22863981,0.226164
823629892,0.24005504,0.5344107,0.22553422
823698486,0.092659965,0.085300244,0.8220398
823709331,0.15012014,0.17327073,0.6766091
823763694,0.2695587,0.27860153,0.45183977
823841545,0.38605523,0.35732695,0.25661784
823843297,0.16423513,0.17058864,0.6651762
823880359,0.2038496,0.1858925,0.61025786
823907567,0.3824228,0.36032343,0.2572537
824047175,0.7589505,0.10890022,0.13214934
824067423,0.21161577,0.3146705,0.47371367
824150097,0.38925308,0.32970607,0.28104085
824160291,0.23724043,0.45914617,0.3036133
824224006,0.21265233,0.55105996,0.23628782
824392303,0.16138832,0.5455753,0.2930363
824445276,0.16853978,0.57165736,0.25980282
824453068,0.3126604,0.46807328,0.2192663
824482237,0.20816293,0.18516767,0.60666937
824538051,0.12157471,0.104024604,0.7744007
824539834,0.098204605,0.0825772,0.81921816
824644839,0.41215885,0.30172855,0.28611258
824783547,0.08766105,0.8028399,0.10949908
824819740,0.11353996,0.75559664,0.13086349
824847825,0.33923063,0.28573707,0.3750323
824999004,0.42286977,0.2839512,0.29317904
825004996,0.43118343,0.2889461,0.27987054
825074528,0.3245093,0.44362152,0.23186924
825088230,0.27173874,0.30123526,0.427026
825150631,0.5018529,0.26959568,0.22855133
825151456,0.41935462,0.2734688,0.30717656
825163139,0.17131531,0.16067865,0.668006
825169700,0.31980747,0.3089035,0.3712891
825183241,0.4826266,0.25932097,0.2580524
825206428,0.21041737,0.20112489,0.58845776
825281900,0.41152403,0.3454795,0.2429965
825294402,0.45110554,0.33609724,0.21279721
825299242,0.30652252,0.4559833,0.2374942
825383706,0.10830543,0.7526126,0.13908195
825396381,0.4152775,0.26858708,0.3161354
825406291,0.5016055,0.2515046,0.24688989
825737897,0.3849727,0.34636632,0.26866102
825757307,0.30948618,0.37444142,0.31607231
825768209,0.22250374,0.55539215,0.22210413
825877654,0.10271904,0.77646565,0.12081532
826081552,0.12669815,0.7282095,0.14509238
826094703,0.22499286,0.53135777,0.24364941
826188782,0.088794366,0.08091952,0.8302861
826200682,0.5122324,0.2561457,0.23162186
826290158,0.37732983,0.3240348,0.29863533
826328329,0.12461393,0.73246974,0.1429164
826445353,0.2872585,0.28163034,0.43111113
826476525,0.78119844,0.09754635,0.12125525
826523466,0.30179346,0.3606687,0.33753777
826537098,0.50512207,0.25381133,0.24106659
826608671,0.357897,0.32631958,0.31578344
826614517,0.2038129,0.60498613,0.19120093
826615908,0.2916188,0.40793675,0.3004445
826659394,0.25460362,0.25605342,0.48934293
826765440,0.18643463,0.20514964,0.6084157
826836915,0.28110614,0.45986503,0.25902885
826902668,0.49395683,0.27008277,0.23596044
826903770,0.25891933,0.42065534,0.3204253
826981256,0.33931148,0.34157717,0.31911132
827234731,0.36671782,0.3208745,0.3124076
827267082,0.77572805,0.10200672,0.122265235
827314675,0.2726443,0.35843697,0.36891872
827375878,0.3113083,0.35113403,0.33755776
827522164,0.39337918,0.34183642,0.26478443
827768907,0.22442225,0.5388802,0.23669757
827789664,0.3076875,0.35198075,0.34033185
828043736,0.7793118,0.096987955,0.12370028
828115427,0.23814715,0.38100746,0.3808453
828257823,0.37521708,0.31095007,0.31383282
828370198,0.283756,0.38466606,0.33157793
828389765,0.532122,0.25535607,0.21252185
828422521,0.47054294,0.24398735,0.2854697
828451747,0.5417556,0.25433043,0.20391394
828552753,0.33081946,0.34512585,0.32405478
828565283,0.34118685,0.31920865,0.3396045
828630149,0.31968647,0.34595275,0.33436084
828695300,0.25323352,0.4765178,0.2702486
828788900,0.18689355,0.5968788,0.21622767
828812677,0.6916874,0.12641694,0.18189563
828828289,0.49570608,0.2562633,0.24803065
828984250,0.25108933,0.40596303,0.3429477
828989142,0.44684926,0.28742948,0.26572132
829090964,0.20968676,0.18791687,0.6023963
829200993,0.37582022,0.29743966,0.32674006
829239840,0.25347435,0.37820736,0.3683183
829247225,0.17439568,0.17959738,0.64600694
829253769,0.51391953,0.23980208,0.24627839
829296742,0.27826226,0.28990674,0.43183103
829339695,0.70684016,0.12262423,0.17053556
829439298,0.27548167,0.31170663,0.41281164
829476992,0.3503242,0.40465927,0.24501646
829570766,0.37834406,0.3368646,0.28479135
829670977,0.095148996,0.1012473,0.8036037
829779419,0.34800684,0.3221085,0.32988468
829993431,0.46925646,0.23834084,0.29240268
830083779,0.26450452,0.4766563,0.25883925
830414375,0.44652444,0.28882605,0.2646495
830442233,0.37942842,0.33180487,0.28876683
830444762,0.33979112,0.2490747,0.4111342
830502800,0.20726995,0.46984047,0.32288957
830517797,0.27146104,0.4293999,0.29913902
830535934,0.2951743,0.48494524,0.2198805
830625399,0.49032003,0.25631478,0.25336516
830626466,0.1459785,0.15145162,0.70256984
830647456,0.22979939,0.21843863,0.55176204
830788610,0.36404973,0.3020865,0.33386374
830792770,0.08760483,0.7729013,0.13949378
830895804,0.28823465,0.36647364,0.34529176
831081753,0.39890236,0.29491943,0.30617818
831167918,0.271269,0.2786025,0.4501285
831176877,0.17763342,0.12128178,0.7010848
831393616,0.3300128,0.39863697,0.27135026
831417726,0.35104543,0.4154434,0.23351116
831522627,0.5658949,0.22906525,0.20503978
831596017,0.4076705,0.32489023,0.26743925
831606558,0.5412358,0.25180838,0.20695585
831606738,0.35548678,0.38804168,0.25647154
831611698,0.2535576,0.48367894,0.2627635
831614827,0.30798972,0.2649258,0.42708445
831710692,0.18167843,0.57023835,0.2480832
831778902,0.3190311,0.41828293,0.26268592
831831838,0.3456988,0.4178913,0.23640981
831856317,0.28564194,0.23360996,0.48074803
831890429,0.43788972,0.28127363,0.28083667
831914526,0.20871796,0.55691844,0.23436359
832033816,0.47225517,0.2758023,0.25194257
832051895,0.29812258,0.37166545,0.3302119
832089110,0.2375616,0.25638202,0.50605637
832141352,0.31353197,0.40418893,0.2822791
832178718,0.37774184,0.28508604,0.33717212
832276412,0.7702691,0.10842753,0.121303335
832359344,0.19312875,0.20162952,0.60524184
832403105,0.37779745,0.3583904,0.26381215
832453013,0.2731432,0.44649002,0.28036672
832472146,0.4596955,0.28759322,0.25271127
832538452,0.28071052,0.25127113,0.46801832
832570965,0.1876285,0.3004851,0.51188636
832736097,0.2465377,0.30665457,0.44680768
832776223,0.46379498,0.27308005,0.26312497
832834015,0.10141039,0.09335385,0.80523574
832861356,0.37495044,0.3367747,0.28827485
832879519,0.18443586,0.1892344,0.6263298
832883728,0.20100029,0.49727038,0.30172932
832983100,0.2593899,0.18635285,0.55425733
832993184,0.14579095,0.17672,0.67748904
833019307,0.5801331,0.18575667,0.23411025
833190748,0.48826686,0.26715532,0.24457777
833402221,0.36804965,0.34832203,0.2836284
833434773,0.34913105,0.33110315,0.31976584
833451043,0.2509725,0.28282025,0.46620715
833583456,0.63463426,0.17439686,0.19096883
833599586,0.3916534,0.34680933,0.26153725
833616571,0.3582684,0.33584705,0.3058846
833732643,0.22104743,0.5053222,0.27363026
833762488,0.22975115,0.34559882,0.42464998
834159461,0.23982944,0.3609683,0.39920226
834200298,0.20243643,0.21740316,0.5801603
834265074,0.31461343,0.3305747,0.35481185
834307597,0.5602787,0.20671733,0.23300403
834336581,0.42591816,0.27561098,0.29847088
834351766,0.16228437,0.60792106,0.22979452
834417919,0.27672693,0.3723553,0.35091782
834426069,0.2355811,0.4184538,0.34596512
834652342,0.2737544,0.47534245,0.2509032
834664688,0.19042592,0.17607722,0.6334969
834686163,0.33133522,0.33734438,0.33132038
834765134,0.2793204,0.3021831,0.4184965
834832857,0.13896862,0.1244154,0.73661596
834953516,0.35617477,0.34273162,0.30109364
834960909,0.43804458,0.326169,0.23578641
835133821,0.25895762,0.31381637,0.427226
835146954,0.32692903,0.37124416,0.30182678
835203841,0.3637143,0.34126437,0.29502136
835209846,0.70303345,0.13990049,0.15706606
835283389,0.42544678,0.31568238,0.2588709
835335320,0.3328254,0.3020149,0.36515972
835588426,0.34557626,0.37590578,0.27851805
835604446,0.5068651,0.22950277,0.26363212
835667352,0.34614557,0.37852475,0.2753297
835782716,0.34933695,0.36247602,0.28818706
835838908,0.18527137,0.21290198,0.6018266
836181707,0.13046098,0.70906633,0.16047268
836223002,0.39160278,0.3460973,0.2622999
836267605,0.22245601,0.5521187,0.22542529
836314882,0.21798155,0.4827902,0.29922828
836453240,0.40917927,0.2620738,0.32874689
836460039,0.34663934,0.35168198,0.30167875
836468129,0.373717,0.30814028,0.31814274
836567075,0.28811792,0.35579112,0.35609093
836671415,0.3102023,0.31065276,0.379145
836802513,0.5823825,0.14610088,0.2715166
836898557,0.17857926,0.16549447,0.65592617
836952406,0.34909198,0.38000613,0.27090192
837003264,0.66245055,0.15248722,0.1850622
837095892,0.47968304,0.28145686,0.23886009
837127361,0.42020035,0.3514712,0.2283285
837248748,0.40506166,0.32878223,0.26615617
837300328,0.55268073,0.2313346,0.21598469
837311860,0.54664946,0.20434536,0.24900512
837331515,0.13327336,0.6785984,0.18812823
837349204,0.1681937,0.6241254,0.20768076
837404800,0.4443583,0.3151552,0.24048656
837525916,0.14920236,0.65910476,0.19169295
837616963,0.5303176,0.20401831,0.2656642
837814911,0.2329198,0.28089905,0.48618117
837878626,0.20420796,0.20169953,0.5940925
837952805,0.3596671,0.4042941,0.23603876
838233179,0.38285127,0.3317252,0.2854236
838334889,0.49930865,0.28892478,0.21176651
838344953,0.6201245,0.19045298,0.1894225
838378985,0.2998347,0.45899072,0.2411746
838489185,0.085521705,0.078199156,0.8362791
838492750,0.17678262,0.5388421,0.2843753
838612312,0.30243507,0.3074373,0.3901276
838719756,0.40094426,0.32219735,0.27685845
838737284,0.5520897,0.21942072,0.22848961
838740162,0.06541767,0.8480507,0.086531654
838750137,0.61012095,0.20262675,0.18725224
838781303,0.24105597,0.303147,0.455797
838895796,0.56851214,0.20667565,0.22481221
838940922,0.29584193,0.35253063,0.3516275
838970803,0.24892241,0.31817698,0.4329006
839118228,0.42500392,0.24819557,0.32680055
839401072,0.088710845,0.09649681,0.81479234
839441781,0.19192258,0.5944393,0.21363804
839449645,0.115516566,0.7450465,0.13943699
839470040,0.57383025,0.13814496,0.2880248
839516267,0.6200589,0.19828865,0.1816525
839586425,0.31612492,0.3460859,0.33778915
839591471,0.47384757,0.2839678,0.2421846
839632601,0.3014345,0.27389935,0.4246662
839662237,0.35441777,0.34632248,0.2992597
839700082,0.2738838,0.26731998,0.4587962
839725277,0.49656484,0.24089661,0.26253846
839744377,0.62356555,0.19377576,0.1826587
839888009,0.10641815,0.7638549,0.12972698
839950707,0.29033098,0.43789265,0.27177632
840062279,0.50810623,0.2523126,0.23958112
840074074,0.30246726,0.35455966,0.34297305
840112419,0.13812904,0.6745576,0.1873133
840114905,0.23475921,0.4405307,0.3247102
840122209,0.2387539,0.4387652,0.32248086
840211046,0.4163399,0.3389147,0.24474533
840301751,0.16889395,0.6121244,0.21898164
840632522,0.3279611,0.28207967,0.3899592
840772223,0.40436918,0.32314476,0.27248606
841063620,0.15658556,0.14631212,0.69710237
841124372,0.39593038,0.19451006,0.4095596
841186724,0.7392478,0.09029656,0.17045562
841223624,0.54097164,0.22923928,0.22978912
841330805,0.26688394,0.3666731,0.36644295
841366889,0.49357703,0.24931459,0.25710836
841479690,0.11146553,0.77130914,0.11722528
841579731,0.34122276,0.23954807,0.41922918
841592667,0.49654397,0.27242756,0.23102838
841595438,0.6591846,0.15006766,0.19074777
841681293,0.122737035,0.73225063,0.1450124
841737047,0.32498443,0.25871187,0.41630366
841820089,0.37921312,0.39424822,0.22653869
841870583,0.4016466,0.22813134,0.3702221
841890461,0.3190567,0.33764368,0.34329963
841950352,0.21655445,0.3386205,0.44482505
841994130,0.35870904,0.35710353,0.28418747
842010499,0.36624628,0.30632526,0.32742846
842027995,0.34234688,0.3570981,0.300555
842084708,0.2502112,0.40932092,0.34046784
842116015,0.20130928,0.56227195,0.2364188
842154946,0.6200994,0.18322133,0.1966792
842309291,0.28688946,0.25252855,0.46058196
842532269,0.37455568,0.3558331,0.26961124
842567347,0.27224097,0.40108317,0.3266759
842654057,0.2721339,0.31950366,0.4083624
842726511,0.53515863,0.24946591,0.21537548
842750963,0.56137186,0.22368696,0.2149411
843109668,0.2497321,0.49012363,0.26014423
843279115,0.23629794,0.4785738,0.28512833
843302039,0.30866638,0.36016083,0.33117282
843334337,0.30381572,0.28883937,0.40734488
843344596,0.3270412,0.35443187,0.31852686
843375252,0.7171333,0.10135886,0.18150786
843430239,0.30168357,0.3952759,0.3030406
843445922,0.5788792,0.17496149,0.24615929
843690478,0.37510633,0.37346563,0.25142807
843780384,0.3667199,0.325505,0.30777505
843968235,0.1998178,0.20230559,0.5978766
843990056,0.12217719,0.11228582,0.765537
844106666,0.37596256,0.34970155,0.27433586
844198553,0.3680162,0.292146,0.33983776
844272420,0.28886145,0.2963869,0.41475168
844342438,0.13848661,0.12569682,0.73581654
844357310,0.25017825,0.19964102,0.55018073
844435628,0.41528305,0.33644006,0.24827689
844604674,0.56461245,0.22721003,0.20817752
844672212,0.3015181,0.43306154,0.26542032
844832798,0.26360875,0.37979403,0.35659727
844970664,0.4373183,0.3035173,0.25916433
845045962,0.10070873,0.76384836,0.13544294
845048452,0.3660435,0.3442732,0.28968328
845136322,0.42792568,0.3016512,0.27042314
845154920,0.41458407,0.3457817,0.23963417
845234562,0.21220167,0.29591367,0.49188474
845237690,0.42473552,0.3365994,0.23866504
845265580,0.35617283,0.33612773,0.30769947
845400567,0.12941237,0.12297749,0.74761015
845406925,0.3518249,0.22577716,0.422398
845881926,0.5455634,0.23654515,0.21789144
845990645,0.389432,0.3557486,0.25481933
845993694,0.1810161,0.117298834,0.7016851
846143820,0.45515797,0.27329296,0.27154905
846154185,0.39677367,0.30012134,0.30310497
846168965,0.21778515,0.2150696,0.5671452
846198631,0.3653579,0.3912608,0.24338138
846202143,0.08853099,0.79891336,0.112555645
846494580,0.42299277,0.2341779,0.3428293
846502146,0.40703133,0.30456966,0.28839904
846523116,0.102252476,0.09132999,0.8064176
846586663,0.3704631,0.3487257,0.28081122
846600696,0.39996558,0.3395933,0.2604411
846742916,0.43378523,0.32281306,0.2434017
846757469,0.43527177,0.31956527,0.24516296
846788192,0.29209557,0.3769142,0.33099023
846902518,0.3177457,0.3690192,0.31323522
846933738,0.5444177,0.22202665,0.23355559
846962401,0.35684687,0.23765102,0.40550205
847097167,0.3235173,0.35421053,0.32227212
847234925,0.454864,0.2743771,0.2707589
847259050,0.48771667,0.2648534,0.24742985
847351627,0.38248643,0.2639999,0.35351366
847634904,0.5817613,0.16921805,0.24902068
847639954,0.15682423,0.15215422,0.6910215
847714693,0.4024982,0.34486398,0.2526378
847719383,0.12805903,0.719708,0.15223296
847866217,0.26444155,0.41202626,0.32353222
847978890,0.45970073,0.2734667,0.26683256
848018573,0.45996732,0.27159202,0.26844066
848149738,0.414165,0.32935205,0.25648293
848182145,0.52231383,0.2545075,0.2231786
848222707,0.10053148,0.7811057,0.11836279
848298774,0.7567962,0.09900321,0.14420064
848317770,0.255386,0.350898,0.393716
848396847,0.40997058,0.22070098,0.36932847
848425453,0.43549788,0.23934647,0.32515565
848458831,0.20938665,0.5269343,0.263679
848491376,0.35055545,0.35727596,0.29216856
848548938,0.6159781,0.1929022,0.19111967
848561298,0.32838178,0.361527,0.31009123
848698032,0.2579926,0.45099205,0.2910154
848913021,0.40399697,0.30723116,0.28877187
849169182,0.33178297,0.38796467,0.28025228
849212621,0.22364374,0.23375493,0.5426013
849214417,0.22906782,0.25710467,0.5138275
849346856,0.1527678,0.68499744,0.16223475
849392073,0.3499679,0.35668358,0.29334855
849450351,0.34775245,0.39563695,0.25661063
849463785,0.18557546,0.63316655,0.18125804
849476077,0.20069572,0.22120528,0.5780991
849499659,0.1331425,0.120923504,0.745934
849503286,0.10723402,0.11205295,0.78071296
849544505,0.3842489,0.30263063,0.31312048
849751541,0.26828313,0.42646313,0.3052538
849755318,0.3338413,0.3530406,0.31311813
849773595,0.54462487,0.20743485,0.24794029
849872274,0.53449416,0.190416,0.2750899
849890960,0.45836627,0.27227408,0.26935965
849944072,0.67041266,0.16175215,0.16783527
849949482,0.7374855,0.10783421,0.15468024
850002171,0.10956872,0.7524062,0.1380251
850049946,0.29739168,0.33668193,0.36592636
850140804,0.23871094,0.49924096,0.2620481
850175845,0.34060162,0.36686912,0.29252923
850179141,0.42227986,0.25985834,0.3178618
850221446,0.17536892,0.5960289,0.2286022
850237855,0.29058123,0.308072,0.4013468
850529512,0.3477369,0.27606624,0.37619683
850533312,0.112614855,0.73391783,0.15346736
850583023,0.19513744,0.5985524,0.20631012
850637179,0.31610703,0.42113274,0.2627602
851001172,0.72540736,0.12190894,0.1526836
851016054,0.3463163,0.3206432,0.3330405
851033521,0.19868249,0.24264102,0.5586765
851065007,0.36401075,0.26199052,0.37399867
851072737,0.30030465,0.32656646,0.37312892
851192451,0.18677457,0.17494585,0.6382796
851235384,0.2795201,0.21091245,0.5095675
851389598,0.33311206,0.37305987,0.29382816
851437941,0.41193917,0.30802417,0.28003663
851453505,0.36506602,0.29680914,0.3381249
851589017,0.61976886,0.18724124,0.19298996
851605286,0.53615457,0.23916891,0.22467658
851694387,0.68565625,0.13376392,0.1805798
851719010,0.33443296,0.29849726,0.36706975
851741966,0.41754293,0.30339795,0.27905905
851749100,0.30956933,0.37648627,0.31394443
851772271,0.092400655,0.798592,0.10900743
851776254,0.35862136,0.36310014,0.2782786
851837863,0.15000232,0.6399792,0.2100184
851872472,0.5400342,0.234802,0.22516382
852003518,0.1306363,0.13701463,0.7323491
852037517,0.34958917,0.36354017,0.2868706
852081621,0.38230655,0.32369187,0.29400155
852153394,0.57902735,0.21521515,0.20575753
852166977,0.12965555,0.1155031,0.7548414
852199251,0.29529426,0.45630953,0.24839632
852375161,0.0857372,0.80330825,0.110954605
852502512,0.4727002,0.29607123,0.2312285
852560879,0.24596329,0.323888,0.43014866
852714589,0.44790855,0.24969025,0.30240116
852732787,0.38432708,0.36923343,0.24643949
852746279,0.5292788,0.25284153,0.21787961
852751257,0.29765028,0.34690535,0.35544437
852769619,0.25523487,0.3551624,0.38960275
852806371,0.2556108,0.37220365,0.37218556
852856601,0.32011402,0.25552878,0.4243571
853022754,0.7656276,0.09172091,0.14265148
853085026,0.17965691,0.2315096,0.58883345
853215317,0.3002547,0.44595098,0.25379434
853293649,0.13047871,0.7054845,0.16403678
853500653,0.6113882,0.20151006,0.18710175
853545354,0.34205607,0.34026295,0.31768098
853547727,0.27721095,0.3436918,0.37909725
853649431,0.16618086,0.6658565,0.16796267
853774565,0.22951464,0.49010947,0.28037578
853889656,0.5009041,0.18046685,0.31862903
854010555,0.47626755,0.30307204,0.22066045
854022440,0.4950623,0.238967,0.2659707
854039698,0.17763394,0.61818326,0.2041829
854078055,0.3881934,0.3308026,0.28100398
854097901,0.62779695,0.20045657,0.17174649
854113448,0.32107133,0.35391015,0.32501847
854204789,0.3908578,0.32514542,0.28399676
854225728,0.35620144,0.3363264,0.3074721
854248063,0.6143329,0.19551724,0.19014977
854326728,0.4163679,0.2958528,0.2877793
854416810,0.34455836,0.376956,0.27848572
854418281,0.19048522,0.6153556,0.19415917
854443148,0.22491989,0.2787213,0.49635875
854455679,0.399047,0.31479564,0.28615737
854466301,0.5743247,0.20635906,0.21931617
854620291,0.25145987,0.29559183,0.45294836
854672366,0.34089607,0.30655107,0.35255292
854733088,0.29082158,0.3242939,0.3848845
854836773,0.30690286,0.38067526,0.3124219
854836814,0.2135222,0.5447742,0.24170358
854877526,0.25684586,0.53227156,0.21088251
854894312,0.3772216,0.27353612,0.34924233
854944501,0.36971006,0.27131885,0.35897112
855021882,0.40948096,0.26580763,0.3247114
855087394,0.2523607,0.23985104,0.50778824
855290034,0.3094314,0.42183116,0.26873744
855331520,0.33173698,0.33500418,0.3332588
855346087,0.18344772,0.19364093,0.6229113
855357174,0.34670243,0.40548426,0.24781328
855729587,0.34582245,0.3044082,0.34976932
855953089,0.41512454,0.32653812,0.2583374
856021577,0.27135593,0.41262862,0.31601545
856286322,0.3547779,0.32711494,0.31810716
856337886,0.23546477,0.37824246,0.38629282
856394785,0.5529016,0.23281775,0.21428066
856500016,0.39349815,0.3052333,0.30126855
856535569,0.4584952,0.29241416,0.2490907
856600669,0.2893668,0.4119834,0.29864988
856708161,0.38400218,0.35342103,0.26257682
856798972,0.35387102,0.2517748,0.39435425
856932157,0.540172,0.19619201,0.263636
856991167,0.4653995,0.29557183,0.23902874
857021576,0.24245335,0.21170972,0.54583687
857043093,0.42787233,0.33541885,0.23670886
857109430,0.510856,0.25020918,0.23893484
857268479,0.18466803,0.6271928,0.18813917
857402191,0.16947372,0.14058775,0.68993855
857416908,0.39865732,0.32581115,0.27553153
857441741,0.30232465,0.27609062,0.42158478
857543988,0.28833255,0.37963927,0.33202812
857693972,0.3808598,0.28840974,0.3307305
857703939,0.35472152,0.3603099,0.28496867
857883885,0.34162015,0.3140553,0.34432447
857917077,0.3555925,0.33094984,0.31345767
857941097,0.26922745,0.34510615,0.38566643
858101086,0.2770561,0.35355982,0.36938414
858258880,0.42212033,0.2862018,0.29167783
858278305,0.42153117,0.2878877,0.2905811
858353770,0.54471886,0.23535022,0.219931
858371628,0.09880761,0.0884774,0.81271493
858386083,0.49417117,0.26821175,0.23761706
858515772,0.4943568,0.2713601,0.2342831
858645798,0.19361869,0.19465551,0.61172587
858741775,0.10561066,0.10066556,0.7937239
858844108,0.27381572,0.43084025,0.29534397
858936913,0.23083462,0.3725728,0.39659262
858974775,0.225216,0.49780607,0.27697784
859060354,0.37028944,0.31341693,0.31629363
859121706,0.5357804,0.23563302,0.22858666
859177449,0.2513485,0.25330165,0.4953499
859368732,0.22430469,0.284433,0.4912623
859430593,0.33325773,0.3509713,0.315771
859537843,0.5722118,0.20039044,0.22739771
859655510,0.23200698,0.44771168,0.32028133
859669938,0.39105365,0.3004757,0.30847073
859670210,0.46950403,0.2493426,0.28115335
859746290,0.5088123,0.21472837,0.27645937
859758214,0.5193461,0.24502644,0.23562741
859860391,0.6199518,0.18235977,0.19768843
859863018,0.3405377,0.3696238,0.28983855
859906075,0.25769123,0.23689476,0.50541407
860087617,0.20456931,0.5463324,0.24909826
860154361,0.27549556,0.47189853,0.25260594
860172464,0.23218106,0.52857304,0.23924595
860211596,0.25959742,0.41535583,0.32504666
860275990,0.7827112,0.08428094,0.13300787
860374604,0.2998775,0.3295181,0.37060446
860437326,0.09456571,0.09084869,0.8145857
860474888,0.21472114,0.5507509,0.23452795
860477628,0.7913817,0.08434918,0.12426917
860641627,0.46363053,0.29952884,0.2368406
860670411,0.32541934,0.34021497,0.3343658
860682541,0.24591345,0.4819075,0.27217904
860712494,0.46571475,0.2830328,0.25125238
860722362,0.1032305,0.76735276,0.12941682
860798511,0.5930078,0.20806469,0.19892752
860810269,0.23880905,0.22454402,0.53664696
860825645,0.3088714,0.35057563,0.340553
860898552,0.35631293,0.3638991,0.2797879
860935837,0.118687436,0.10134658,0.77996606
860941595,0.35617337,0.2958505,0.3479761
861130255,0.33276418,0.36880487,0.29843092
861197023,0.47033742,0.29326552,0.23639706
861337735,0.12880535,0.7273602,0.14383446
861361646,0.49478894,0.2371841,0.268027
861507153,0.23353127,0.4618577,0.30461103
861660085,0.5222672,0.23596844,0.24176429
861812344,0.55604625,0.18864632,0.25530744
861818977,0.23355441,0.23766789,0.52877766
861864154,0.29681584,0.42317218,0.28001198
861888886,0.31931996,0.40342724,0.27725282
861935708,0.56349856,0.22827804,0.2082234
862025336,0.18789665,0.6039325,0.20817088
862065873,0.59689265,0.19728938,0.2058179
862108165,0.22992298,0.53260106,0.23747602
862181484,0.4072192,0.30382553,0.28895527
862357408,0.27875224,0.2634015,0.4578463
862488948,0.2818491,0.34967655,0.36847433
862660514,0.2221802,0.56093985,0.21687996
862855891,0.121704385,0.10749827,0.7707973
862875060,0.23119633,0.52095056,0.24785309
862983498,0.16932425,0.15499035,0.6756854
862998765,0.16192313,0.6451909,0.19288605
863373115,0.7349916,0.10353791,0.16147047
863661312,0.4325724,0.27161708,0.2958105
863728244,0.26804784,0.44738746,0.28456458
863784902,0.22638167,0.47593448,0.2976838
863801690,0.18267095,0.61604345,0.2012856
863990513,0.39097524,0.34113893,0.26788586
864032536,0.3705328,0.30080053,0.32866663
864122543,0.74569315,0.0901998,0.16410707
864123581,0.1305344,0.15413646,0.7153292
864133230,0.29049596,0.3808892,0.32861483
864141600,0.3231735,0.40786824,0.26895833
864176309,0.44988033,0.25605935,0.29406035
864254750,0.20566717,0.27021033,0.5241226
864374983,0.19743448,0.30390763,0.4986579
864574415,0.499348,0.2839516,0.21670035
864584149,0.21205299,0.21336575,0.5745813
864757035,0.058386765,0.05767369,0.8839395
864780792,0.35502055,0.35259697,0.29238254
864816957,0.42415437,0.30005914,0.2757865
864872393,0.2829262,0.42331043,0.29376337
865076591,0.41554597,0.31788355,0.2665705
865289743,0.23075122,0.5568774,0.21237136
865433271,0.47837207,0.2628733,0.25875464
865466460,0.25612646,0.46425942,0.2796141
865468193,0.21902621,0.2963678,0.48460603
865558089,0.4077316,0.23516975,0.35709855
865568768,0.41732278,0.34058982,0.24208735
865766846,0.09726069,0.75651014,0.14622925
865805025,0.14169554,0.68919325,0.16911127
865809550,0.37178707,0.35634765,0.27186534
865873332,0.5104063,0.26591435,0.22367935
865944940,0.6072001,0.1962233,0.19657658
865960378,0.24008857,0.444016,0.31589538
866070223,0.44487682,0.30966434,0.24545886
866140390,0.3235009,0.33049423,0.3460049
866171894,0.30177623,0.32078597,0.37743777
866258426,0.25566697,0.41859496,0.32573807
866265313,0.2334925,0.22058609,0.5459214
866370854,0.80953044,0.08039524,0.11007424
866439769,0.27071866,0.24334845,0.48593295
866468089,0.33608142,0.36738566,0.29653287
866492806,0.42540053,0.31002846,0.26457107
866578786,0.07711699,0.8240302,0.09885279
866660783,0.24104603,0.20633177,0.5526222
866790815,0.2305868,0.26262006,0.5067931
866976145,0.41518128,0.28440514,0.30041367
867094927,0.49625692,0.17224275,0.33150038
867268041,0.49438024,0.27252513,0.23309472
867270727,0.17395763,0.18779474,0.6382476
867314448,0.34178466,0.3512519,0.30696335
867431592,0.28856856,0.40228733,0.30914417
867505618,0.33942002,0.37067652,0.28990352
867508149,0.19786885,0.5945234,0.20760775
867638063,0.29928336,0.35977295,0.34094366
867680273,0.36191586,0.30039066,0.33769348
867727601,0.42109352,0.31885916,0.26004738
867741996,0.6439918,0.17956224,0.17644595
867788044,0.33675176,0.35303617,0.31021205
867804380,0.25425032,0.36866271,0.377087
867836509,0.1509151,0.6802037,0.16888121
868138944,0.3255327,0.2793206,0.3951467
868183636,0.3480786,0.39740473,0.25451666
868306402,0.37742466,0.28269863,0.33987674
868357091,0.19294661,0.35907546,0.44797793
868418350,0.47398022,0.29116845,0.23485138
868502776,0.5399045,0.25562257,0.20447291
868634213,0.06298205,0.8338668,0.10315115
868637515,0.12510496,0.10860186,0.7662932
868760386,0.1776377,0.5678519,0.2545104
869028273,0.32656595,0.3041229,0.36931115
869098038,0.76713526,0.09122857,0.14163624
869143272,0.44312012,0.31077522,0.24610467
869162108,0.1280632,0.20315933,0.66877747
869604319,0.3900725,0.33335742,0.27657008
869691985,0.36271098,0.31242535,0.3248636
869915555,0.21402293,0.3557367,0.43024036
870069737,0.30660528,0.33589748,0.35749727
870084599,0.3329694,0.34923378,0.31779686
870101120,0.34420282,0.34664065,0.3091565
870120653,0.22766836,0.45680127,0.31553036
870172212,0.39750358,0.32298458,0.2795119
870332680,0.37360245,0.30470994,0.32168758
870476934,0.5020206,0.17209826,0.32588115
870504566,0.19500226,0.6418377,0.16316001
870685438,0.16808815,0.15719728,0.67471457
870804480,0.32791418,0.3457402,0.32634565
870814389,0.3133381,0.2924845,0.39417744
870836568,0.21171692,0.32708263,0.4612005
870871610,0.18153512,0.18969864,0.6287663
870969133,0.0711187,0.82738423,0.101497084
870988150,0.42543718,0.32506904,0.24949372
871064588,0.11508489,0.10599286,0.7789222
871068023,0.37100077,0.3450286,0.28397062
871166543,0.43096584,0.26263678,0.30639735
871227844,0.23007903,0.5296615,0.24025957
871322412,0.49041647,0.2866559,0.22292757
871371197,0.4395451,0.29187176,0.26858318
871382642,0.34283754,0.34078017,0.3163823
871497817,0.5372098,0.23744398,0.2253462
871526026,0.39566845,0.3034673,0.30086422
871667245,0.6976962,0.14098163,0.16132213
871687920,0.357231,0.30091864,0.34185043
871754751,0.44618186,0.2754259,0.2783922
871977565,0.5550003,0.24462673,0.20037292
872056967,0.4668399,0.28799003,0.24517007
872204452,0.63251084,0.1809282,0.18656099
872216528,0.38637906,0.34491068,0.26871032
872310352,0.47938997,0.21640213,0.30420792
872325780,0.27701584,0.33838168,0.3846025
872340651,0.35823095,0.33534,0.30642906
872363636,0.5401268,0.24124038,0.21863283
872382018,0.24867344,0.46450207,0.2868245
872401495,0.34206587,0.2655407,0.39239347
872433537,0.43434697,0.3101516,0.25550142
872443680,0.18248992,0.16366507,0.653845
872455587,0.06798984,0.8372597,0.09475044
872457280,0.277467,0.40184826,0.32068473
872539516,0.68130285,0.15543936,0.1632578
872561004,0.3209936,0.37202471,0.30698177
872576021,0.13503507,0.7138964,0.15106854
872658612,0.31674954,0.32641694,0.35683352
872659329,0.23910496,0.23426624,0.5266288
872856846,0.5256558,0.21219261,0.26215154
872974028,0.3303158,0.33649263,0.3331915
873036866,0.2685654,0.2975109,0.43392375
873039174,0.36176112,0.3566308,0.28160813
873040714,0.44244167,0.27772826,0.27983013
873215218,0.10861145,0.09814728,0.79324126
873245293,0.3162351,0.32180542,0.36195943
873259959,0.7882134,0.08688499,0.124901585
873278433,0.4512848,0.29010257,0.2586126
873358653,0.2522107,0.26718655,0.4806027
873418991,0.3407804,0.40637028,0.2528493
873442761,0.24790666,0.44041947,0.31167388
873443158,0.48955426,0.26213437,0.2483114
873618455,0.7383202,0.09680918,0.16487059
873618549,0.31552678,0.37200388,0.31246936
873636186,0.4809127,0.24152502,0.2775623
873642239,0.39056063,0.2925886,0.31685078
873701963,0.33085957,0.35010552,0.3190349
873729517,0.317216,0.33497125,0.34781274
873826859,0.48013133,0.2810886,0.23878008
873967339,0.505392,0.24058375,0.2540242
874185487,0.3409551,0.30513316,0.3539118
874211655,0.114980385,0.7531918,0.13182779
874244917,0.6673609,0.15838842,0.17425068
874273480,0.143646,0.6685122,0.18784171
874410908,0.20472294,0.4402622,0.3550149
874473627,0.1529148,0.67251,0.1745752
874510402,0.18805453,0.20001446,0.6119311
874567364,0.40848857,0.3663368,0.22517459
874786880,0.341579,0.30392936,0.3544916
874843130,0.13262208,0.13366927,0.7337087
874911504,0.31199178,0.43617526,0.25183293
874948267,0.271471,0.38865146,0.33987758
875220664,0.56648064,0.22216628,0.21135311
875290371,0.50393754,0.2452208,0.25084174
875321721,0.5533943,0.23413393,0.21247171
875434925,0.59824634,0.19865474,0.20309891
875607354,0.3824384,0.3120593,0.30550227
875627624,0.2989813,0.39790142,0.30311728
875677285,0.312662,0.45481357,0.2325244
875781523,0.38956887,0.32771498,0.2827161
875833493,0.41583937,0.32147187,0.2626888
876090188,0.12208664,0.7278025,0.15011087
876102795,0.10360243,0.7768387,0.119558856
876108953,0.34918278,0.27420336,0.37661383
876185192,0.33725497,0.28311267,0.37963232
876189480,0.49794284,0.23901828,0.26303887
876358652,0.20687918,0.554027,0.23909383
876371319,0.2580296,0.48339275,0.25857773
876414272,0.42127758,0.31640494,0.26231748
876419140,0.2552745,0.2646867,0.48003885
876477981,0.3441904,0.36120453,0.2946051
876571797,0.2403318,0.5117463,0.24792187
876645684,0.3301225,0.27892983,0.39094767
876712463,0.4992453,0.25824708,0.24250767
876717953,0.5927293,0.23104921,0.1762215
876729060,0.43765792,0.31097654,0.25136554
876735190,0.32352778,0.38711032,0.28936198
876758385,0.49451637,0.24901038,0.25647324
876877889,0.20551854,0.4388408,0.35564062
876923032,0.32380968,0.3756997,0.3004907
877125452,0.23865528,0.26658618,0.49475858
877126237,0.29879275,0.34173962,0.3594676
877164747,0.0882351,0.085882075,0.82588285
877207026,0.33414936,0.27696735,0.38888326
877344476,0.31086552,0.42378667,0.26534778
877345993,0.3260738,0.40673468,0.26719156
877374294,0.35680184,0.33784172,0.3053564
877395387,0.70141184,0.14326969,0.15531844
877400388,0.5653029,0.2425283,0.19216886
877445733,0.11044761,0.11235273,0.77719975
877506055,0.16553555,0.18547812,0.64898634
877545315,0.36872464,0.26297426,0.3683011
877553937,0.24115692,0.4738788,0.2849642
877650443,0.23508054,0.53173417,0.23318528
877656123,0.25902066,0.44900176,0.29197764
877705100,0.2643134,0.35204476,0.38364175
877737601,0.1732184,0.62767166,0.19910999
877888281,0.21553344,0.5116121,0.27285445
878032751,0.31120315,0.28054482,0.408252
878044690,0.23141572,0.20405783,0.56452644
878047034,0.2982176,0.34467798,0.35710442
878070598,0.24062693,0.38770056,0.37167248
878081490,0.3745185,0.24031106,0.3851705
878132655,0.33530018,0.34732056,0.31737936
878228601,0.29784298,0.36691958,0.33523744
878379654,0.28285328,0.40324068,0.31390604
878569358,0.08719196,0.08667783,0.8261302
878573617,0.28785285,0.43687662,0.27527046
878576252,0.5147631,0.29946128,0.1857756
878651111,0.2749888,0.40376487,0.32124636
878820046,0.52321213,0.2676562,0.20913157
878887272,0.29293624,0.38506603,0.32199782
878972142,0.7515061,0.11745112,0.13104275
879048262,0.34756038,0.3804019,0.2720377
879067741,0.43014607,0.29740745,0.2724465
879355934,0.14041811,0.15302742,0.7065545
879408445,0.55707616,0.20543876,0.23748507
879430282,0.29218358,0.29081511,0.41700128
879471430,0.39027503,0.3167686,0.2929564
879479757,0.33464903,0.3107007,0.3546503
879627539,0.29782295,0.28212613,0.4200509
879678321,0.16540103,0.65600103,0.1785979
879764233,0.2282931,0.4838271,0.28787974
879890294,0.39937776,0.34725943,0.2533628
879891010,0.71056384,0.12513009,0.16430613
879940450,0.33651036,0.37438464,0.28910503
880047507,0.25514308,0.4044559,0.340401
880055791,0.48268363,0.26000464,0.25731173
880107775,0.1697647,0.17565528,0.65458006
880198462,0.3833535,0.35367006,0.2629764
880251327,0.44417965,0.28513455,0.27068576
880384436,0.27434233,0.43204752,0.29361016
880426277,0.36851373,0.31815574,0.3133306
880759896,0.08760221,0.07700689,0.8353909
880846619,0.1055171,0.10014051,0.79434246
880897320,0.6507484,0.17382024,0.1754314
880982072,0.15212949,0.17043793,0.67743254
880994529,0.29221135,0.2808183,0.42697027
881143593,0.26538837,0.4923694,0.24224223
881310427,0.2598163,0.39399296,0.3461908
881480320,0.28217518,0.36352113,0.35430375
881567357,0.12325607,0.6956715,0.1810724
881698509,0.09560247,0.09972843,0.80466914
881781859,0.33991092,0.37021497,0.28987405
881804742,0.16618715,0.6325855,0.20122729
881847954,0.36283234,0.29233205,0.34483558
881962646,0.37341633,0.2726569,0.3539268
882071742,0.44132626,0.28755143,0.2711223
882126534,0.29041174,0.44760808,0.2619802
882306536,0.35600987,0.3958844,0.2481058
882453275,0.19291455,0.5479252,0.25916037
882477558,0.40606973,0.31190985,0.28202033
882543203,0.36416382,0.33543026,0.30040595
882831280,0.2930202,0.34987706,0.35710272
882915423,0.16115852,0.67117906,0.16766241
883021672,0.35474494,0.36191896,0.28333616
883072375,0.19421731,0.5826039,0.22317882
883118280,0.34632856,0.3820403,0.27163112
883464331,0.24317867,0.4698968,0.2869245
883466603,0.29911745,0.3074716,0.39341086
883695433,0.10495149,0.7515463,0.14350225
883779002,0.2482493,0.24830468,0.503446
883782539,0.6394607,0.12889884,0.2316405
883908522,0.39832166,0.32981962,0.27185878
883915954,0.5203183,0.2394049,0.24027677
883959032,0.373802,0.28472343,0.34147456
883995931,0.22440527,0.20499243,0.57060236
884095475,0.5843429,0.18653852,0.2291186
884224318,0.19266766,0.55849075,0.24884154
884269832,0.29562423,0.3342961,0.3700797
884314563,0.42386368,0.27760458,0.29853177
884375226,0.42847443,0.27339056,0.29813498
884413049,0.12082966,0.73505837,0.14411202
884507268,0.5075618,0.17644082,0.31599736
884569108,0.3660412,0.26658583,0.36737296
884581982,0.55400956,0.15636031,0.28963017
884613745,0.26319438,0.48279908,0.2540065
884618657,0.30236587,0.29702842,0.4006057
884782665,0.32788578,0.26076227,0.41135198
884859770,0.35582566,0.3367727,0.3074016
884877701,0.16613051,0.6279308,0.2059387
884918277,0.080666475,0.80569893,0.11363457
884960593,0.096552104,0.09278235,0.81066555
885029335,0.13669822,0.1399695,0.7233323
885134542,0.45725864,0.29929036,0.24345101
885160566,0.5812193,0.1657418,0.25303894
885178488,0.4912383,0.23737673,0.27138507
885349905,0.21830632,0.5167048,0.26498884
885372315,0.4428865,0.27875054,0.27836296
885447879,0.4729165,0.30081218,0.22627138
885466397,0.41571832,0.3230401,0.26124159
885504314,0.24382786,0.33499587,0.42117625
885521162,0.26762763,0.32873347,0.40363887
885545927,0.33893043,0.32998455,0.331085
885613987,0.43173745,0.28227583,0.28598672
885671978,0.11984965,0.7443701,0.13578029
885711579,0.42515874,0.25764284,0.31719846
885923017,0.4604033,0.2818518,0.2577449
885969867,0.30054638,0.44439688,0.25505668
885980870,0.56016976,0.23530817,0.20452209
886003210,0.3465052,0.30497327,0.3485215
886011876,0.11742529,0.10625633,0.77631843
886021604,0.39130104,0.3489176,0.25978136
886142254,0.31442618,0.3218255,0.3637483
886287526,0.3202804,0.38777378,0.29194582
886445906,0.3228662,0.36602432,0.31110945
886518561,0.22099966,0.5212565,0.25774384
886549178,0.36640537,0.31342143,0.32017326
886613989,0.36730406,0.34274447,0.2899515
886674823,0.3996166,0.31646368,0.28391972
886797360,0.6850818,0.10162435,0.21329382
886872127,0.34855166,0.398237,0.25321138
887113647,0.3877559,0.30600694,0.30623716
887128708,0.09390775,0.7827984,0.1232938
887255572,0.26245472,0.3634216,0.3741237
887301896,0.4248336,0.26816937,0.30699697
887369658,0.35836133,0.3556097,0.28602904
887453621,0.37747622,0.33998054,0.28254324
887507035,0.30340317,0.31298774,0.38360906
887599544,0.49135798,0.27799526,0.23064674
887874877,0.2590594,0.35038766,0.3905529
888023882,0.43253267,0.26989767,0.29756966
888100345,0.23227818,0.43082136,0.33690047
888164806,0.32688507,0.35754284,0.31557214
888225337,0.35247257,0.3796775,0.26784995
888251561,0.1476231,0.6960494,0.15632749
888252459,0.32872477,0.4009857,0.27028942
888371073,0.24251728,0.31443742,0.44304523
888572407,0.48178598,0.27369374,0.24452025
888604815,0.09421793,0.79524666,0.11053536
888628447,0.4658151,0.25951427,0.2746706
888826427,0.2712338,0.23427677,0.49448946
888920340,0.13542397,0.68626225,0.1783138
889167096,0.41359708,0.29623717,0.29016575
889279049,0.22208141,0.28839004,0.48952854
889306516,0.37906495,0.33597738,0.28495768
889469948,0.12796262,0.72188216,0.15015519
889608513,0.53864187,0.21640758,0.2449505
889653394,0.3612922,0.32689154,0.31181625
889708808,0.14051479,0.672408,0.18707721
889733405,0.30496442,0.39302412,0.30201146
889751871,0.30432704,0.29233348,0.40333945
889801571,0.45786047,0.25958923,0.2825503
889943650,0.46979642,0.29483986,0.23536374
889976989,0.39981645,0.29368967,0.30649388
890171757,0.31152436,0.3797901,0.30868545
890236179,0.33566615,0.28218594,0.38214794
890246468,0.0980289,0.7764156,0.12555557
890250445,0.13228647,0.13886064,0.7288529
890319668,0.23454167,0.3905709,0.3748874
890328387,0.38565394,0.29553008,0.31881595
890357887,0.33552638,0.34657466,0.31789905
890505293,0.27112156,0.35069597,0.37818253
890527918,0.24948268,0.48891762,0.26159966
890541441,0.11745967,0.11158368,0.77095664
890646735,0.22036909,0.20580177,0.5738292
890667184,0.09769827,0.7944798,0.10782194
890725417,0.20369294,0.53235537,0.26395172
890895628,0.6280363,0.17547488,0.19648881
890907911,0.31695008,0.30393663,0.3791133
890938635,0.115972996,0.7525592,0.1314678
890966901,0.15716472,0.64502686,0.19780834
891070216,0.3108225,0.23335606,0.4558214
891079772,0.25085726,0.46560526,0.28353748
891094189,0.5522926,0.18657207,0.26113534
891225262,0.54952776,0.22612679,0.22434543
891317726,0.3590064,0.31280172,0.32819197
891398729,0.41818917,0.31454158,0.26726925
891416736,0.33456182,0.26621115,0.39922696
891579438,0.20534593,0.26370755,0.53094655
891601816,0.33140182,0.32940435,0.33919385
891676173,0.3613371,0.40437952,0.23428342
891680772,0.27837074,0.29007232,0.43155694
891786614,0.2547995,0.30265287,0.44254762
891797796,0.38796946,0.374822,0.23720853
891805780,0.11872572,0.12658669,0.7546876
891874598,0.47868675,0.2704279,0.2508854
891931176,0.41948175,0.27532706,0.30519116
891981980,0.37476996,0.34816265,0.27706745
891987628,0.39447826,0.26960492,0.33591676
892015174,0.15602857,0.14494915,0.6990223
892081991,0.26053643,0.23961735,0.49984622
892092857,0.2368853,0.4849579,0.27815682
892105044,0.73411167,0.117715396,0.14817297
892126137,0.37786323,0.33798674,0.28415003
892222532,0.5057885,0.24487668,0.24933481
892240511,0.2071545,0.19295673,0.59988874
892291855,0.23570432,0.38163817,0.38265747
892310569,0.24300134,0.13125966,0.625739
892383489,0.38448706,0.36356032,0.25195265
892474828,0.17633368,0.6421741,0.18149224
892547876,0.5830936,0.20985205,0.20705444
892576442,0.24159695,0.3208745,0.4375285
892857480,0.3046747,0.45193765,0.24338765
892865083,0.16615342,0.6478006,0.18604593
892931258,0.5296634,0.24373834,0.22659826
893126903,0.43355268,0.2980366,0.2684107
893200530,0.22240639,0.5323506,0.24524306
893240332,0.3764047,0.3339233,0.28967193
893308413,0.36782157,0.35324925,0.2789292
893319568,0.5511705,0.23378928,0.2150402
893332421,0.4483005,0.2974251,0.2542744
893360463,0.4004345,0.31134665,0.28821883
893670199,0.2021673,0.56743914,0.23039356
893763519,0.633107,0.19377454,0.1731185
893800181,0.33964276,0.31495902,0.3453982
893883238,0.32841012,0.34205386,0.3295361
893995642,0.31450272,0.39202818,0.29346916
894014742,0.18489833,0.6211249,0.19397679
894180542,0.3505575,0.3115668,0.33787572
894288127,0.5464334,0.1824123,0.27115434
894290765,0.20631462,0.18318385,0.61050147
894371884,0.10015335,0.77386516,0.12598145
894480622,0.16842537,0.14351131,0.6880633
894540368,0.41532052,0.32148755,0.26319194
894626352,0.20489295,0.5704417,0.22466531
894821898,0.26961756,0.33951542,0.39086702
895330001,0.48112562,0.2817008,0.23717365
895330493,0.14053273,0.6594258,0.20004149
895450513,0.08112327,0.8149454,0.10393131
895472968,0.24775699,0.5122933,0.23994972
895573330,0.23283982,0.27718,0.48998007
895577948,0.2553357,0.46910065,0.27556357
895637682,0.6278626,0.1569299,0.21520756
895707454,0.7531531,0.11359192,0.13325502
895838062,0.091418535,0.79593927,0.11264216
895876112,0.17356172,0.16545825,0.66098005
895942970,0.3219882,0.31677493,0.36123687
895973701,0.4725132,0.33220088,0.19528589
895997032,0.33651504,0.34463674,0.31884825
896013147,0.3438552,0.32105064,0.33509418
896074583,0.25486794,0.40093362,0.3441985
896084903,0.41949555,0.22454688,0.35595757
896096410,0.1969948,0.2462353,0.5567699
896128160,0.16325589,0.6055027,0.23124145
896241291,0.58238614,0.22342785,0.19418597
896352428,0.116645284,0.11052784,0.77282685
896381874,0.24743696,0.44193515,0.31062797
896395296,0.3097049,0.384335,0.30596012
896423351,0.32159224,0.3991845,0.27922335
896436855,0.2897198,0.3513017,0.35897845
896454359,0.29730326,0.40169376,0.3010029
896462787,0.24619912,0.27477235,0.4790285
896829909,0.30331078,0.38392782,0.31276143
896894512,0.52545017,0.2518482,0.2227017
896922395,0.26821873,0.41671243,0.31506878
897058274,0.114198476,0.73609555,0.149706
897125348,0.7761851,0.08840096,0.1354139
897206894,0.31102285,0.45671836,0.23225872
897292130,0.2685955,0.2520104,0.47939417
897369643,0.34600902,0.2570898,0.39690122
897528409,0.29168817,0.37730193,0.33100984
897532106,0.18563877,0.40727946,0.4070818
897589369,0.20085587,0.5605202,0.23862395
897661971,0.36284214,0.34865648,0.28850132
897775559,0.45662302,0.31191257,0.23146445
897913915,0.5541813,0.22579828,0.2200204
898198865,0.28897813,0.38566086,0.32536104
898225155,0.37506348,0.41430062,0.21063598
898248494,0.20706166,0.25867036,0.5342681
898318753,0.35231373,0.37730166,0.27038473
898333785,0.26987636,0.43008578,0.30003783
898377275,0.21732828,0.55928594,0.22338575
898420807,0.15602642,0.66505724,0.17891634
898653336,0.10741105,0.10663208,0.7859569
898719334,0.33490345,0.29228622,0.37281036
898836625,0.32724282,0.290016,0.3827412
898864803,0.40559044,0.32471162,0.269698
898873672,0.3161507,0.3009675,0.3828818
898918768,0.2783776,0.20816731,0.5134551
899047295,0.39865914,0.2261077,0.37523323
899168104,0.6673127,0.13208771,0.20059964
899223947,0.16440742,0.1426522,0.69294035
899283736,0.40291706,0.33150876,0.26557422
899400332,0.358652,0.43912345,0.20222455
899487040,0.6308696,0.1891468,0.17998351
899514326,0.2821375,0.3923906,0.32547188
899558259,0.29276165,0.34139052,0.36584786
899585805,0.54205734,0.25115463,0.2067881
899595716,0.12069501,0.744083,0.13522199
899688194,0.28165594,0.32942453,0.3889196
899801177,0.38249856,0.32238522,0.29511628
899830936,0.12379258,0.74843806,0.1277694
900076905,0.3590038,0.36066997,0.28032622
900125210,0.54343134,0.25149858,0.20507017
900126348,0.18990733,0.55013293,0.25995976
900161241,0.23278874,0.51994944,0.24726178
900163310,0.5562836,0.23341702,0.2102994
900177685,0.17062238,0.19064903,0.6387285
900238265,0.2782492,0.32818615,0.39356458
900241154,0.42337695,0.2742505,0.30237257
900311050,0.20733503,0.57308483,0.21958007
900373846,0.35016918,0.37524447,0.2745864
900410482,0.10982048,0.103537984,0.78664154
900642891,0.33442503,0.35849833,0.30707663
900664217,0.31096396,0.39390785,0.29512826
900673839,0.3280539,0.44933447,0.22261167
900722589,0.34323546,0.3875361,0.26922852
900748846,0.6957733,0.1335766,0.1706501
900774276,0.28423983,0.3867479,0.32901222
900877828,0.13302113,0.7169809,0.14999801
900988273,0.33845854,0.32859764,0.33294386
900994437,0.10157785,0.7592247,0.13919741
901189673,0.19298954,0.19345568,0.6135547
901226641,0.2944943,0.34487402,0.36063164
901280810,0.17497385,0.16573083,0.6592954
901514446,0.73140603,0.12831365,0.14028023
901627536,0.59479594,0.20388529,0.20131874
901652211,0.17852226,0.66009116,0.16138658
901663424,0.5223537,0.24830887,0.22933736
901982454,0.35093355,0.40073064,0.24833582
902048859,0.35390478,0.2988177,0.3472775
902178791,0.31292483,0.46938097,0.21769421
902224767,0.35264495,0.32144895,0.3259061
902353824,0.12707797,0.7099671,0.162955
902367846,0.31978482,0.41295356,0.26726174
902561531,0.15870751,0.66183156,0.17946085
902593904,0.50913256,0.25890335,0.23196411
902625505,0.21210992,0.5989256,0.18896449
902635791,0.36783957,0.2554395,0.37672102
902700187,0.3214404,0.32280046,0.3557591
902717678,0.29875287,0.37382075,0.3274264
902734217,0.2807139,0.4688452,0.25044093
902861815,0.31053224,0.28708234,0.40238535
903026892,0.65013474,0.14252305,0.20734222
903080547,0.08662191,0.79864824,0.11472989
903080822,0.27626714,0.3339685,0.38976434
903081160,0.3361636,0.3245629,0.33927342
903088457,0.8028321,0.07902862,0.11813932
903098543,0.5072367,0.27127218,0.2214911
903194965,0.34125936,0.36997548,0.28876507
903409862,0.3191119,0.36986417,0.31102398
903473254,0.12982126,0.17468585,0.69549286
903475730,0.31637588,0.28499827,0.3986258
903532276,0.06937669,0.06450562,0.8661177
903644904,0.37289584,0.33751076,0.28959343
903670660,0.33330598,0.34388205,0.32281196
903779818,0.30464694,0.40944892,0.28590414
903905569,0.4915531,0.119352326,0.3890946
903911945,0.19744658,0.31269446,0.48985893
903918189,0.3396976,0.37557164,0.2847308
904000376,0.1509736,0.27887452,0.57015187
904051836,0.42319387,0.24212979,0.33467633
904052441,0.37303188,0.30547997,0.3214881
904113996,0.4132051,0.2697826,0.31701234
904241511,0.12580064,0.107708216,0.7664912
904324693,0.5033124,0.2708165,0.22587109
904351330,0.41860223,0.335816,0.24558172
904376128,0.36161315,0.35174632,0.28664052
904435314,0.26243302,0.4667986,0.27076843
904537257,0.29298505,0.30709413,0.39992073
904566994,0.40033582,0.36578405,0.2338801
904622446,0.21675518,0.2138254,0.56941944
904671441,0.25128114,0.31359297,0.43512583
904712108,0.33964452,0.36231914,0.29803628
904858325,0.26372787,0.4750697,0.26120234
904894899,0.36817616,0.12777245,0.5040513
904950120,0.085742734,0.80828536,0.105971836
905205030,0.31051022,0.25803435,0.43145546
905232887,0.35712704,0.33561143,0.3072615
905236349,0.34185657,0.38004744,0.27809596
905252323,0.24749395,0.52349764,0.22900842
905278568,0.113193735,0.7143417,0.1724646
905343696,0.37172037,0.3507416,0.27753803
905374066,0.26494303,0.32894787,0.4061091
905428145,0.28487667,0.33207917,0.38304415
905451513,0.30070662,0.39838514,0.30090824
905497492,0.4834432,0.11080065,0.40575618
905642996,0.31918076,0.47183228,0.20898688
905901676,0.21418656,0.4779053,0.30790812
905913882,0.45936608,0.22562173,0.31501222
905952256,0.38935545,0.37351537,0.23712915
905954342,0.23801489,0.45417112,0.30781403
906030952,0.39868757,0.23061503,0.3706974
906241409,0.39355657,0.26985666,0.33658677
906299216,0.18055388,0.5858675,0.23357868
906466981,0.25214592,0.45259106,0.29526302
906527120,0.5130552,0.2459955,0.24094929
906554755,0.66918814,0.16081864,0.16999318
906881914,0.7246198,0.09161793,0.18376227
906889016,0.30484435,0.3612117,0.33394402
907061873,0.15640119,0.6145071,0.22909169
907131515,0.35597673,0.32778096,0.31624234
907140130,0.2164794,0.18074194,0.6027786
907180812,0.3202688,0.24110973,0.4386214
907200418,0.121492825,0.117767595,0.76073956
907404810,0.3239495,0.4058512,0.27019933
907408260,0.25176844,0.47277427,0.27545732
907823138,0.4937113,0.2774938,0.22879495
907922754,0.5192513,0.14617233,0.3345764
907955796,0.16383176,0.6736361,0.16253218
907973163,0.37892348,0.3317139,0.28936264
907997616,0.13026099,0.70047075,0.16926822
908107426,0.1493509,0.15225966,0.6983894
908340151,0.40447053,0.24529372,0.35023576
908665974,0.6068391,0.19716933,0.19599152
908828372,0.18858327,0.21533518,0.59608155
908979526,0.3860652,0.35376316,0.2601716
909019182,0.12624957,0.72433996,0.14941047
909022093,0.5173137,0.24384792,0.23883839
909034690,0.26362494,0.3947662,0.3416089
909196460,0.45498976,0.31194326,0.23306693
909228385,0.38783604,0.33487895,0.27728504
909281307,0.35139933,0.39160907,0.25699154
909317875,0.09740473,0.77725244,0.12534282
909434282,0.639837,0.17326704,0.18689597
909518881,0.2693589,0.35178956,0.37885153
909525288,0.27687424,0.2606345,0.46249124
909649366,0.3671866,0.35036972,0.2824436
909705234,0.26421273,0.5099667,0.22582054
909713736,0.08980334,0.7825394,0.12765723
909970847,0.23619734,0.39149174,0.37231094
910004613,0.24760433,0.50884044,0.24355522
910032304,0.28152642,0.34739625,0.37107733
910032628,0.4298756,0.25917593,0.3109485
910172143,0.4119716,0.35362282,0.23440556
910325395,0.42699397,0.3350136,0.23799251
910404336,0.28750148,0.34063083,0.37186772
910409067,0.46781772,0.26503778,0.2671445
910551446,0.19841173,0.15158723,0.650001
910638239,0.25307086,0.43345627,0.3134729
910719898,0.3918468,0.32825202,0.27990118
910755854,0.23126505,0.26749137,0.5012436
910875951,0.33077762,0.35573414,0.31348827
911067219,0.4415481,0.3101891,0.24826278
911088869,0.44338503,0.26342127,0.29319373
911128251,0.33880207,0.3363548,0.3248431
911152445,0.2831241,0.3915508,0.32532504
911158897,0.15496927,0.119668454,0.72536236
911439918,0.20179342,0.51884824,0.27935836
911530990,0.36222556,0.33438239,0.30339202
911568909,0.26365268,0.25256437,0.48378292
911613763,0.49443156,0.26617554,0.23939294
911730713,0.41325065,0.326744,0.26000535
911743896,0.27824214,0.38124228,0.34051564
911794157,0.25650486,0.40491727,0.33857784
911817684,0.39487934,0.28695998,0.3181607
911867258,0.43736202,0.31471497,0.24792305
911967410,0.48223245,0.25869265,0.25907487
911998102,0.34663048,0.3421075,0.31126204
912032878,0.14589314,0.12752274,0.7265841
912172771,0.18495575,0.17036045,0.64468384
912238613,0.1042676,0.7502973,0.14543511
912257444,0.44411367,0.32280332,0.23308305
912327973,0.38122183,0.34131047,0.2774677
912337308,0.21995337,0.19734785,0.5826988
912460774,0.34083515,0.35673848,0.30242634
912548453,0.29397222,0.39843842,0.3075894
912653307,0.19343866,0.5676723,0.23888904
912729357,0.22395289,0.32345012,0.452597
912733121,0.39931893,0.30831605,0.29236504
912794313,0.20048337,0.55363715,0.24587958
912848624,0.4250434,0.30310038,0.27185622
912891754,0.2917537,0.33727264,0.37097374
912915213,0.3680274,0.35061464,0.28135794
913031530,0.23478554,0.27055585,0.49465862
913074748,0.22822057,0.49064082,0.28113863
913077910,0.16396959,0.6531987,0.18283167
913085723,0.54893535,0.20041518,0.25064945
913104490,0.5161039,0.24578325,0.23811278
913111980,0.21664342,0.49143675,0.29191986
913132826,0.37252364,0.31168136,0.31579494
913302020,0.3451331,0.366174,0.28869286
913396375,0.29176936,0.35027444,0.35795626
913398466,0.41042045,0.32563835,0.26394117
913458719,0.2621173,0.39265466,0.34522808
913734969,0.52273273,0.23221655,0.24505073
913773752,0.46349782,0.27017263,0.2663295
913802335,0.26763788,0.31085786,0.4215042
913862698,0.2546317,0.23977335,0.5055949
913884061,0.29528406,0.32115173,0.3835642
914284819,0.08203817,0.82028663,0.09767521
914317543,0.4345944,0.31198177,0.25342384
914412423,0.20561366,0.5718962,0.22249015
914415290,0.35376164,0.3596967,0.28654164
914822027,0.140578,0.6893129,0.17010917
914859413,0.2848183,0.4290173,0.2861644
914964978,0.26429108,0.34234384,0.39336506
914992039,0.30700707,0.3518232,0.3411697
915091712,0.28367177,0.3631056,0.35322258
915169569,0.35931063,0.3210894,0.31960005
915322641,0.2410017,0.47738513,0.2816132
915352010,0.3423339,0.3610649,0.2966012
915355120,0.23352803,0.3103514,0.4561206
915367723,0.4787042,0.3011288,0.220167
915541582,0.43211117,0.2558133,0.31207547
915603318,0.3159075,0.2887517,0.39534083
915620190,0.62207395,0.19617572,0.1817503
915697009,0.19223535,0.21672532,0.5910393
915708994,0.41111603,0.3222721,0.26661193
915824111,0.41977486,0.2847585,0.29546666
915847547,0.30670708,0.32859567,0.36469728
915937366,0.53210443,0.24790077,0.21999483
915955611,0.34674752,0.33828732,0.31496516
915957756,0.26374826,0.4035492,0.33270255
915993618,0.5518575,0.24422601,0.20391656
916036819,0.48174408,0.2551123,0.26314354
916079365,0.11446586,0.11225554,0.7732786
916085248,0.11812489,0.75184524,0.13002989
916126966,0.36650676,0.368603,0.26489028
916223504,0.49825415,0.27841538,0.22333044
916364857,0.29687357,0.30975953,0.3933669
916430587,0.42599395,0.30612078,0.26788527
916501520,0.33464393,0.42021638,0.24513969
916501927,0.4208875,0.27116853,0.307944
916667632,0.3687566,0.33285373,0.29838967
916874081,0.63142,0.17188363,0.19669643
916928632,0.3352871,0.3317911,0.33292183
916954612,0.31832874,0.34225264,0.33941862
917131671,0.19004005,0.5927392,0.2172207
917185914,0.11852577,0.74733365,0.13414052
917269465,0.28848353,0.4476388,0.26387766
917301882,0.348076,0.38060054,0.2713234
917406825,0.39878392,0.25714898,0.34406713
917457597,0.30734965,0.39468342,0.29796687
917468049,0.46236706,0.2605769,0.27705604
917544125,0.44335678,0.2393376,0.31730568
917548030,0.2921974,0.31818524,0.38961735
917549806,0.35880497,0.34269652,0.29849857
917614862,0.31800175,0.3467159,0.33528233
917615276,0.16532868,0.58534956,0.2493218
917849665,0.29313302,0.42019305,0.28667402
917904983,0.31648272,0.33341354,0.3501037
917967567,0.3513203,0.34293342,0.3057463
918029306,0.5848869,0.1966993,0.21841374
918121351,0.21166041,0.2956014,0.4927381
918123351,0.36065868,0.29248545,0.34685588
918189298,0.12804028,0.7196523,0.15230742
918265997,0.31472826,0.38901383,0.29625785
918500838,0.19406663,0.5658986,0.24003477
918544373,0.32483754,0.41723487,0.2579276
918613553,0.4067674,0.25106886,0.3421638
918638706,0.43396097,0.27850896,0.28753003
918646978,0.35380286,0.3194457,0.3267514
918701898,0.586246,0.19600733,0.21774662
918733683,0.23818608,0.21149883,0.55031514
918938323,0.34672117,0.38593328,0.26734558
918951647,0.48531553,0.2475897,0.26709476
919033853,0.34941193,0.30589488,0.34469312
919102319,0.23958337,0.3894597,0.37095702
919232214,0.35011202,0.36594698,0.28394097
919286981,0.2622163,0.23478153,0.5030022
919338791,0.17462704,0.14202447,0.6833485
919479660,0.122457616,0.7444012,0.13314119
919864891,0.2712317,0.40603444,0.32273388
919872702,0.2812681,0.25660256,0.46212935
919953744,0.58995134,0.19686334,0.21318536
920056513,0.2840323,0.34088346,0.37508422
920144397,0.52201366,0.2507706,0.2272157
920213382,0.45747253,0.300096,0.24243139
920225426,0.59213483,0.1995268,0.20833845
920362970,0.42705044,0.3437274,0.22922224
920414554,0.430615,0.28068477,0.2887002
920435845,0.26480547,0.3721207,0.36307383
920441030,0.10858967,0.7603771,0.13103317
920499857,0.33570698,0.3105194,0.35377362
920569651,0.50616693,0.18658501,0.30724806
920774665,0.56059486,0.21609716,0.22330806
920800884,0.3882848,0.33910364,0.2726116
920821760,0.22880332,0.4664811,0.3047155
920961694,0.2834057,0.2966692,0.41992506
921065173,0.3678272,0.2931423,0.33903044
921097804,0.32185537,0.2685205,0.40962413
921103132,0.746653,0.122186944,0.13115999
921198118,0.254898,0.30760428,0.4374977
921221188,0.40035653,0.3152657,0.28437778
921281855,0.5737558,0.19544874,0.23079547
921449529,0.254054,0.52189124,0.22405483
921485666,0.30517253,0.32928073,0.36554673
921506648,0.25429815,0.39893162,0.34677026
921534913,0.23260497,0.24367075,0.52372426
921579211,0.23265482,0.42261115,0.34473407
921600398,0.5283136,0.25149253,0.22019392
921614371,0.23710996,0.44118664,0.32170334
921629680,0.5668924,0.24606922,0.18703838
921640998,0.3838088,0.31097782,0.30521336
921675180,0.35202506,0.3591252,0.28884974
921693506,0.36577836,0.31294724,0.3212744
921761444,0.13423657,0.69110847,0.17465498
921785557,0.576983,0.21324669,0.20977032
921854146,0.19244412,0.59688324,0.21067257
921884512,0.24621855,0.25562635,0.49815503
922034711,0.27258542,0.2620854,0.46532917
922073483,0.40280166,0.31790206,0.2792963
922074915,0.40599185,0.26956475,0.3244434
922309312,0.42266038,0.2829723,0.29436737
922334196,0.3149521,0.36872828,0.3163197
922407155,0.31241232,0.39505407,0.29253364
922418850,0.28453353,0.3088137,0.4066528
922466919,0.48170117,0.26263073,0.25566804
922503562,0.27496836,0.25246176,0.47256985
922666394,0.6408696,0.16307507,0.19605535
922800275,0.6129314,0.13045369,0.2566149
922865977,0.37076104,0.34056866,0.2886703
922942781,0.24281514,0.4262735,0.3309114
923030065,0.21299139,0.23620294,0.5508056
923123111,0.15774833,0.14482258,0.69742906
923155121,0.19478199,0.18336903,0.62184894
923222155,0.30920875,0.38712254,0.3036688
923242462,0.34095815,0.30296823,0.35607362
923385770,0.71193784,0.13071789,0.15734428
923528656,0.35748655,0.3149237,0.3275897
923557423,0.120500214,0.1196562,0.7598436
923759562,0.42324334,0.32657132,0.2501853
923772707,0.2898611,0.3032592,0.4068797
923869524,0.36715248,0.343811,0.28903654
923926890,0.24289599,0.3651331,0.39197087
923935967,0.6116087,0.19700184,0.19138953
924279634,0.4013431,0.30583265,0.29282424
924281297,0.20091644,0.5859649,0.21311867
924414353,0.32094744,0.31231907,0.36673343
924419985,0.39854994,0.28462726,0.31682286
924507948,0.48702833,0.25145537,0.2615163
924573773,0.11002271,0.72751385,0.16246343
924580071,0.7008162,0.1469321,0.1522517
924693403,0.54247415,0.23190413,0.22562169
924715445,0.2596957,0.34308913,0.39721516
924893934,0.28405488,0.28363404,0.43231115
924940031,0.36568198,0.32978767,0.3045303
924943883,0.54547644,0.21292686,0.24159667
924947291,0.2674266,0.45523772,0.2773357
924977659,0.21858409,0.40333232,0.37808365
925053528,0.089891285,0.07594137,0.8341673
925127046,0.3696298,0.2125488,0.41782138
925134983,0.39662093,0.32435864,0.27902043
925191545,0.3736523,0.35131642,0.2750313
925288881,0.38984734,0.30392292,0.30622977
925331606,0.5533581,0.23286997,0.21377197
925485264,0.22561347,0.2405547,0.53383183
925490769,0.29036978,0.34158337,0.36804682
925576591,0.70673245,0.13411272,0.15915482
925617004,0.31031078,0.4389803,0.2507089
925695484,0.3177071,0.3950411,0.28725177
925859204,0.2874255,0.4251569,0.28741765
925861265,0.2889476,0.25139156,0.45966083
925963894,0.39099324,0.28356415,0.3254426
926065372,0.4899348,0.23573993,0.27432528
926074212,0.64689744,0.1650827,0.18801993
926101126,0.27640292,0.2618005,0.46179664
926154607,0.2677126,0.44315463,0.28913277
926289677,0.35539907,0.2672728,0.3773282
926377205,0.21806605,0.4820322,0.29990178
926560372,0.6725758,0.14978486,0.17763934
926601584,0.074779406,0.07881932,0.84640133
926649457,0.50814223,0.25105873,0.2407991
926668576,0.22448717,0.19044831,0.5850645
926765396,0.6091207,0.16472718,0.22615205
926868493,0.36667114,0.3286876,0.30464128
926889520,0.17847776,0.60800964,0.21351264
927057715,0.17561546,0.58656883,0.23781572
927241645,0.50866646,0.2323959,0.2589376
927284495,0.22503522,0.20724952,0.56771517
927304238,0.27278408,0.389746,0.33746985
927596626,0.362973,0.35167342,0.28535366
927677770,0.48264307,0.2763637,0.2409932
927781329,0.11831335,0.12332791,0.75835884
927880112,0.66428584,0.1449465,0.19076769
927980097,0.23012331,0.38004667,0.38983005
928188956,0.35292175,0.22671483,0.42036337
928284057,0.106037244,0.12203204,0.7719307
928355095,0.22802809,0.4601701,0.31180182
928471905,0.3308548,0.30102003,0.36812523
928510260,0.2760465,0.30076644,0.42318702
928543595,0.26069137,0.4383968,0.3009118
928799845,0.16024145,0.6463103,0.19344817
928812405,0.5215344,0.25133467,0.22713089
928903544,0.06240815,0.84411186,0.09347997
929000991,0.3637775,0.3507484,0.28547415
929130473,0.58954555,0.2036018,0.20685266
929245716,0.2007319,0.1877212,0.61154693
929280140,0.43705717,0.3180366,0.24490623
929321534,0.36337197,0.36355594,0.27307206
929343955,0.243427,0.5429928,0.21358027
929345085,0.41710642,0.27517888,0.3077147
929505116,0.3100439,0.38763052,0.3023256
929651068,0.14672583,0.68587,0.16740413
929736461,0.17693286,0.1612715,0.6617957
929753614,0.34527197,0.3495562,0.3051718
929766029,0.31754526,0.36902338,0.31343135
929767900,0.45665655,0.3056006,0.23774289
929819909,0.30644923,0.2795949,0.41395584
929825941,0.5213638,0.18010804,0.2985282
930091147,0.31963336,0.36088032,0.3194863
930115633,0.31332272,0.30150908,0.38516822
930245658,0.4473304,0.30028263,0.25238693
930248217,0.23153575,0.18573476,0.5827294
930350911,0.3123792,0.38492227,0.30269846
930597502,0.30678952,0.31675163,0.37645885
930647393,0.369428,0.3478096,0.28276238
930668240,0.2669403,0.34248072,0.39057904
930705976,0.4008568,0.3155076,0.28363574
930708627,0.60709554,0.18417701,0.20872742
930757691,0.35103342,0.3537373,0.2952293
930800581,0.287054,0.23001567,0.48293033
930812345,0.39955208,0.2516462,0.3488017
930818921,0.1679842,0.16316397,0.66885185
930847441,0.2325478,0.37837213,0.38908005
930872751,0.31314173,0.35487574,0.33198258
930931170,0.16883215,0.114893354,0.7162745
931054726,0.33442786,0.37761948,0.2879526
931086381,0.43510276,0.28958154,0.27531573
931219675,0.11163995,0.73560613,0.15275395
931223835,0.20357205,0.5245298,0.27189818
931256657,0.26687825,0.42759857,0.3055233
931282186,0.24598964,0.27926174,0.47474864
931371452,0.13294528,0.69332993,0.17372479
931630377,0.50045615,0.19138324,0.3081606
931764638,0.2730213,0.3391293,0.38784933
931810172,0.21829225,0.23054276,0.5511649
931837150,0.37981418,0.33895618,0.28122965
931848160,0.3670883,0.3904986,0.24241307
932020202,0.26318482,0.29252568,0.44428948
932082965,0.314856,0.2740739,0.41107014
932276048,0.4409909,0.3256437,0.23336542
932302238,0.32196093,0.287312,0.39072707
932355913,0.32704073,0.3598917,0.31306756
932389744,0.3600063,0.38276893,0.25722474
932453358,0.38159788,0.32501304,0.2933891
932532632,0.41257367,0.31658396,0.27084234
932536688,0.27252883,0.3699721,0.35749903
932540522,0.13288587,0.73003864,0.13707553
932562713,0.19610323,0.51876026,0.2851365
932572774,0.44941217,0.2902573,0.2603305
932657047,0.26823273,0.44876596,0.2830013
932672877,0.5520404,0.22726913,0.22069043
932690087,0.072908655,0.061212353,0.865879
932695607,0.3503252,0.38611516,0.26355976
932729416,0.46241587,0.2823683,0.25521573
932781247,0.09822398,0.78265285,0.11912318
932788649,0.29822692,0.4441128,0.25766027
932846677,0.40496963,0.33190018,0.26313022
932973799,0.47125164,0.2831586,0.24558981
932981559,0.36080712,0.37438726,0.26480556
933073618,0.3233998,0.38341177,0.29318833
933125850,0.35124755,0.38437024,0.2643822
933151756,0.2609673,0.23385347,0.50517917
933204184,0.26142338,0.3526936,0.385883
933340359,0.16394334,0.18159926,0.65445733
933393524,0.18137282,0.23078808,0.58783907
933419327,0.20729987,0.5084346,0.2842656
933447394,0.30798286,0.33385172,0.35816538
933453495,0.36521965,0.3582162,0.27656415
933663766,0.31084055,0.41632757,0.27283192
933697322,0.35325864,0.3758348,0.27090657
933743712,0.25295776,0.39588693,0.35115528
933770220,0.36218965,0.31769958,0.3201107
933847536,0.30893487,0.23815046,0.45291466
933973597,0.6478827,0.14329267,0.20882471
934001808,0.29880777,0.3305506,0.37064162
934084126,0.36863294,0.29578137,0.3355857
934138143,0.41269165,0.3300564,0.25725195
934139585,0.3909312,0.33982536,0.2692434
934281363,0.48114318,0.2923267,0.22653008
934506327,0.63496155,0.16613388,0.19890454
934551937,0.3091503,0.33012396,0.36072576
934564006,0.3331592,0.3134779,0.35336286
934894168,0.3357819,0.32798356,0.33623457
935011976,0.43006086,0.3264636,0.24347557
935149576,0.37507036,0.2529378,0.37199178
935182872,0.5722156,0.21528187,0.21250248
935211863,0.2573407,0.25911108,0.48354822
935260274,0.53656596,0.24021463,0.22321944
935260663,0.1398232,0.7005593,0.15961751
935325476,0.36812818,0.32206964,0.30980217
935448566,0.23696159,0.2844131,0.47862524
935578561,0.22998099,0.4316642,0.33835486
935594719,0.10810013,0.11813799,0.77376187
935669850,0.2729372,0.24030317,0.48675957
935821298,0.4836855,0.23301151,0.283303
935860386,0.15858565,0.61601955,0.22539474
935975859,0.17182443,0.6165332,0.21164241
936080336,0.28016052,0.40610972,0.31372973
936138274,0.22851644,0.48852083,0.2829627
936275611,0.26266378,0.46287778,0.27445844
936293855,0.35172155,0.42385185,0.2244266
936317069,0.6363554,0.1427927,0.22085187
936330843,0.37323645,0.23206297,0.39470056
936383911,0.34953806,0.308507,0.34195492
936387206,0.21682243,0.5442882,0.23888935
936686781,0.56649905,0.24214332,0.19135766
936726225,0.16829997,0.14634965,0.6853504
936863232,0.34793714,0.26784012,0.38422278
936972715,0.35728347,0.35515553,0.28756097
937038089,0.3039515,0.33520752,0.36084095
937063596,0.5247717,0.246713,0.22851524
937078545,0.17766462,0.15664987,0.66568553
937175206,0.38625062,0.26561293,0.3481364
937235946,0.3810074,0.32827744,0.29071513
937280733,0.42500624,0.32573622,0.24925749
937280858,0.0891544,0.79832625,0.11251936
937402421,0.19939551,0.5824875,0.21811698
937505382,0.3125244,0.37289262,0.31458294
937571754,0.65273565,0.141582,0.20568237
937759241,0.26563832,0.22186491,0.5124967
937797032,0.21742305,0.23903304,0.54354393
937860125,0.30952427,0.35185733,0.3386184
938005270,0.42183608,0.32469526,0.25346863
938091795,0.3326141,0.3907255,0.27666044
938526864,0.2805469,0.38443175,0.33502135
938529952,0.49175832,0.2841371,0.22410467
938616798,0.52425367,0.271913,0.20383328
938633217,0.46011508,0.2976295,0.2422555
938875281,0.32702467,0.3713992,0.30157608
938941826,0.26336387,0.31762967,0.41900644
938964503,0.4053454,0.33352873,0.26112583
939060355,0.5863507,0.20429432,0.20935504
939110797,0.54012626,0.21317299,0.24670076
939237306,0.2005006,0.5351331,0.26436627
939239926,0.29259738,0.39268422,0.3147184
939279990,0.25038263,0.27879775,0.4708196
939306619,0.34682664,0.38355932,0.269614
939431975,0.10766166,0.10125272,0.7910857
939594334,0.15094909,0.6759902,0.17306072
939608831,0.31224728,0.31224242,0.3755103
939611764,0.36394715,0.2991391,0.3369137
939654907,0.23295602,0.5214336,0.24561033
939782712,0.2300718,0.5327116,0.23721658
939800989,0.29074124,0.32666987,0.3825889
940092881,0.40394825,0.31815287,0.2778989
940135903,0.15233687,0.1533858,0.6942773
940154387,0.4085185,0.2635674,0.32791415
940268001,0.33235607,0.288603,0.37904087
940285709,0.52689725,0.267904,0.2051988
940404414,0.35767424,0.2030929,0.43923286
940508155,0.39106715,0.3253204,0.28361237
940660668,0.49418154,0.27737126,0.22844726
940876675,0.48275292,0.28290212,0.23434496
940938532,0.1883168,0.57613415,0.23554899
940990878,0.21254224,0.27675334,0.51070446
941000516,0.36773688,0.3316157,0.30064735
941005443,0.27798116,0.40876627,0.3132526
941114026,0.1630444,0.14773193,0.68922365
941438574,0.2895866,0.37396422,0.33644915
941519148,0.2525264,0.39092684,0.35654682
941534116,0.39655238,0.31343895,0.2900087
941665659,0.34121972,0.31577286,0.34300742
941679315,0.24500148,0.43783945,0.31715915
941832416,0.47591758,0.27446362,0.24961877
941884234,0.32289928,0.385182,0.29191875
941961458,0.31950545,0.2722158,0.4082788
941980201,0.07087015,0.8403355,0.088794306
942014434,0.4914821,0.24974701,0.2587708
942101290,0.56111395,0.24137704,0.19750899
942189778,0.4206059,0.30178288,0.27761123
942266648,0.24138305,0.4074029,0.35121414
942277164,0.11379141,0.74340034,0.14280824
942280970,0.36820835,0.30019802,0.33159357
942302251,0.21337,0.18602441,0.60060567
942315346,0.26052067,0.4407286,0.29875076
942386460,0.13589613,0.15384866,0.7102552
942446015,0.16179256,0.5619973,0.27621007
942448465,0.33422533,0.38252744,0.28324717
942452758,0.40901127,0.27070314,0.3202856
942471702,0.22492209,0.5562668,0.21881115
942492220,0.2531515,0.33072436,0.41612414
942694317,0.2886643,0.34600386,0.3653318
942849512,0.5085027,0.25671586,0.23478143
942931389,0.25270307,0.4447954,0.30250153
942978371,0.22613284,0.26487598,0.5089912
943043646,0.22248721,0.51577413,0.26173875
943138458,0.39107102,0.36303064,0.24589829
943181843,0.4820218,0.30383262,0.21414563
943256316,0.2039246,0.5220793,0.27399614
943261655,0.12516995,0.71836483,0.15646519
943354779,0.54657954,0.21963018,0.23379022
943440380,0.62652785,0.16958052,0.20389163
943668861,0.105086446,0.10785034,0.78706324
943697087,0.41746166,0.28171727,0.30082104
943763927,0.37368128,0.35707152,0.26924723
943774640,0.21405762,0.23160717,0.55433524
943944171,0.11837024,0.7393124,0.14231738
944035705,0.3167498,0.21889305,0.4643572
944107289,0.44724682,0.31932375,0.23342945
944275686,0.4543755,0.2805122,0.26511222
944493882,0.21979688,0.24664284,0.5335603
944517366,0.36072367,0.29755202,0.3417243
944524373,0.43951118,0.3189238,0.24156503
944592402,0.8092509,0.069221385,0.121527836
944598993,0.38603705,0.31508943,0.29887357
944632808,0.2338426,0.2782457,0.4879116
944636510,0.32485706,0.34950635,0.3256366
944774454,0.3715019,0.347798,0.28070012
945029348,0.32916144,0.38033596,0.29050255
945035384,0.34066898,0.32027557,0.33905545
945050683,0.7503184,0.11764803,0.13203362
945376165,0.42393935,0.28736907,0.2886916
945406506,0.120917104,0.10932061,0.7697622
945585141,0.33244005,0.42784107,0.23971891
945592869,0.4012847,0.2905363,0.3081789
945627944,0.32936123,0.2615086,0.40913013
945755614,0.16840701,0.6387318,0.19286126
946067467,0.13804096,0.7116433,0.15031576
946114525,0.33179888,0.39100304,0.27719808
946126879,0.18874961,0.31078345,0.50046694
946182447,0.21729426,0.52988786,0.25281796
946241409,0.4591939,0.28601968,0.25478646
946275357,0.36847654,0.2972199,0.3343036
946339434,0.27897993,0.2653164,0.45570368
946369530,0.16975148,0.60606426,0.22418429
946406462,0.6994231,0.13108896,0.16948798
946475791,0.24660774,0.2632244,0.49016792
946476529,0.1374274,0.7019885,0.16058402
946705923,0.2394925,0.27865955,0.48184803
946795077,0.24819878,0.20532146,0.5464797
946878255,0.33949292,0.30688617,0.35362095
947111962,0.31078997,0.32789645,0.36131358
947129728,0.51327974,0.20454188,0.28217837
947136912,0.61442244,0.175452,0.21012558
947206022,0.68870157,0.13802682,0.17327167
947271409,0.506225,0.20918512,0.28458986
947313332,0.36091837,0.21321964,0.42586192
947317045,0.48379245,0.28478992,0.23141766
947357051,0.4017975,0.33778632,0.26041612
947590678,0.33955747,0.36097097,0.2994716
947668804,0.31812632,0.3771556,0.30471814
947766919,0.28921086,0.42387635,0.28691268
947874553,0.3640528,0.36218613,0.27376103
947925885,0.4727292,0.27334717,0.25392362
947947668,0.13389306,0.7103807,0.15572627
948093073,0.7755965,0.09243912,0.13196439
948188151,0.23515832,0.41013724,0.35470447
948188896,0.35363662,0.30508643,0.34127694
948255081,0.32568935,0.33111367,0.34319702
948430718,0.14800282,0.6038703,0.24812694
948483639,0.4563279,0.3039448,0.2397273
948700648,0.45830607,0.2925851,0.24910884
948912853,0.34797183,0.35391483,0.29811338
948962480,0.25800097,0.46483126,0.27716777
949039932,0.38913515,0.30149767,0.3093672
949138619,0.37867457,0.3857835,0.23554197
949184149,0.2002521,0.48894748,0.3108004
949212778,0.3212684,0.38219455,0.29653704
949245136,0.47443116,0.2850224,0.24054639
949321212,0.21070912,0.5635389,0.22575198
949372732,0.30652323,0.43405,0.25942683
949551591,0.34823292,0.21459495,0.43717206
949683130,0.17378403,0.63097197,0.19524397
949697978,0.21682371,0.24942611,0.53375024
949732432,0.2214066,0.45075426,0.32783917
949745450,0.3329589,0.33141083,0.33563027
949808696,0.46952823,0.3236797,0.20679216
949860635,0.14312248,0.6955713,0.16130622
949916120,0.5966939,0.1890632,0.21424286
949929474,0.47444817,0.2597089,0.26584294
949935336,0.6189991,0.1787899,0.20221101
949940487,0.71687305,0.11584345,0.16728355
949963660,0.34637478,0.34126988,0.3123553
950057857,0.12416563,0.7315884,0.14424592
950067778,0.34637895,0.29530483,0.3583162
950127696,0.23084635,0.55872154,0.21043222
950392239,0.41423818,0.3444657,0.24129608
950413942,0.38593102,0.37371227,0.24035673
950469265,0.47572327,0.26694694,0.2573298
950471324,0.15829602,0.21785574,0.6238482
950484775,0.2924993,0.35718483,0.3503158
950487223,0.43837798,0.292962,0.26866007
950532629,0.68989587,0.15542841,0.15467572
950547822,0.19954497,0.56433123,0.23612383
950563406,0.27690902,0.39257357,0.33051735
950685101,0.22245108,0.3980158,0.37953308
950723867,0.3258899,0.39144805,0.28266212
950771207,0.19688582,0.5910946,0.21201947
950813663,0.35656387,0.35375336,0.28968272
950933203,0.4825988,0.22717367,0.29022753
951116656,0.07091694,0.83024305,0.09884001
951209688,0.34184152,0.35098785,0.30717072
951218214,0.51986825,0.23238386,0.24774787
951282686,0.27560478,0.24107438,0.48332083
951662104,0.29476514,0.3734499,0.33178493
951777252,0.48626173,0.14444722,0.36929107
951808923,0.50648755,0.2680289,0.22548355
951827839,0.181829,0.6106208,0.20755029
952007720,0.3031874,0.34551704,0.3512955
952116483,0.2640171,0.39539486,0.34058803
952119992,0.3188965,0.37515363,0.30594978
952175928,0.63039744,0.17455618,0.19504634
952182942,0.20445102,0.29009494,0.505454
952285577,0.06978565,0.8385902,0.09162418
952306911,0.37423152,0.3483736,0.2773949
952405133,0.28629237,0.3934983,0.32020926
952438535,0.31282765,0.3882972,0.2988751
952497923,0.20983239,0.49983245,0.2903351
952783689,0.25048178,0.46434295,0.28517523
952785835,0.35496157,0.30721968,0.33781874
952825461,0.4328696,0.32914555,0.23798482
953185660,0.7784471,0.073847376,0.14770558
953202067,0.2585807,0.47163638,0.26978284
953238116,0.37028426,0.32731012,0.30240557
953251314,0.33432126,0.38473776,0.28094098
953475666,0.12993613,0.11356183,0.75650203
953490431,0.34600523,0.36623365,0.2877611
953593096,0.26006734,0.44236732,0.2975653
953716808,0.37960058,0.3496851,0.2707143
953760870,0.33158043,0.3601404,0.3082792
953878430,0.20536086,0.57448375,0.22015543
953949817,0.16866931,0.1528781,0.6784526
953971030,0.31054753,0.31485224,0.3746002
954014528,0.4101351,0.33363035,0.25623447
954045474,0.28775024,0.36793628,0.34431344
954085655,0.42157406,0.3082455,0.2701804
954191322,0.3783415,0.338951,0.2827075
954219870,0.41368103,0.32791895,0.25840005
954241867,0.3930994,0.29401088,0.3128898
954251217,0.26494431,0.40473643,0.3303193
954258864,0.3416875,0.3880496,0.2702629
954299079,0.38627467,0.2832239,0.33050144
954332976,0.31315944,0.2896998,0.39714074
954410312,0.55263233,0.21381596,0.23355179
954533987,0.19445425,0.18973519,0.6158106
954602806,0.39382684,0.3369108,0.2692623
954833885,0.40924358,0.31991324,0.27084324
954968528,0.3034907,0.3684764,0.32803297
954976000,0.45660806,0.30034888,0.24304299
955139849,0.35567153,0.37303022,0.27129823
955178814,0.22797291,0.5063326,0.26569456
955238091,0.23708117,0.30605826,0.45686063
955268483,0.24869299,0.48583117,0.2654758
955358785,0.2560238,0.20415631,0.5398199
955483488,0.28592163,0.30520692,0.4088714
955563727,0.40128377,0.29940894,0.29930726
955583211,0.43835822,0.28069258,0.28094918
955650665,0.17845677,0.13139652,0.6901467
955674951,0.13195248,0.7296999,0.13834761
955729237,0.26659888,0.42621255,0.3071886
956008770,0.43704608,0.27235392,0.29060003
956019169,0.22540091,0.5678346,0.20676446
956130768,0.2971998,0.36635575,0.33644447
956249108,0.33198372,0.22821392,0.43980235
956292301,0.22794248,0.28711864,0.48493892
956455246,0.28816047,0.2573559,0.4544837
956468318,0.22817779,0.23013528,0.5416869
956475376,0.30574593,0.3326773,0.3615767
956767406,0.3059514,0.26772457,0.42632407
956829333,0.28330123,0.33297858,0.38372022
956831685,0.3896228,0.21676339,0.3936138
956881231,0.26926118,0.20028658,0.53045225
956902730,0.4908399,0.22633003,0.28283
956996799,0.25424433,0.34805742,0.39769822
957063438,0.3213256,0.36065677,0.31801772
957148738,0.64816993,0.16035153,0.19147854
957159094,0.11064266,0.7404621,0.14889528
957407009,0.163056,0.1477009,0.689243
957524297,0.21442826,0.21610576,0.569466
957624109,0.27180493,0.29787517,0.4303199
957625735,0.25417817,0.23264419,0.5131777
957718204,0.19005935,0.19559883,0.6143418
957785430,0.5697521,0.20831089,0.22193696
957802247,0.14169323,0.14205635,0.7162504
957831114,0.21919045,0.41112253,0.369687
957900600,0.40714434,0.2979166,0.29493907
957929687,0.36218628,0.307365,0.33044872
957944470,0.36432827,0.30585867,0.32981303
958030576,0.7670012,0.0927096,0.14028911
958181648,0.29484168,0.4285354,0.27662286
958258557,0.18886653,0.5433503,0.26778316
958407663,0.22878033,0.49285465,0.27836505
958411412,0.1945789,0.19067325,0.6147478
958570456,0.20608214,0.57932377,0.21459404
958711853,0.3669531,0.3361131,0.29693383
958756937,0.27009255,0.29568782,0.43421972
958770367,0.1538998,0.144713,0.7013872
958813545,0.23612987,0.2495029,0.5143672
958929224,0.21921201,0.42763755,0.35315046
958956382,0.27886,0.32890114,0.3922389
958993581,0.3699371,0.34042057,0.28964233
958998735,0.65555096,0.15053873,0.19391032
959041929,0.292098,0.36678597,0.34111604
959074564,0.2374708,0.4118842,0.35064498
959165030,0.17102042,0.644077,0.18490265
959187404,0.4033038,0.3350216,0.26167458
959258831,0.28274617,0.2041595,0.51309437
959325208,0.50323075,0.27961972,0.21714959
959367835,0.3523651,0.32668814,0.32094684
959444745,0.4860227,0.27341834,0.2405589
959446032,0.22269587,0.53034794,0.24695626
959474894,0.32522616,0.36727488,0.307499
959498459,0.3314739,0.38429627,0.28422982
959558277,0.30441493,0.38037667,0.31520838
959564076,0.30549604,0.338732,0.355772
959568291,0.079188325,0.8181029,0.102708794
959829606,0.74642336,0.10937354,0.14420314
959861067,0.53692186,0.21812212,0.24495605
959866924,0.37965152,0.3416309,0.27871764
959896926,0.4302161,0.30234498,0.26743892
959904675,0.35892618,0.3310048,0.31006902
960006781,0.19653423,0.5840454,0.21942034
960146700,0.20337,0.19620383,0.60042614
960324118,0.38296396,0.3165025,0.3005335
960510539,0.31128365,0.39452928,0.29418707
960519093,0.32675555,0.33066913,0.34257528
960646698,0.38411072,0.3089091,0.30698016
960696121,0.29387346,0.2815196,0.42460695
960813185,0.1725671,0.6154397,0.2119932
961009421,0.6994724,0.13352488,0.16700274
961038794,0.2673659,0.259118,0.47351614
961180975,0.430703,0.32958502,0.23971196
961264892,0.4244344,0.3332463,0.24231927
961358785,0.356787,0.38545677,0.2577562
961397633,0.13900606,0.1172279,0.743766
961413113,0.095760114,0.7957477,0.10849227
961422252,0.25065592,0.3961908,0.35315332
961628654,0.33102143,0.4183817,0.2505969
961737897,0.37053138,0.32065752,0.3088111
961766952,0.25411463,0.23308538,0.51280004
961804320,0.33329007,0.3649075,0.3018025
961901015,0.3667859,0.3331223,0.30009177
961906008,0.24784833,0.49098894,0.2611627
962005375,0.3156968,0.24426292,0.4400403
962071569,0.32603723,0.435193,0.23876974
962071772,0.29952085,0.4819436,0.21853562
962160793,0.3808008,0.33180043,0.28739873
962170524,0.41331744,0.3040808,0.28260177
962327797,0.15695699,0.6668913,0.17615175
962332189,0.5170118,0.24322863,0.23975956
962425022,0.12290201,0.7412622,0.13583578
962661497,0.16375348,0.6536742,0.18257234
962702112,0.39125755,0.32133293,0.28740954
962805914,0.32133344,0.35076183,0.32790476
962859444,0.5029418,0.25005332,0.24700497
962899966,0.30164602,0.32041508,0.3779389
962925391,0.20114794,0.46796042,0.3308917
963019881,0.30611277,0.35720828,0.33667895
963079512,0.3311912,0.42201066,0.24679807
963168221,0.15294829,0.6677551,0.17929652
963219452,0.24874045,0.49630567,0.25495398
963245131,0.3221749,0.36406523,0.3137599
963247850,0.36833265,0.34510702,0.28656036
963297065,0.3850768,0.313122,0.30180123
963311459,0.120760195,0.7222928,0.15694697
963356699,0.7270733,0.12644455,0.14648217
963479207,0.5931148,0.1906841,0.21620116
963483482,0.2909175,0.28039193,0.42869058
963488465,0.63035834,0.18629561,0.183346
963552915,0.49505487,0.25602883,0.24891627
963745337,0.4548231,0.28734392,0.257833
963763455,0.4099463,0.30405936,0.28599432
963867297,0.4002161,0.26738188,0.33240205
963922807,0.12779486,0.7371261,0.13507903
964012812,0.32616532,0.4053529,0.2684817
964175194,0.40220678,0.35739005,0.2404032
964178788,0.17325765,0.6284979,0.19824448
964277377,0.43629995,0.31331414,0.25038597
964435534,0.23561794,0.31675917,0.44762295
964442889,0.5572456,0.21023369,0.23252061
964443169,0.10986071,0.7582425,0.13189678
964624604,0.6746561,0.13970639,0.18563749
964726209,0.4046916,0.31159618,0.28371212
964740428,0.1596975,0.6850288,0.15527369
964779872,0.73911107,0.10232914,0.1585598
964791589,0.32912207,0.3196399,0.35123813
964879311,0.2401535,0.56337076,0.19647563
964889010,0.7606367,0.09605427,0.14330906
964961295,0.27931708,0.3718644,0.34881854
965295444,0.13874789,0.1189642,0.74228793
965336812,0.24802239,0.2850271,0.4669505
965383346,0.7159722,0.116110206,0.16791758
965393251,0.14831743,0.20344296,0.6482397
965413813,0.40986505,0.26010534,0.33002958
965447069,0.10176106,0.76986134,0.12837754
965632179,0.3145567,0.41281068,0.27263266
965635510,0.34786808,0.3161792,0.33595273
965704811,0.4686144,0.2743763,0.2570093
965761072,0.4263512,0.27086103,0.30278784
965818969,0.1267573,0.716818,0.15642482
965900982,0.30966786,0.3688857,0.3214465
965919630,0.15879776,0.6388001,0.20240216
965999507,0.27564207,0.26464278,0.45971516
966020790,0.3259207,0.41309148,0.26098782
966138276,0.26369497,0.34145898,0.39484605
966209090,0.24553168,0.45252198,0.3019464
966297897,0.537668,0.21911508,0.24321687
966357208,0.45591113,0.24416287,0.29992604
966369830,0.36485797,0.21569142,0.41945052
966419377,0.5885795,0.1772928,0.23412769
966440124,0.47413662,0.30413702,0.22172636
966485855,0.31003904,0.33302698,0.35693398
966677815,0.15371619,0.15208496,0.69419885
966730580,0.42580652,0.30935326,0.26484022
966733916,0.30611,0.39166272,0.3022273
966764048,0.23403604,0.37202126,0.39394265
966864654,0.5083881,0.23224957,0.25936228
966897882,0.64353067,0.17636947,0.18009986
966924689,0.37067536,0.37996992,0.24935469
966999900,0.3638419,0.25222394,0.38393414
967053185,0.31977418,0.3423275,0.3378983
967077982,0.3744862,0.3201441,0.30536968
967092547,0.38555494,0.33280894,0.2816362
967262754,0.38013822,0.32962468,0.2902372
967456919,0.49772263,0.25479946,0.24747787
967676591,0.34747818,0.42224038,0.23028153
967677590,0.28369236,0.40402284,0.3122848
968034905,0.57522714,0.18107015,0.24370271
968051836,0.31041992,0.3249587,0.3646214
968066686,0.21017447,0.20295562,0.58686984
968085105,0.2746075,0.34068453,0.38470793
968172666,0.22137171,0.44777048,0.33085778
968261821,0.24832557,0.4034409,0.34823346
968436670,0.38437647,0.32342726,0.2921963
968511670,0.21423271,0.19899541,0.58677185
968556225,0.48216516,0.26873013,0.24910475
968613117,0.32849413,0.24765998,0.42384595
968618344,0.13423592,0.6737584,0.19200566
968690820,0.2663149,0.4058482,0.3278369
968710213,0.33708823,0.3495632,0.31334865
968815185,0.23743536,0.45204362,0.31052098
968827692,0.36353067,0.35213152,0.28433782
968923425,0.2143117,0.2739191,0.5117692
968944621,0.44963697,0.29000467,0.26035833
968984685,0.38603276,0.34929436,0.26467285
969056920,0.3366252,0.39896333,0.26441142
969103355,0.38409695,0.30867198,0.30723107
969182678,0.22048704,0.46389368,0.31561932
969245346,0.33823028,0.34731007,0.31445962
969370699,0.2802722,0.2781239,0.44160387
969389798,0.23575051,0.5302595,0.23398994
969536442,0.07897386,0.81605315,0.104972966
969553384,0.47384024,0.18374583,0.34241393
969661703,0.28552628,0.2805517,0.4339219
969687775,0.32784638,0.33277646,0.3393771
969812789,0.3097005,0.4035567,0.2867428
970059692,0.2802366,0.42413974,0.29562363
970103935,0.39735818,0.3554432,0.24719854
970166333,0.2252145,0.25789836,0.5168871
970614408,0.17156143,0.16747105,0.66096747
970694370,0.79179156,0.092021056,0.116187334
971011552,0.35941428,0.3754544,0.26513135
971073852,0.21268648,0.5191591,0.2681544
971128341,0.33272395,0.36742872,0.29984733
971191495,0.22186537,0.28886873,0.48926592
971209093,0.27635577,0.328587,0.39505726
971256776,0.25794202,0.1334353,0.6086227
971497398,0.49925914,0.25149277,0.24924804
971530371,0.23919,0.47508392,0.2857262
971573063,0.22838162,0.5297302,0.24188817
971674074,0.12078234,0.72666466,0.152553
971802428,0.3508125,0.28421393,0.36497363
971849841,0.14790484,0.13480145,0.71729374
971909568,0.33120716,0.32666945,0.34212345
971930382,0.41026035,0.34785327,0.24188645
972053024,0.43423566,0.29519582,0.27056852
972112250,0.17047328,0.6371245,0.19240218
972210396,0.3499084,0.3367228,0.31336877
972283786,0.10878534,0.09669377,0.7945208
972365376,0.3671415,0.36887693,0.2639816
972397720,0.4637736,0.2672167,0.26900968
972611310,0.299435,0.3212326,0.3793324
972633989,0.22503634,0.23387103,0.54109263
972639420,0.31043833,0.36218655,0.32737508
972663364,0.34423664,0.36719152,0.28857186
972698828,0.27378267,0.45042416,0.27579316
972720208,0.23854756,0.3408245,0.42062792
972827848,0.11168158,0.7588561,0.12946235
972870286,0.5207861,0.2162361,0.2629778
972874959,0.47115165,0.27333748,0.25551093
973014278,0.39157858,0.34076604,0.2676553
973087659,0.2792253,0.36509416,0.35568056
973196527,0.26381686,0.34912145,0.38706172
973203639,0.5135049,0.27532765,0.21116745
973230523,0.40932095,0.29795074,0.2927283
973237360,0.66250175,0.15546668,0.18203153
973298246,0.11375848,0.76243585,0.12380567
973434949,0.31610903,0.37280092,0.31109002
973798437,0.15929714,0.6557289,0.18497406
973884896,0.20811643,0.5335279,0.25835562
973908167,0.32089007,0.40624207,0.27286774
973976117,0.3420529,0.35666177,0.30128524
974233780,0.34952402,0.38106182,0.26941422
974239303,0.38886505,0.27339086,0.3377441
974269050,0.2045379,0.5764913,0.21897079
974365133,0.31503364,0.34003904,0.3449273
974415863,0.30754542,0.37360263,0.31885198
974434915,0.40101185,0.34405595,0.25493217
974443466,0.37086797,0.32926825,0.2998638
974570062,0.54060143,0.24612312,0.21327539
974667002,0.326978,0.41770926,0.2553127
974692310,0.2847368,0.20700154,0.5082616
974713087,0.48377952,0.2716121,0.2446084
974773899,0.71402055,0.13304232,0.15293714
974796495,0.35010153,0.38996518,0.25993317
974857200,0.5716701,0.18868357,0.23964633
974861494,0.5139026,0.26719552,0.21890189
974927151,0.2377238,0.44574344,0.31653285
975160851,0.21101724,0.19261494,0.5963678
975175408,0.4910585,0.2420904,0.26685104
975255869,0.45392105,0.29492122,0.25115776
975353340,0.08727286,0.08029324,0.83243394
975417099,0.58393687,0.1763693,0.23969379
975492536,0.3685608,0.2991943,0.3322449
975507227,0.29706565,0.42585814,0.27707624
975552268,0.34958726,0.36102045,0.2893923
975563938,0.18809189,0.6026779,0.20923032
975616275,0.1903769,0.57213414,0.237489
975701294,0.10806072,0.76990694,0.1220324
975726905,0.20705083,0.5544984,0.23845077
975806991,0.15416336,0.13636231,0.70947427
975819696,0.11825679,0.17152904,0.7102142
975823212,0.14281367,0.22920166,0.6279847
975905336,0.24035873,0.24896114,0.5106801
975918733,0.36607212,0.35223565,0.2816922
976035263,0.3110431,0.34416154,0.3447953
976072361,0.4489672,0.285911,0.26512182
976152628,0.39689735,0.33962616,0.2634765
976195786,0.4352433,0.26065078,0.30410597
976205625,0.26081917,0.32187775,0.4173031
976243142,0.13467553,0.6999204,0.16540402
976261923,0.31794363,0.26118234,0.42087403
976367149,0.37358102,0.38066593,0.24575305
976472526,0.5169927,0.19425586,0.28875148
976503099,0.6397014,0.16327342,0.19702524
976529885,0.1519016,0.639841,0.2082574
976573756,0.46971205,0.30265084,0.22763719
976584716,0.18457055,0.57720536,0.2382241
976597579,0.11366956,0.7439247,0.14240569
976647167,0.57926357,0.18636242,0.23437403
976774641,0.78918433,0.084404804,0.12641081
976877047,0.29103673,0.36561364,0.34334958
976960943,0.3508904,0.3126334,0.33647627
976978017,0.43861824,0.3266202,0.23476164
976990743,0.4237308,0.30380067,0.2724685
976993712,0.42545795,0.324394,0.25014806
977085774,0.3483925,0.36579275,0.28581473
977119656,0.15633203,0.13910781,0.7045602
977202728,0.24430023,0.20621742,0.54948235
977375709,0.17474385,0.52982426,0.29543188
977470878,0.20544443,0.5505496,0.24400592
977514560,0.37636662,0.26726732,0.3563661
977533411,0.33690143,0.38672858,0.27637
977534882,0.23874032,0.29747748,0.4637821
977748007,0.68718183,0.11991243,0.19290578
977836949,0.39991745,0.3278777,0.27220482
977918327,0.2801514,0.33548522,0.38436332
977950924,0.3716394,0.26190755,0.36645302
978005926,0.3064132,0.43509832,0.25848848
978047909,0.19367495,0.46202648,0.34429857
978061782,0.11385429,0.75891185,0.12723385
978144006,0.43209583,0.29253572,0.27536845
978145715,0.27435625,0.41910765,0.30653614
978352291,0.47559062,0.28350845,0.2409009
978357711,0.31461614,0.4183105,0.2670734
978489655,0.4043962,0.27553758,0.32006624
978511693,0.22088622,0.55705893,0.22205488
978595363,0.44205207,0.31481016,0.24313773
978707990,0.41622603,0.289458,0.294316
978709287,0.36218116,0.34431967,0.29349917
978900222,0.07058461,0.061019424,0.868396
979154904,0.4279977,0.2678183,0.30418396
979329321,0.17246695,0.17564327,0.65188974
979358488,0.5839763,0.15146591,0.26455778
979401700,0.266107,0.2673481,0.4665449
979496375,0.44596326,0.27333125,0.28070542
979752306,0.27324682,0.4132948,0.31345835
979801473,0.41084164,0.3113174,0.27784097
979830958,0.39950988,0.3058757,0.29461446
979961721,0.50136054,0.26624554,0.2323939
979979768,0.32036164,0.29715383,0.38248459
980158497,0.3593033,0.38350812,0.25718853
980242318,0.13622324,0.70731825,0.15645851
980244783,0.5420883,0.21797656,0.23993514
980252666,0.2344091,0.50728285,0.25830808
980304538,0.55454737,0.21397936,0.23147331
980336061,0.46833393,0.2768615,0.25480458
980355749,0.5266746,0.21514803,0.25817728
980386233,0.51981926,0.17031223,0.3098685
980502997,0.33685166,0.28540272,0.37774557
980596204,0.35060015,0.35791516,0.2914847
980656014,0.41879442,0.2625572,0.31864837
980759190,0.3936158,0.32783592,0.27854818
980854550,0.6670786,0.15460072,0.17832069
980944533,0.3427997,0.37020603,0.2869943
980978812,0.14631516,0.14619853,0.70748633
981138999,0.34220147,0.3308515,0.32694706
981371172,0.31529436,0.3597177,0.32498795
981410377,0.27049518,0.32906172,0.40044308
981564533,0.23843831,0.47809255,0.28346914
981665620,0.26034248,0.43532246,0.3043351
981688841,0.31004444,0.3870631,0.3028925
981693215,0.35091394,0.36798316,0.28110293
981703288,0.24807759,0.40388775,0.34803468
981729453,0.36015648,0.34246263,0.29738095
981842857,0.43095425,0.28886464,0.28018114
982493677,0.3033932,0.3327874,0.36381948
982551587,0.1024739,0.7724095,0.12511659
982603280,0.25243983,0.34789118,0.39966905
982609901,0.4952916,0.24807076,0.25663766
982612097,0.25620136,0.28957972,0.45421892
982644225,0.4366386,0.30032733,0.26303402
982778923,0.45177633,0.29969102,0.24853264
982797381,0.50391686,0.26158524,0.2344979
982804655,0.17113411,0.22246994,0.60639596
982862169,0.29585254,0.45132858,0.25281888
982899813,0.26842144,0.36560464,0.36597398
983086941,0.33243412,0.40609553,0.26147035
983120682,0.35595593,0.3251771,0.31886697
983148076,0.28387797,0.33329684,0.38282523
983201833,0.17908472,0.45770672,0.3632086
983213775,0.31449378,0.38543454,0.30007172
983286724,0.2853166,0.4383169,0.27636653
983349697,0.14554112,0.66596115,0.18849766
983424299,0.32333314,0.3181146,0.35855225
983450870,0.19131066,0.20013851,0.60855085
983460114,0.3470929,0.34330595,0.30960116
983474312,0.22777039,0.20049436,0.57173526
983650951,0.26694646,0.41397658,0.319077
983741282,0.3580573,0.33499187,0.30695078
983805862,0.2793646,0.31225818,0.40837723
984028459,0.140942,0.1513415,0.7077165
984165318,0.3996477,0.3285439,0.2718084
984541609,0.15314686,0.6879095,0.15894367
984707357,0.43557262,0.27586716,0.2885602
984716400,0.20396781,0.20288602,0.59314615
984755447,0.19963872,0.44452283,0.35583845
984848010,0.40579557,0.3113747,0.28282967
984857340,0.32120383,0.33481637,0.34397975
984877708,0.15681925,0.66645235,0.17672832
984909294,0.20459224,0.41809064,0.37731716
985055077,0.1896451,0.17864525,0.63170964
985062848,0.46086168,0.29211056,0.24702774
985079084,0.42947724,0.35207158,0.21845114
985091616,0.19573748,0.57558507,0.22867739
985120526,0.42291728,0.3340395,0.24304323
985170723,0.45864987,0.27281475,0.26853538
985185438,0.4166741,0.34688374,0.23644212
985392153,0.2838312,0.40957615,0.30659258
985447146,0.19375814,0.16714367,0.63909817
985493041,0.42697823,0.16932133,0.40370044
985556469,0.21707205,0.17779957,0.6051284
985616061,0.3963793,0.32603112,0.27758956
985712970,0.1279613,0.72851956,0.14351909
985822193,0.3918766,0.34246695,0.2656564
985854568,0.4499906,0.2880467,0.2619627
985865249,0.35178396,0.33480707,0.31340894
985876448,0.6634181,0.15405524,0.18252666
985881246,0.3037668,0.34659877,0.34963435
985897607,0.30565026,0.3603855,0.33396417
985922474,0.46096373,0.22371602,0.31532022
985925841,0.63135386,0.18401782,0.18462835
986028016,0.38893685,0.32881007,0.28225306
986084062,0.23723829,0.504271,0.25849074
986275245,0.41061455,0.28178403,0.3076014
986347158,0.39649588,0.33680546,0.2666987
986468966,0.25454465,0.43892503,0.3065303
986593039,0.3558032,0.31417465,0.33002213
986644792,0.23909542,0.4672405,0.29366416
986800068,0.25141397,0.39763883,0.3509472
987243313,0.43781433,0.27694646,0.2852393
987307457,0.13715835,0.14542736,0.7174143
987355737,0.17738372,0.19400878,0.6286075
987484085,0.17500088,0.612468,0.2125311
987519962,0.45388117,0.3066414,0.23947741
987569113,0.13908511,0.12734367,0.73357123
987638378,0.30479893,0.28922293,0.4059782
987736117,0.22207238,0.18089424,0.5970333
987910217,0.58985007,0.21484482,0.19530508
987938465,0.07612052,0.8354326,0.08844691
987950178,0.39165285,0.3555984,0.25274876
988044761,0.15393075,0.66184074,0.1842285
988140021,0.31865504,0.34122527,0.34011978
988211591,0.28268865,0.3324709,0.38484043
988237706,0.35860863,0.33417127,0.30722013
988246925,0.30299395,0.2985485,0.3984576
988273890,0.3167714,0.33611822,0.3471104
988284837,0.24075311,0.347239,0.41200787
988314037,0.40224308,0.31301007,0.28474683
988350780,0.21890022,0.2816201,0.4994797
988624169,0.73863214,0.12097954,0.14038843
988854305,0.23634498,0.2820418,0.48161322
989009525,0.4132262,0.3482666,0.23850721
989339260,0.27248022,0.27149248,0.45602727
989358191,0.1462045,0.6838357,0.16995984
989498582,0.40520668,0.2800016,0.31479177
989566097,0.40848505,0.24682963,0.34468532
989610671,0.6788803,0.15152824,0.16959146
989621702,0.46181068,0.23556294,0.30262637
989674830,0.38691851,0.3380447,0.27503675
989783364,0.48181593,0.2903119,0.22787216
989797898,0.50032693,0.23028587,0.2693872
989820239,0.307881,0.37082785,0.32129112
989899135,0.20268542,0.49512005,0.30219454
990087976,0.20366083,0.25948763,0.5368515
990126340,0.65769744,0.1679181,0.1743844
990199485,0.116105966,0.7545261,0.12936799
990522268,0.61469954,0.19971095,0.18558952
990537614,0.26557302,0.25871205,0.4757149
990550237,0.32812652,0.3588592,0.3130143
990713269,0.5846522,0.17473948,0.24060833
990715314,0.35953686,0.29690874,0.3435544
990739477,0.15844975,0.14419699,0.69735324
990825007,0.2858565,0.34347495,0.3706685
990889410,0.5677709,0.16782896,0.26440018
991008934,0.46390796,0.31019083,0.22590129
991097704,0.57817525,0.20686077,0.21496393
991144882,0.16412659,0.66777915,0.1680943
991298952,0.37956953,0.30965474,0.3107758
991391027,0.49330482,0.2179474,0.2887478
991590724,0.5461606,0.22078073,0.23305863
991653255,0.366828,0.30114558,0.33202636
991741657,0.3629475,0.30195385,0.33509865
991748622,0.42436793,0.30899024,0.26664183
991772272,0.4115586,0.32538298,0.26305842
991833452,0.22818373,0.503983,0.26783323
991978654,0.40199745,0.3344374,0.2635652
992120621,0.21945861,0.4970829,0.28345847
992187761,0.36804724,0.29868647,0.33326626
992204185,0.34234154,0.36181536,0.29584312
992219893,0.22230788,0.22151959,0.55617255
992266303,0.6241673,0.17521428,0.20061831
992362842,0.7094267,0.11300572,0.17756757
992438897,0.12634791,0.68564016,0.18801188
992547400,0.40798417,0.32978427,0.26223156
992704586,0.59574914,0.18009673,0.22415414
992716746,0.62952185,0.17966527,0.19081298
992845099,0.54167795,0.22098614,0.23733594
992897032,0.31118956,0.2971735,0.39163694
993187594,0.24918328,0.36052772,0.390289
993344573,0.78717965,0.08755621,0.12526412
993435835,0.19708359,0.58802456,0.2148919
993509566,0.44080722,0.32978702,0.22940578
993608512,0.4716218,0.29239208,0.23598607
993650904,0.32250932,0.32105827,0.3564324
993695710,0.41952118,0.33958438,0.24089448
993718349,0.26319656,0.36657786,0.37022558
993809613,0.499227,0.2760242,0.22474883
993937192,0.30519438,0.37740147,0.31740415
994172956,0.27904904,0.37821588,0.34273517
994219570,0.22642207,0.31568277,0.4578952
994231117,0.28854275,0.3638972,0.34756
994473540,0.6083707,0.18335661,0.20827265
994486319,0.21501513,0.57811713,0.20686774
994527470,0.3072958,0.34811985,0.34458432
994536346,0.35913357,0.36668035,0.2741861
994568384,0.4544622,0.27154398,0.27399376
994614842,0.32774207,0.45753542,0.21472248
994685325,0.81357384,0.07927647,0.10714959
994831344,0.3245916,0.37484533,0.30056313
994859534,0.15787491,0.6692337,0.17289141
994923800,0.34303516,0.31633627,0.34062853
994934892,0.24066868,0.5150288,0.24430265
994955904,0.11863312,0.7021054,0.17926146
995035995,0.48163146,0.27000886,0.24835959
995126898,0.3465412,0.20447072,0.44898808
995170049,0.27293187,0.3539305,0.37313768
995297944,0.3042754,0.41574433,0.27998033
995343435,0.18239579,0.5928297,0.22477444
995471334,0.14401563,0.69392383,0.16206057
995572241,0.2531522,0.43315732,0.31369048
995706091,0.32741395,0.2978179,0.3747681
995710570,0.5233564,0.24192928,0.23471431
995750182,0.2945833,0.40065596,0.30476078
995817980,0.26304755,0.4017654,0.33518708
995840564,0.4127923,0.329002,0.2582057
995852331,0.24376553,0.41095504,0.34527948
995875367,0.16098969,0.12150021,0.71751004
995940421,0.5984588,0.21843362,0.18310753
996033751,0.12215861,0.10478707,0.7730543
996098848,0.36145663,0.32036483,0.31817856
996195240,0.31541294,0.38624954,0.29833746
996296678,0.07476175,0.81829077,0.10694745
996318034,0.38368487,0.277215,0.33910012
996391050,0.17487419,0.1673771,0.65774864
996519665,0.1971399,0.5817506,0.2211096
996533184,0.22976673,0.23458157,0.53565174
996864778,0.46828195,0.29717547,0.2345426
996874003,0.43198246,0.32227483,0.2457427
996917330,0.3139871,0.2983144,0.38769856
997063537,0.29420444,0.33840418,0.36739132
997093357,0.17578527,0.58458674,0.23962805
997098238,0.28597572,0.3991144,0.31490988
997211074,0.14355513,0.6052631,0.25118178
997228628,0.31069317,0.34162888,0.34767792
997311174,0.40294972,0.31171826,0.28533205
997386922,0.7187629,0.12102659,0.16021052
997406946,0.30022123,0.43353897,0.2662397
997506028,0.3629894,0.34216878,0.29484186
997808305,0.35407642,0.38445,0.26147354
997860319,0.42610252,0.3007173,0.27318016
997867639,0.16471899,0.14999638,0.68528455
997869328,0.3112608,0.28469235,0.40404683
997877761,0.71524763,0.12728612,0.1574663
997979165,0.20213884,0.22589603,0.5719651
998132483,0.45792305,0.31227726,0.22979966
998167472,0.26615304,0.28056297,0.453284
998209378,0.2613312,0.4008097,0.33785912
998282721,0.1908643,0.5596045,0.2495312
998353359,0.20397097,0.6049963,0.19103275
998562844,0.24126571,0.44456843,0.3141658
998594060,0.43452933,0.27565885,0.28981182
998686891,0.26402566,0.48325384,0.25272062
998701417,0.5242411,0.23696683,0.23879215
998770612,0.24229798,0.47157785,0.28612408
998781633,0.5126775,0.2252853,0.26203722
998886842,0.24517557,0.38784128,0.36698312
998998834,0.28159907,0.20953214,0.50886875
999029435,0.22737764,0.50548786,0.26713458
999039216,0.3293081,0.34506753,0.3256244
999160396,0.26740474,0.28116766,0.4514277
999167411,0.21306717,0.5173427,0.26959023
999171744,0.3571657,0.3783958,0.26443854
999220631,0.24901545,0.239127,0.5118576
999241997,0.11840444,0.12362788,0.7579677
999326027,0.11953329,0.7396188,0.14084798
999351657,0.26810905,0.33296785,0.39892307
999618947,0.21051338,0.5801843,0.20930237
999640847,0.090690956,0.08959271,0.8197164
999672705,0.34962735,0.17876491,0.47160777
999735362,0.39288664,0.33808768,0.26902565
999850215,0.22394148,0.46141216,0.31464642
999929110,0.17698193,0.62123525,0.20178282
999970825,0.5141898,0.26204678,0.22376345
1000035733,0.2905775,0.2754928,0.43392974
1000069973,0.25283453,0.52654284,0.22062263
1000129086,0.16478667,0.66673946,0.16847391
1000267947,0.5700119,0.2041285,0.2258596
1000516704,0.44035608,0.32346365,0.23618029
1000688326,0.08607727,0.070615545,0.8433072
1000701773,0.4779782,0.28525433,0.23676753
1000959511,0.34100592,0.36661336,0.29238072
1001033535,0.09401584,0.10049392,0.80549026
1001066252,0.4729816,0.24461706,0.28240132
1001235683,0.27417335,0.26233009,0.4634966
1001332344,0.18117604,0.1992349,0.6195891
1001435974,0.49354306,0.2870573,0.21939965
1001532674,0.41702783,0.2634266,0.31954566
1001544487,0.39746642,0.2684089,0.33412474
1001605950,0.34121972,0.31577286,0.34300742
1001609340,0.36875314,0.3542475,0.27699935
1001709180,0.53127277,0.13368638,0.33504084
1001709538,0.18176042,0.59752077,0.22071879
1002017720,0.26999086,0.21847016,0.511539
1002020279,0.23503762,0.500406,0.26455638
1002065907,0.1977865,0.20661864,0.5955948
1002199629,0.25116748,0.4726364,0.27619612
1002312183,0.5087925,0.26225713,0.22895032
1002345279,0.2886356,0.3805307,0.33083367
1002367845,0.34026736,0.33288902,0.32684356
1002432199,0.22315556,0.50260127,0.27424318
1002512422,0.27850145,0.42116967,0.3003289
1002552879,0.3281014,0.31739485,0.35450372
1002704037,0.30328837,0.20092387,0.49578777
1002704497,0.17419526,0.5802668,0.24553795
1002743294,0.08845909,0.815024,0.09651682
1002801391,0.36964595,0.39452788,0.23582622
1003387617,0.17228003,0.20304815,0.6246718
1003466948,0.3259416,0.3778007,0.2962577
1003656897,0.5348287,0.24749285,0.21767838
1003830996,0.18854722,0.19084308,0.62060976
1003928472,0.40509713,0.25831544,0.3365874
1003948253,0.39509335,0.3421046,0.26280203
1003956953,0.40320197,0.34251186,0.2542862
1004111077,0.45486078,0.2913975,0.25374162
1004251764,0.43733007,0.28588584,0.27678415
1004253502,0.4789909,0.23439467,0.28661442
1004457340,0.3141176,0.35505924,0.33082318
1004553890,0.41385165,0.3391287,0.24701963
1004580467,0.19386964,0.6061934,0.199937
1004685288,0.51906586,0.2216465,0.2592877
1004725841,0.257435,0.39617267,0.3463923
1004778711,0.3429243,0.3252319,0.3318438
1004847784,0.1922866,0.21630195,0.5914115
1004950655,0.34763637,0.3601606,0.2922031
1004975157,0.15655985,0.12956662,0.7138735
1005052532,0.40293574,0.3263245,0.2707398
1005114917,0.367297,0.3235223,0.30918065
1005212953,0.37151507,0.3493346,0.2791504
1005246965,0.26301265,0.39341098,0.3435764
1005334175,0.28662756,0.45855275,0.2548197
1005453665,0.18128343,0.5740051,0.24471143
1005530806,0.30572137,0.41082066,0.2834579
1005531631,0.4011223,0.3274142,0.27146354
1005579593,0.19417879,0.557894,0.2479272
1005603618,0.31168365,0.36242527,0.3258911
1005640616,0.23196164,0.5444745,0.22356392
1005779852,0.35174927,0.33523813,0.3130126
1006013031,0.3071176,0.34977454,0.34310782
1006213851,0.5415582,0.15965153,0.29879028
1006246244,0.26195484,0.29690573,0.44113946
1006540669,0.6345454,0.14622103,0.21923362
1006661370,0.33967766,0.3671918,0.29313052
1006662732,0.3107077,0.40954337,0.27974898
1006671822,0.27880314,0.39250436,0.32869256
1006727825,0.31344602,0.34586087,0.34069312
1006793932,0.353046,0.3832892,0.26366484
1006807272,0.24017216,0.40315357,0.35667437
1007007815,0.07215273,0.82057285,0.1072744
1007032744,0.31856224,0.38575584,0.29568195
1007050156,0.24727309,0.19557872,0.55714816
1007182060,0.17753808,0.540523,0.28193885
1007222837,0.08506826,0.8058043,0.10912751
1007296245,0.32006067,0.37217098,0.30776834
1007305110,0.28724098,0.2782196,0.43453938
1007465097,0.33224374,0.3215425,0.34621376
1007472529,0.32530814,0.3676719,0.30702
1007551834,0.2907042,0.3745352,0.33476064
1007600271,0.15670827,0.10716407,0.7361276
1007610679,0.34051216,0.4122543,0.24723351
1007660141,0.5593671,0.21588401,0.2247489
1007721281,0.09948206,0.7891613,0.1113566
1007783118,0.35198537,0.36098886,0.28702575
1007845495,0.46512008,0.32089043,0.2139895
1007950182,0.091205835,0.79634845,0.11244569
1008129849,0.33007598,0.3676825,0.3022415
1008189211,0.40825564,0.32957056,0.26217386
1008455780,0.36657187,0.34805596,0.28537217
1008553681,0.50458276,0.29349107,0.20192611
1008581559,0.33048192,0.35644227,0.31307572
1008707549,0.37590522,0.24595532,0.37813947
1008747765,0.28207046,0.4030363,0.31489322
1008783089,0.5548171,0.22056282,0.22462012
1008786078,0.22750601,0.22670516,0.5457888
1008888754,0.325238,0.36560443,0.30915758
1008940343,0.30460745,0.36072364,0.3346689
1008964329,0.31066108,0.31664744,0.37269148
1009012353,0.3370449,0.4066808,0.25627428
1009027138,0.3330969,0.3135405,0.35336262
1009093079,0.11094999,0.70219755,0.18685244
1009112621,0.19755282,0.5521969,0.2502502
1009116848,0.30624238,0.36047173,0.33328596
1009219453,0.405286,0.31254962,0.2821644
1009226340,0.34861043,0.23422664,0.41716293
1009247473,0.26471496,0.45400855,0.28127652
1009354810,0.5867727,0.19754308,0.21568419
1009371465,0.2911891,0.26257685,0.44623408
1009376384,0.30052644,0.40941042,0.2900632
1009485171,0.3482192,0.3569864,0.29479444
1009777220,0.45623556,0.25512287,0.28864148
1009807064,0.39283508,0.3215738,0.2855911
1009809551,0.28635094,0.44144148,0.27220756
1009826845,0.07599213,0.8215092,0.10249862
1009924633,0.19763413,0.23936853,0.5629974
1009961222,0.28083465,0.41194463,0.3072208
1010003853,0.33030286,0.18761785,0.4820793
1010095456,0.45480573,0.31557408,0.22962013
1010110716,0.14915797,0.14853553,0.7023065
1010200532,0.29382032,0.36990914,0.33627054
1010459805,0.48798168,0.2548133,0.257205
1010719681,0.40231392,0.3025458,0.29514027
1010760175,0.38489026,0.33217254,0.28293714
1010836405,0.25329366,0.5075163,0.23919007
1010884121,0.11382384,0.7581482,0.128028
1010956419,0.43148667,0.29027882,0.27823454
1011129469,0.32637468,0.31969208,0.35393322
1011138667,0.2754588,0.45829746,0.26624373
1011145086,0.39136112,0.32760572,0.28103313
1011257347,0.40096408,0.29255584,0.30648008
1011326643,0.43641993,0.31877148,0.24480863
1011363158,0.38496715,0.34705716,0.2679757
1011506565,0.45238858,0.24610132,0.3015101
1011529220,0.81619966,0.07180688,0.11199349
1011622221,0.30464232,0.30169898,0.39365876
1011667901,0.523774,0.23818143,0.23804449
1011712860,0.5412452,0.23294884,0.22580595
1011739923,0.41370368,0.26842114,0.3178752
1011816447,0.36931422,0.32744122,0.30324456
1011951726,0.1954306,0.20828582,0.59628356
1012114929,0.20578676,0.31622067,0.47799256
1012122343,0.43075222,0.30214337,0.26710445
1012132082,0.3582471,0.3110235,0.33072942
1012302776,0.18285893,0.62713826,0.19000286
1012333984,0.09721053,0.09127604,0.8115134
1012465057,0.16087957,0.6338216,0.20529883
1012537405,0.25442934,0.35405132,0.39151937
1012585117,0.38338393,0.32359517,0.2930209
1012621908,0.18610273,0.55966675,0.2542305
1012629347,0.3450246,0.35255957,0.30241573
1012736847,0.3940207,0.2847179,0.32126144
1012818458,0.39775154,0.26395512,0.33829328
1012843597,0.82541883,0.06943133,0.105149835
1012945934,0.4966734,0.22905378,0.27427283
1012990709,0.28009444,0.26195306,0.45795253
1012997218,0.20084561,0.5293269,0.26982749
1013002753,0.3916069,0.3248099,0.2835832
1013047563,0.3452044,0.27504438,0.37975127
1013083162,0.4335708,0.30265674,0.2637725
1013096227,0.52634215,0.25207695,0.22158085
1013121704,0.16864304,0.2276836,0.6036733
1013130705,0.24291413,0.4902912,0.2667946
1013298953,0.45939922,0.3167258,0.22387499
1013311319,0.3323659,0.3664717,0.3011624
1013532269,0.28712684,0.34487787,0.36799526
1013604300,0.3153637,0.28981805,0.3948183
1013707901,0.31570163,0.36079165,0.32350677
1013814935,0.41210234,0.2995785,0.28831917
1013945952,0.3966042,0.35507905,0.24831674
1014073708,0.42975888,0.31402272,0.25621846
1014500486,0.2838894,0.23932213,0.47678855
1014693433,0.1993634,0.19498515,0.6056514
1014957582,0.22056216,0.22634485,0.55309296
1014994649,0.6234101,0.18883513,0.18775475
1015083188,0.6508594,0.17526066,0.17387992
1015269231,0.38704002,0.3322624,0.28069755
1015382372,0.28163353,0.29867586,0.4196906
1015405504,0.38526142,0.29802904,0.31670964
1015435480,0.27959746,0.4319947,0.28840783
1015437448,0.26584134,0.4340463,0.3001123
1015479804,0.3683614,0.24911022,0.3825284
1015515389,0.30421245,0.24947552,0.44631198
1015541561,0.70611435,0.14325915,0.15062651
1015575365,0.17980236,0.18152584,0.63867176
1015763468,0.30614278,0.42289123,0.27096605
1015800095,0.2614455,0.42226353,0.3162909
1015938750,0.33331275,0.28210947,0.38457772
1015952172,0.38550198,0.32899013,0.28550792
1016032347,0.6433556,0.16656904,0.19007531
1016171093,0.23721516,0.41110882,0.35167602
1016221575,0.33595482,0.38486803,0.27917713
1016281411,0.36204258,0.32632244,0.31163502
1016311718,0.39554867,0.30760145,0.29684988
1016393520,0.24858013,0.43220374,0.319216
1016394493,0.2578606,0.3620127,0.38012674
1016546382,0.45729718,0.27303118,0.2696716
1016570331,0.5634819,0.22868833,0.20782983
1016886310,0.18763253,0.14986464,0.6625028
1016898444,0.20919625,0.19215181,0.59865195
1017042871,0.40087673,0.28507945,0.3140438
1017166973,0.36689913,0.25072235,0.3823785
1017308929,0.27249444,0.42110625,0.30639938
1017341115,0.35296348,0.36510962,0.28192693
1017350287,0.2602209,0.46675038,0.27302867
1017356570,0.4072577,0.26049668,0.33224556
1017414914,0.46726787,0.29001752,0.24271452
1017418820,0.28015327,0.30490264,0.4149441
1017531429,0.4369953,0.30571687,0.25728777
1017722417,0.3766781,0.3207199,0.30260202
1017748045,0.13694768,0.14235161,0.7207007
1017866796,0.15380286,0.33833843,0.5078587
1018074565,0.3122801,0.33020616,0.35751376
1018140476,0.35931158,0.36662295,0.2740655
1018142780,0.31428766,0.3423935,0.34331888
1018178352,0.2827594,0.3609986,0.356242
1018249075,0.29137462,0.40062606,0.3079994
1018307815,0.25374597,0.5659799,0.18027417
1018340716,0.27214757,0.43469298,0.29315934
1018471709,0.2222031,0.43394512,0.34385175
1018759739,0.5845811,0.20385848,0.21156041
1018771854,0.23541066,0.49410376,0.27048558
1018800138,0.17668512,0.14094421,0.6823706
1018861381,0.5408082,0.20177828,0.25741354
1018929464,0.2812609,0.3708674,0.3478718
1018957962,0.45236576,0.32743397,0.22020024
1018973602,0.48243278,0.28206494,0.23550226
1019231268,0.66726696,0.15707907,0.17565401
1019284587,0.62816846,0.16234568,0.2094859
1019335160,0.12985702,0.69423336,0.17590962
1019426316,0.57208914,0.21005394,0.21785688
1019660590,0.23173347,0.5047521,0.26351452
1019686644,0.3337788,0.2629841,0.40323713
1019742767,0.6909132,0.14113435,0.16795246
1019867367,0.33347678,0.27989805,0.3866252
1019909130,0.33281362,0.28738108,0.37980533
1020104198,0.25650567,0.2813867,0.4621076
1020121842,0.3308165,0.41200817,0.25717533
1020265918,0.3825793,0.31958312,0.29783767
1020370445,0.33477178,0.24240817,0.42282012
1020430386,0.38189268,0.37058166,0.24752569
1020583027,0.64008915,0.16031313,0.19959764
1020614776,0.5030939,0.2730778,0.2238283
1020659423,0.3528548,0.28824288,0.3589023
1020718743,0.34941575,0.29209742,0.35848686
1020799349,0.3831478,0.321427,0.2954252
1020890282,0.36431214,0.36397675,0.27171108
1020936697,0.31182897,0.32308045,0.3650906
1020937915,0.48738995,0.22606498,0.28654507
1021093067,0.24794596,0.2009919,0.55106217
1021263791,0.08839031,0.79461753,0.11699213
1021279506,0.55569214,0.23040824,0.21389961
1021359092,0.5266661,0.21597359,0.25736025
1021392891,0.10602104,0.7573221,0.13665695
1021456235,0.13767092,0.18860362,0.67372537
1021487702,0.24507146,0.47030815,0.2846203
1021573994,0.46328378,0.283414,0.25330222
1021638126,0.34793907,0.35522473,0.2968362
1021646757,0.39345482,0.30965537,0.29688978
1021770575,0.33567014,0.40065888,0.26367104
1021833650,0.27586478,0.39234942,0.3317857
1021940567,0.2500448,0.25801057,0.4919446
1022002069,0.31662527,0.40322536,0.28014937
1022010722,0.47825447,0.3128312,0.20891434
1022054561,0.4013492,0.32357702,0.2750738
1022075484,0.39280322,0.26787665,0.3393201
1022146250,0.5428419,0.23809052,0.21906759
1022162334,0.2999052,0.29850852,0.40158632
1022252938,0.47233585,0.28648114,0.24118303
1022473512,0.20005554,0.51263565,0.28730875
1022694062,0.38209888,0.34895903,0.26894203
1022798287,0.19523102,0.32411107,0.48065796
1022868025,0.37132698,0.3610299,0.26764306
1022960774,0.27791983,0.47144926,0.25063086
1023137173,0.33163837,0.37572104,0.29264063
1023165393,0.45069605,0.27956912,0.26973486
1023400679,0.24774463,0.47604948,0.2762059
1023712132,0.34755597,0.35814953,0.29429448
1023736000,0.4779135,0.27117103,0.2509155
1023763530,0.34422565,0.33482465,0.32094976
1023830459,0.28248978,0.23443018,0.48308006
1023837918,0.18337345,0.1878079,0.6288187
1023897025,0.36744747,0.27711958,0.35543293
1024025484,0.16481939,0.6113447,0.22383593
1024036896,0.29226118,0.39633614,0.31140277
1024069530,0.58069044,0.2276787,0.19163083
1024138180,0.33903724,0.30832374,0.35263902
1024348753,0.10861139,0.091791645,0.79959697
1024366069,0.13038011,0.721219,0.14840081
1024440119,0.44051036,0.30620435,0.2532853
1024570069,0.49212113,0.2618774,0.24600153
1024608958,0.4032171,0.3189185,0.27786446
1024730987,0.26870742,0.38954595,0.3417466
1024745031,0.25149846,0.24007952,0.50842196
1024748755,0.38899028,0.32648236,0.28452736
1024793544,0.2817716,0.42314485,0.2950836
1024800111,0.43882388,0.27093977,0.2902364
1024847176,0.47388917,0.25732428,0.2687865
1024963717,0.06962584,0.064297006,0.8660771
1025007673,0.2861124,0.34440106,0.36948654
1025024630,0.32901907,0.3892548,0.28172603
1025054830,0.67676216,0.13587141,0.18736634
1025071144,0.60064703,0.19175999,0.2075929
1025081381,0.25761992,0.2656598,0.4767203
1025088953,0.38693988,0.2796817,0.33337843
1025191679,0.32793495,0.32132822,0.3507368
1025274392,0.50574476,0.24744895,0.24680631
1025315207,0.1354306,0.68955576,0.17501363
1025349912,0.1375066,0.6996995,0.16279387
1025381952,0.18747914,0.5642269,0.24829397
1025419258,0.3095835,0.2755068,0.41490978
1025614538,0.5491819,0.21734044,0.23347768
1025634475,0.30888984,0.24863285,0.4424773
1025681566,0.20058972,0.15543061,0.64397967
1025745646,0.239832,0.26969573,0.49047226
1025764838,0.36515373,0.36498708,0.26985922
1025914252,0.4197557,0.28812084,0.29212338
1025925025,0.11058444,0.10986551,0.7795501
1026089560,0.13948052,0.697457,0.16306244
1026104697,0.44981056,0.31534016,0.23484933
1026158728,0.1341256,0.14405642,0.721818
1026166139,0.4152695,0.3276112,0.2571193
1026269845,0.16576892,0.15846595,0.67576516
1026475605,0.24437223,0.4953066,0.26032108
1026547764,0.52883023,0.24135238,0.22981735
1026615250,0.16382855,0.6705255,0.16564599
1026732375,0.1827746,0.648178,0.16904736
1026775188,0.37106034,0.33566675,0.2932729
1026974500,0.39780483,0.310035,0.29216018
1027054296,0.3638,0.30742666,0.32877332
1027065440,0.43654206,0.28376073,0.2796972
1027167915,0.3258726,0.36673716,0.30739018
1027173389,0.4686149,0.2776145,0.25377056
1027249141,0.4976521,0.2120374,0.29031056
1027451676,0.2035979,0.20932254,0.5870795
1027600099,0.22136806,0.44725132,0.33138064
1027651895,0.51850355,0.23692885,0.24456753
1027808526,0.30378672,0.2591645,0.4370487
1027917935,0.54892945,0.22962254,0.2214481
1027920306,0.19344185,0.58772117,0.21883689
1027932060,0.3780189,0.21073204,0.41124904
1027970646,0.54642385,0.225112,0.2284641
1028089108,0.49596307,0.23820877,0.26582813
1028169819,0.13267294,0.7228235,0.14450353
1028180870,0.25710425,0.5274898,0.21540602
1028414366,0.45036724,0.25497782,0.29465494
1028469611,0.1961877,0.20012912,0.60368323
1028504287,0.29664692,0.30045468,0.40289834
1028521102,0.34417626,0.3960602,0.25976354
1028640108,0.3904278,0.24640515,0.36316708
1028643940,0.21889871,0.24027787,0.5408234
1028769032,0.13499677,0.7105819,0.15442137
1028884741,0.15136209,0.6387049,0.209933
1028922971,0.3913147,0.27281153,0.3358738
1028945485,0.2512291,0.39081314,0.35795772
1029102080,0.41116,0.29455665,0.29428333
1029176578,0.36243922,0.32874548,0.3088152
1029387373,0.28933153,0.35154736,0.35912114
1029438168,0.39299482,0.32589456,0.28111058
1029472639,0.60939306,0.18177894,0.20882803
1029538238,0.4581305,0.24530764,0.2965618
1029863876,0.433452,0.2984491,0.2680989
1029897539,0.5136957,0.2716066,0.21469772
1029960831,0.47190994,0.26996475,0.25812525
1030145086,0.34065077,0.3433938,0.31595537
1030181920,0.2733604,0.47266144,0.25397825
1030429817,0.40999714,0.3180552,0.27194756
1030437461,0.42479143,0.34238395,0.23282465
1030543400,0.2519404,0.4404114,0.30764827
1030559904,0.089710385,0.8031302,0.10715939
1030560277,0.4245974,0.27840295,0.29699963
1030601552,0.4038592,0.30505994,0.2910809
1030770120,0.32575625,0.29882976,0.37541398
1031166845,0.49561816,0.24970075,0.25468102
1031206163,0.28940326,0.23078077,0.47981602
1031400561,0.28818625,0.256547,0.45526683
1031507116,0.26436493,0.4939986,0.2416365
1031651084,0.39074555,0.28928536,0.31996906
1031674831,0.40619847,0.26808357,0.325718
1031795092,0.16076371,0.22737138,0.611865
1031891849,0.32899064,0.3278316,0.34317777
1032105893,0.17692104,0.16465437,0.65842456
1032322883,0.46763787,0.2836854,0.24867679
1032331239,0.33016303,0.29499868,0.3748383
1032357063,0.32901883,0.3904222,0.28055897
1032416672,0.23355956,0.46729276,0.29914767
1032459796,0.4799456,0.281818,0.23823634
1032460727,0.3117569,0.22441441,0.46382868
1032494167,0.356314,0.34324494,0.30044106
1032525832,0.56951153,0.18433397,0.24615458
1032657157,0.24845141,0.49934158,0.25220695
1032817895,0.41669604,0.26191708,0.32138684
1032884564,0.17311011,0.26580215,0.56108785
1032963578,0.5928664,0.19017345,0.21696015
1033016986,0.25669402,0.44217387,0.30113217
1033027090,0.09305176,0.78053385,0.12641443
1033034500,0.0902507,0.09208736,0.81766194
1033155118,0.35288617,0.30751133,0.3396025
1033212113,0.28625822,0.4124287,0.30131307
1033617830,0.19914092,0.5575171,0.24334188
1033704146,0.2973726,0.3119008,0.39072666
1033807649,0.42909297,0.31430012,0.25660688
1033848462,0.25320658,0.45493922,0.2918542
1034070499,0.16219507,0.64315826,0.19464666
1034076809,0.3283331,0.39633065,0.27533618
1034371215,0.43265465,0.3119824,0.25536293
1034383464,0.1744344,0.59882677,0.22673886
1034636626,0.2090191,0.47276494,0.31821594
1034696560,0.20885381,0.5059642,0.28518197
1034777449,0.22578073,0.5088201,0.26539916
1034963224,0.3087951,0.339325,0.3518798
1035024995,0.36911404,0.34514132,0.28574464
1035147320,0.31260878,0.35497814,0.33241308
1035243612,0.5521609,0.22393936,0.22389966
1035264829,0.23022994,0.1929381,0.576832
1035597500,0.34739298,0.32983264,0.3227744
1035691073,0.38660443,0.33523574,0.27815983
1035752933,0.59010285,0.21917647,0.19072063
1035850439,0.32113302,0.35262004,0.32624692
1035886551,0.16053121,0.65344167,0.18602717
1036074595,0.39434183,0.33982956,0.2658286
1036103557,0.39875466,0.35061502,0.25063038
1036178785,0.35411605,0.2290232,0.4168607
1036228109,0.24923894,0.38019696,0.3705641
1036262220,0.39031294,0.34765565,0.26203138
1036593331,0.3034838,0.39839545,0.29812086
1036629068,0.37960672,0.31669757,0.30369565
1036744892,0.26214784,0.39028442,0.34756777
1036760042,0.2281374,0.2745343,0.49732834
1036783118,0.571828,0.22542815,0.20274389
1036831852,0.29873464,0.24986257,0.45140287
1036852148,0.28876072,0.36654225,0.3446971
1036929022,0.28343862,0.33681262,0.3797488
1037035191,0.5949,0.17612778,0.2289722
1037084833,0.41996577,0.2989591,0.28107518
1037235568,0.3211526,0.36943653,0.3094109
1037295511,0.34817106,0.38216314,0.2696658
1037332051,0.32166862,0.36069807,0.3176333
1037446735,0.2335008,0.2641784,0.5023208
1037485963,0.2759395,0.27870855,0.44535193
1037627006,0.32125238,0.3196593,0.3590884
1037683219,0.34343013,0.3579744,0.29859537
1037703621,0.38946244,0.29725233,0.31328526
1037708422,0.22373988,0.1822813,0.59397876
1037803883,0.57549655,0.2160593,0.20844418
1037881940,0.38692743,0.34105706,0.2720156
1037983142,0.3627781,0.30976793,0.32745403
1038037654,0.4723612,0.2748924,0.2527464
1038039217,0.21699008,0.5492993,0.2337106
1038041779,0.23751844,0.37801287,0.3844687
1038230950,0.27482045,0.30735865,0.41782096
1038334701,0.34530598,0.38666636,0.26802772
1038354707,0.24465017,0.46594417,0.28940564
1038499663,0.22776979,0.22665924,0.54557097
1038599517,0.2241506,0.5415278,0.23432158
1038709115,0.29075974,0.36983436,0.33940595
1038714378,0.6306342,0.17750205,0.19186367
1038833149,0.29735538,0.36256254,0.34008214
1038834021,0.25975102,0.45658818,0.28366074
1038837107,0.61536133,0.14094043,0.24369824
1038889108,0.106696025,0.73877394,0.1545301
1038909197,0.16353872,0.16795874,0.66850257
1038915862,0.32764366,0.3928342,0.27952218
1039056157,0.3056861,0.32873052,0.36558348
1039091831,0.28492573,0.4767697,0.23830456
1039111841,0.37625438,0.29763216,0.3261135
1039145592,0.21409209,0.19062161,0.59528625
1039226335,0.36880076,0.25840244,0.37279683
1039299190,0.30760616,0.3191524,0.37324148
1039606159,0.34316948,0.37112078,0.28570968
1039890316,0.34453255,0.302225,0.35324246
1039975571,0.3262447,0.33517098,0.3385843
1040016958,0.3785241,0.2852878,0.3361881
1040181420,0.40682733,0.25465503,0.33851758
1040188297,0.25063062,0.4689627,0.28040656
1040280923,0.51167434,0.270855,0.21747059
1040400447,0.24441652,0.27506027,0.48052314
1040449302,0.30881575,0.3041052,0.38707903
1040606000,0.3639079,0.37897268,0.25711945
1040726159,0.27928963,0.3990902,0.3216202
1040780777,0.3895413,0.36569124,0.24476747
1040788755,0.6689002,0.17166816,0.15943156
1040871669,0.33249018,0.32423934,0.34327048
1040921356,0.52959144,0.2501024,0.22030617
1041066907,0.23199466,0.5232687,0.24473667
1041246961,0.21516022,0.24424407,0.54059565
1041335069,0.3020655,0.36992818,0.32800645
1041477568,0.6354862,0.15511687,0.20939688
1041539232,0.29170248,0.39577016,0.31252736
1041559532,0.35306454,0.29743293,0.34950247
1041562106,0.14402904,0.19551687,0.66045403
1041660855,0.31758785,0.23281126,0.44960088
1041849263,0.20421769,0.5658627,0.2299196
1041858887,0.5455061,0.19511043,0.25938344
1041884504,0.22234304,0.26299047,0.5146665
1041893759,0.44244945,0.30818114,0.24936937
1041904185,0.52898866,0.2613244,0.20968695
1041919245,0.31956595,0.31107292,0.3693611
1041982871,0.6069709,0.18257248,0.2104566
1041993740,0.3129736,0.38600066,0.30102572
1042158258,0.27792332,0.33652875,0.385548
1042206341,0.11366348,0.7507119,0.13562465
1042310828,0.40698576,0.3456022,0.24741201
1042463034,0.39589542,0.3407838,0.2633208
1042488088,0.3866403,0.3115645,0.30179518
1042506509,0.124424994,0.7264586,0.14911638
1042540328,0.46963924,0.24215087,0.2882098
1042801462,0.2619794,0.25280288,0.48521766
1042837773,0.4264339,0.33589965,0.23766637
1042894619,0.46402255,0.26790932,0.26806808
1042945670,0.7434865,0.11147014,0.1450434
1043145422,0.28116706,0.38597947,0.33285347
1043189365,0.27443278,0.43552142,0.29004574
1043215975,0.31603113,0.4069413,0.27702755
1043270039,0.766048,0.11215417,0.121797815
1043373781,0.23866437,0.5178927,0.24344294
1043374766,0.19155435,0.34818366,0.46026203
1043436746,0.29571128,0.35015458,0.35413408
1043484734,0.43275964,0.3163314,0.250909
1043494145,0.39179742,0.3184714,0.28973114
1043656490,0.33550924,0.3433115,0.32117927
1043904155,0.28595656,0.26271927,0.45132414
1043948147,0.48704496,0.25847587,0.25447914
1043957634,0.6697352,0.15062019,0.17964461
1044028571,0.27752256,0.29740986,0.42506757
1044036521,0.47115487,0.2896657,0.23917945
1044093457,0.34769288,0.33323026,0.31907687
1044098161,0.12437095,0.7380473,0.13758175
1044115322,0.51425743,0.23295897,0.25278366
1044133838,0.091215275,0.79509395,0.11369078
1044514765,0.44920784,0.28097665,0.26981547
1044559997,0.2761881,0.38744187,0.33637005
1044672426,0.29779652,0.32886901,0.37333447
1044679961,0.32058734,0.33809915,0.3413135
1044688344,0.3682847,0.3207227,0.31099257
1044727575,0.25850803,0.21955852,0.52193344
1044821878,0.32609662,0.37455282,0.2993506
1044913871,0.35397783,0.27912915,0.36689308
1044934815,0.67515326,0.15678856,0.16805819
1044949871,0.57516587,0.174285,0.25054917
1045045335,0.38050565,0.32705706,0.2924372
1045076301,0.1148912,0.7558431,0.1292658
1045104564,0.37449092,0.27041474,0.35509428
1045182636,0.3218608,0.31081593,0.3673233
1045212351,0.66548383,0.1549446,0.17957155
1045406145,0.3149068,0.40638733,0.2787058
1045429879,0.20733349,0.24315406,0.54951245
1045443401,0.07760871,0.07250352,0.8498877
1045990384,0.22150414,0.23096998,0.5475259
1046043957,0.329894,0.34978318,0.32032278
1046097436,0.5967561,0.17295833,0.23028554
1046121027,0.65717906,0.15313843,0.18968254
1046161908,0.293751,0.35273933,0.3535097
1046184722,0.40341693,0.3047051,0.29187799
1046249394,0.48010513,0.21507686,0.30481797
1046282842,0.3706776,0.3336839,0.2956385
1046374842,0.8314927,0.061728187,0.10677909
1046426838,0.2628591,0.47410098,0.26303992
1046455673,0.29764274,0.40749237,0.2948649
1046463449,0.092946604,0.09111333,0.8159401
1046748481,0.38148737,0.29832652,0.32018614
1046750392,0.7963801,0.082597904,0.121021956
1046847651,0.15336671,0.14942576,0.6972075
1046972594,0.2362847,0.2235242,0.5401911
1046999073,0.39444596,0.2863872,0.31916675
1047009981,0.36364287,0.3080916,0.32826558
1047024323,0.13051035,0.117799595,0.75169003
1047037196,0.38026667,0.35042143,0.2693119
1047105517,0.48805815,0.25453183,0.25741002
1047142616,0.3663339,0.34259382,0.29107234
1047149478,0.37189674,0.3038558,0.3242474
1047156677,0.33047113,0.35470414,0.31482476
1047217780,0.24056628,0.52567554,0.23375824
1047412447,0.41158926,0.2934357,0.29497507
1047451741,0.4885375,0.17018335,0.34127912
1047459213,0.35129732,0.35771492,0.2909878
1047600934,0.39754364,0.29602718,0.30642918
1047617716,0.09729275,0.10033486,0.80237234
1047645263,0.32508612,0.30861092,0.366303
1047708357,0.36752072,0.3325055,0.2999738
1047812107,0.13215686,0.70250094,0.16534218
1047871080,0.23530698,0.17900981,0.58568317
1048027761,0.37276074,0.33761537,0.2896239
1048098488,0.24778381,0.4262905,0.3259257
1048118654,0.30267033,0.42111504,0.2762147
1048217962,0.09725057,0.7923996,0.11034988
1048234441,0.30714965,0.4401239,0.25272638
1048240144,0.32501656,0.2860293,0.38895413
1048407256,0.32126334,0.32487652,0.35386014
1048416476,0.56304497,0.20942801,0.22752704
1048419245,0.70363027,0.13297693,0.16339283
1048522175,0.38147634,0.29321423,0.32530946
1048543177,0.41970208,0.32790887,0.2523891
1048677649,0.49995828,0.24098474,0.25905704
1048749617,0.4365726,0.3095295,0.25389788
1048906649,0.31479296,0.35817173,0.3270354
1048911307,0.38238278,0.33668345,0.28093374
1049033531,0.39907894,0.2948223,0.30609873
1049139124,0.37110114,0.34317708,0.28572175
1049157031,0.09043839,0.80182254,0.107739076
1049161938,0.34986523,0.2762298,0.373905
1049189282,0.31325713,0.3492734,0.33746946
1049221843,0.59558713,0.21071537,0.1936975
1049395726,0.12377562,0.18219377,0.69403064
1049401013,0.48045483,0.28062162,0.23892349
1049601151,0.32044908,0.31709057,0.3624604
1049772245,0.30608946,0.37788168,0.3160289
1049800922,0.32336295,0.1796826,0.4969545
1049843584,0.5292889,0.27023652,0.20047458
1049890411,0.3331343,0.37056458,0.29630122
1049955254,0.5092017,0.26102358,0.22977473
1049957423,0.36147237,0.32271805,0.31580955
1050090590,0.38521802,0.33016735,0.28461462
1050196628,0.42450666,0.32030982,0.25518358
1050325306,0.2871576,0.3183084,0.39453396
1050352030,0.29637516,0.24472791,0.45889702
1050383062,0.21065582,0.43086928,0.35847485
1050470383,0.24844193,0.26477215,0.4867859
1050479160,0.38516033,0.28309944,0.3317402
1050602601,0.24732818,0.5432229,0.20944893
1050608786,0.19160746,0.5805089,0.2278837
1050621262,0.19446526,0.57429284,0.23124197
1050807203,0.43041095,0.29423484,0.27535415
1050924060,0.32091516,0.35200396,0.32708094
1050930882,0.60462093,0.19211511,0.20326398
1050963907,0.13377245,0.71915597,0.14707153
1051194045,0.35510153,0.36202163,0.28287688
1051229262,0.14221029,0.13420983,0.7235798
1051435314,0.30222914,0.2215199,0.476251
1051544564,0.5995115,0.19966507,0.20082347
1051583719,0.36597243,0.36210117,0.27192646
1051639647,0.2990808,0.3586682,0.34225112
1051788496,0.28869772,0.35966137,0.3516409
1051839803,0.21254972,0.1682192,0.6192311
1051893324,0.2947565,0.4205568,0.28468677
1051935916,0.27916297,0.4624574,0.2583796
1052034422,0.22227216,0.54932594,0.22840199
1052052380,0.4097921,0.3280611,0.2621468
1052098013,0.53778297,0.21821961,0.24399735
1052109232,0.5079194,0.24863149,0.24344915
1052394269,0.35594797,0.34236735,0.3016847
1052483660,0.3556888,0.29568785,0.34862337
1052547805,0.23838404,0.38699624,0.37461978
1052617639,0.1915288,0.18492891,0.62354237
1052649456,0.20397617,0.5353117,0.26071215
1052669600,0.49263445,0.25649384,0.2508717
1052670442,0.25088695,0.22333853,0.52577454
1052683576,0.3633679,0.25137237,0.38525972
1052688349,0.23459902,0.20275882,0.56264216
1052748526,0.33371788,0.32797933,0.3383028
1052790378,0.32030594,0.35876018,0.32093394
1052891945,0.2518225,0.41666573,0.33151177
1052946800,0.40083143,0.34254223,0.2566264
1052961360,0.55061364,0.21609555,0.23329079
1053059969,0.24807128,0.31002897,0.4418998
1053093475,0.41158533,0.29570526,0.29270935
1053245594,0.3390433,0.33042762,0.330529
1053386946,0.079534546,0.8109576,0.109507814
1053405939,0.3539328,0.29281121,0.35325596
1053417499,0.19426356,0.44617152,0.35956493
1053465818,0.4947189,0.23289861,0.2723825
1053529613,0.24969873,0.21116917,0.5391322
1053754780,0.20663314,0.5474239,0.24594297
1053849827,0.20324886,0.20246473,0.5942865
1053898173,0.30830467,0.30822346,0.3834719
1054034866,0.21047558,0.54755807,0.24196634
1054126902,0.43675435,0.320215,0.24303064
1054141973,0.2981818,0.23008808,0.47173014
1054203039,0.31295535,0.34493697,0.34210762
1054363251,0.52957934,0.25015014,0.22027053
1054423207,0.23318191,0.44761822,0.3191999
1054650154,0.24365534,0.4877193,0.26862535
1054650681,0.16663933,0.62742287,0.20593786
1054681169,0.32814378,0.3364402,0.33541593
1054954411,0.13704988,0.14244667,0.72050345
1054963861,0.16728942,0.6333437,0.19936685
1055086493,0.37720066,0.35232258,0.27047676
1055200347,0.2314383,0.26111698,0.50744474
1055259015,0.37361574,0.32345107,0.3029332
1055440526,0.6810794,0.14978278,0.16913792
1055504198,0.36211228,0.34670675,0.291181
1055641868,0.20287433,0.5653847,0.231741
1055723861,0.40773717,0.35593724,0.2363257
1055967575,0.49997473,0.2784451,0.22158016
1056010710,0.36002094,0.31979704,0.32018203
1056089178,0.28867733,0.2380452,0.47327745
1056138999,0.71039844,0.122331016,0.16727056
1056182908,0.29531428,0.36966166,0.335024
1056393454,0.5278817,0.20904705,0.26307133
1056454328,0.21097825,0.58990806,0.19911367
1056537056,0.391439,0.32217765,0.28638342
1056584066,0.4407262,0.28149325,0.2777806
1056620183,0.2760857,0.37541267,0.34850165
1056697202,0.16077097,0.1723881,0.6668409
1056702139,0.35515922,0.3393234,0.30551735
1056847475,0.41391397,0.35327545,0.23281059
1056864848,0.36213058,0.36703858,0.27083087
1056944040,0.473295,0.26482877,0.2618762
1057067002,0.2763552,0.32657865,0.3970662
1057106077,0.36312276,0.3097395,0.3271377
1057171877,0.28049988,0.35689768,0.36260244
1057245438,0.5879318,0.19402425,0.21804397
1057422285,0.26732343,0.2581013,0.47457522
1057439879,0.16711456,0.21974559,0.61313987
1057548841,0.2384585,0.3764444,0.38509706
1057574512,0.28474903,0.417935,0.29731593
1057582464,0.21279134,0.46154082,0.32566786
1057637975,0.32244685,0.29663256,0.3809206
1057650225,0.13271494,0.70540756,0.16187744
1057729195,0.3256006,0.34173766,0.33266175
1057826425,0.25639266,0.24687849,0.4967288
1057860207,0.28385672,0.32839596,0.38774735
1057860676,0.60882545,0.20368323,0.18749125
1057867697,0.20271751,0.5731694,0.22411312
1057893930,0.41102722,0.341068,0.24790478
1057920473,0.39008033,0.3643716,0.24554805
1057958288,0.4894132,0.2443556,0.26623115
1058046129,0.07270401,0.82538116,0.101914845
1058054751,0.07718792,0.0735923,0.84921974
1058058280,0.23054911,0.22511147,0.5443395
1058214841,0.23828991,0.5118076,0.24990252
1058256907,0.34872964,0.3682454,0.28302506
1058290383,0.44521064,0.29211456,0.2626748
1058333073,0.236525,0.5070445,0.25643054
1058360745,0.18396692,0.1609313,0.65510184
1058385174,0.3818172,0.31293842,0.30524433
1058391177,0.48697793,0.27575693,0.23726511
1058443350,0.37956187,0.34721693,0.2732212
1058455108,0.36776865,0.3194638,0.31276754
1058559937,0.27922148,0.46334693,0.25743163
1058594409,0.3463696,0.30183542,0.35179493
1059189325,0.70415455,0.1168817,0.17896378
1059235874,0.383118,0.35997483,0.25690714
1059299091,0.28273296,0.4227526,0.2945144
1059326772,0.35478702,0.2617697,0.38344333
1059342655,0.30503324,0.28149933,0.4134675
1059350057,0.42821258,0.2962108,0.27557668
1059353194,0.32353148,0.30271253,0.37375602
1059491544,0.36222193,0.3120863,0.3256917
1059501772,0.12568581,0.107190855,0.76712334
1059555038,0.38979286,0.32356003,0.2866471
1059702344,0.27128404,0.28509945,0.44361645
1059748591,0.5801573,0.20780364,0.21203904
1059783421,0.41054627,0.3205695,0.26888424
1059872276,0.40315634,0.25370368,0.34314004
1059936633,0.28263116,0.34171158,0.37565723
1059952659,0.2213677,0.49468067,0.28395164
1060113319,0.24463615,0.44638017,0.3089837
1060119667,0.27559748,0.34595194,0.3784506
1060139302,0.45532963,0.30073768,0.24393274
1060368363,0.30581507,0.33169958,0.3624854
1060390996,0.34323555,0.36620706,0.2905574
1060419200,0.27544954,0.22519493,0.4993555
1060422212,0.3470852,0.3358614,0.31705335
1060480766,0.18314004,0.5902145,0.22664544
1060525502,0.39866439,0.25461996,0.34671572
1060533486,0.2797554,0.32352176,0.39672285
1060577312,0.30280507,0.38354376,0.31365126
1060595145,0.18983987,0.17017965,0.6399805
1060678225,0.24717844,0.3231755,0.42964604
1060914576,0.08997334,0.7931967,0.11682992
1061118670,0.11153624,0.7567363,0.1317274
1061205285,0.66223305,0.17892973,0.15883729
1061596905,0.29271778,0.37025112,0.33703107
1061648691,0.24066749,0.2214316,0.53790087
1061697319,0.6187456,0.1286742,0.2525802
1061707696,0.29687998,0.302352,0.40076807
1061735651,0.08601295,0.7977924,0.11619466
1061807083,0.4507175,0.28954566,0.2597369
1061832747,0.25544408,0.45054707,0.29400885
1061844330,0.46344548,0.25705704,0.27949747
1062018626,0.27130866,0.3808751,0.3478163
1062046335,0.15041086,0.109680496,0.7399086
1062119232,0.3320107,0.3508349,0.31715447
1062185365,0.0982719,0.76251864,0.13920948
1062266218,0.79494774,0.083060406,0.12199187
1062299564,0.3582342,0.297707,0.34405884
1062343374,0.3221461,0.3627695,0.31508443
1062424318,0.18915159,0.12118571,0.68966275
1062456186,0.29272437,0.31167218,0.39560348
1062543310,0.5692263,0.20133355,0.22944015
1062594104,0.26236853,0.3094641,0.42816737
1062682806,0.48366374,0.27819955,0.23813672
1062685378,0.2032316,0.20909923,0.58766913
1062781122,0.44433612,0.3202272,0.23543671
1063174312,0.19864133,0.22455361,0.5768051
1063273133,0.32655004,0.2486826,0.42476735
1063295392,0.17016077,0.6255224,0.20431682
1063297365,0.35231018,0.30475762,0.34293216
1063386958,0.31085834,0.3582908,0.33085078
1063447962,0.3733362,0.30492663,0.32173723
1063456166,0.38898754,0.33038068,0.28063175
1063602745,0.78617364,0.08717655,0.12664981
1063619498,0.44351828,0.27161106,0.28487062
1063646383,0.39110813,0.31652114,0.2923708
1063680695,0.36014354,0.29728296,0.34257346
1063705297,0.17358992,0.16409236,0.6623177
1063757177,0.3994879,0.24846792,0.3520441
1063838881,0.31810665,0.30121288,0.38068044
1063956769,0.43953332,0.3223932,0.23807344
1064142386,0.44185904,0.27067444,0.28746653
1064164336,0.30852127,0.4375471,0.25393167
1064184554,0.27306974,0.43546852,0.29146168
1064331650,0.23257262,0.51048505,0.25694227
1064370444,0.46985963,0.28737634,0.242764
1064399018,0.5335926,0.2552864,0.21112101
1064404353,0.40118387,0.355735,0.24308118
1064408840,0.40351123,0.32970408,0.2667847
1064580973,0.2420634,0.23702106,0.5209155
1064588567,0.6435522,0.14314422,0.21330361
1064759989,0.66791946,0.15111367,0.18096685
1064781182,0.36575332,0.34782672,0.28641996
1064964076,0.13300511,0.735626,0.13136882
1064967219,0.07344531,0.8237191,0.1028356
1065001520,0.118930615,0.096677095,0.7843923
1065008603,0.3351911,0.40520042,0.25960857
1065062810,0.65227723,0.16718398,0.18053882
1065188987,0.3583705,0.3796407,0.26198873
1065441795,0.6821738,0.126248,0.19157818
1065464409,0.21091308,0.537228,0.25185892
1065505252,0.18488874,0.17086612,0.64424515
1065596750,0.1858249,0.56155574,0.25261948
1065680884,0.4037317,0.30035853,0.29590976
1065718929,0.47880843,0.23604155,0.28515002
1065755226,0.31664982,0.3518329,0.33151728
1065883828,0.51081246,0.2545124,0.23467517
1065895703,0.79942614,0.08593042,0.11464339
1066133352,0.3972374,0.34886783,0.25389475
1066265973,0.38287354,0.37423298,0.24289352
1066393409,0.36642703,0.36132526,0.2722478
1066415672,0.25768748,0.4265262,0.3157864
1066438770,0.10524847,0.101932295,0.79281926
1066448118,0.3921471,0.33816236,0.26969057
1066652062,0.4810294,0.2594876,0.259483
1066687113,0.59600496,0.19828062,0.20571446
1066763754,0.5421242,0.19388868,0.26398715
1066840466,0.50662565,0.26848492,0.22488947
1066887895,0.34192032,0.42439058,0.23368911
1066964462,0.36572158,0.38097185,0.25330654
1067024982,0.14197615,0.6922635,0.16576032
1067364971,0.35118714,0.31669533,0.3321175
1067437571,0.08223574,0.08455448,0.8332098
1067501186,0.29477352,0.3558285,0.349398
1067618966,0.49258354,0.2522647,0.25515175
1067693407,0.37270138,0.36598226,0.2613164
1067779699,0.41253325,0.27695525,0.3105115
1067800616,0.3690742,0.39716247,0.23376334
1067885218,0.56396717,0.2286745,0.20735835
1068054799,0.39592007,0.33403933,0.27004057
1068102483,0.42490813,0.28699288,0.2880989
1068314555,0.3109324,0.35964432,0.3294233
1068429580,0.13372333,0.68024784,0.18602885
1068482775,0.48520762,0.24103077,0.27376157
1068483689,0.31515273,0.38261816,0.3022291
1068847299,0.37931046,0.3581192,0.26257038
1068902217,0.31807783,0.32537657,0.35654566
1068944126,0.18839794,0.60495627,0.20664577
1068995203,0.60008794,0.17878488,0.22112718
1069162425,0.40415752,0.35040596,0.24543644
1069271242,0.34300175,0.2473311,0.40966716
1069327317,0.30996364,0.3751201,0.31491628
1069340692,0.14370336,0.6558116,0.20048504
1069458841,0.37548032,0.33799505,0.28652462
1069470032,0.27348167,0.4237073,0.30281112
1069550066,0.39711395,0.2962281,0.306658
1069711378,0.08877507,0.79107755,0.12014735
1069762370,0.2073859,0.51873285,0.27388123
1069764511,0.28641513,0.41942167,0.29416308
1069855039,0.22072707,0.16041896,0.618854
1069918765,0.44491833,0.30818754,0.24689406
1070046765,0.28675804,0.31057075,0.40267122
1070051461,0.6786798,0.13871934,0.1826008
1070133759,0.4131711,0.31236285,0.27446598
1070164137,0.37974152,0.33312598,0.2871325
1070206407,0.30296418,0.33612543,0.3609104
1070247583,0.24734586,0.49994576,0.25270838
1070290066,0.35264388,0.28409258,0.36326358
1070294251,0.5622996,0.21011169,0.22758873
1070352254,0.45945358,0.29885393,0.24169256
1070383852,0.41897568,0.2905331,0.29049125
1070572378,0.38904282,0.303215,0.30774224
1070629383,0.2095599,0.22667007,0.56377
1070671199,0.73574406,0.10185733,0.16239867
1070771145,0.24540775,0.2730846,0.48150766
1070911163,0.31987458,0.33168685,0.3484386
1070975634,0.37216875,0.3466162,0.28121498
1071034057,0.5038434,0.25284478,0.24331182
1071059762,0.3149892,0.269167,0.41584376
1071093363,0.352481,0.34084973,0.3066693
1071234816,0.16403726,0.6510942,0.1848685
1071285020,0.23594508,0.29759824,0.4664567
1071634176,0.40855303,0.3039165,0.28753048
1071682645,0.36042562,0.32754165,0.31203276
1071740899,0.21895444,0.4859793,0.2950663
1071786217,0.1424786,0.13224867,0.7252727
1071787154,0.437581,0.28041533,0.28200367
1071820773,0.36511925,0.27451512,0.36036563
1071856479,0.4202917,0.32578364,0.25392464
1071922813,0.13271403,0.7179253,0.14936069
1072022624,0.32319123,0.3938042,0.2830046
1072034153,0.4168672,0.2931415,0.28999126
1072101486,0.3535758,0.34399053,0.30243364
1072219859,0.36194694,0.37466946,0.2633836
1072237788,0.3457913,0.32822144,0.32598728
1072251015,0.37521815,0.3151757,0.30960613
1072274986,0.24385221,0.395483,0.3606648
1072334554,0.5442814,0.26019928,0.19551922
1072474498,0.8496963,0.056506082,0.093797654
1072591173,0.3746658,0.31751913,0.30781513
1072661190,0.3531855,0.37734124,0.2694732
1072777426,0.3285932,0.39044553,0.2809613
1072836148,0.43723178,0.26084423,0.30192396
1072932319,0.43537253,0.27755582,0.2870717
1072948919,0.28477362,0.42124525,0.2939811
1073035379,0.20980765,0.5244758,0.2657165
1073146430,0.36582106,0.36772135,0.2664575
1073159806,0.17082582,0.64572823,0.1834459
1073167487,0.09056675,0.8014552,0.10797805
1073313563,0.310522,0.39416787,0.29531014
1073317222,0.30782315,0.27066904,0.4215078
1073367821,0.13439676,0.69930065,0.16630262
1073408595,0.3163156,0.36562797,0.31805637
1073550289,0.22643372,0.45777205,0.3157942
1073904482,0.18570489,0.5955497,0.21874546
1074132658,0.3111855,0.3858767,0.30293784
1074152916,0.44773692,0.31922632,0.23303679
1074159459,0.30241668,0.3595834,0.3379999
1074284579,0.396488,0.36749023,0.23602171
1074301642,0.15525033,0.15934074,0.68540883
1074343947,0.14163478,0.1451922,0.71317303
1074440978,0.26389936,0.50728256,0.22881815
1074487059,0.21594702,0.47523582,0.3088171
1074508144,0.0989352,0.08982538,0.8112394
1074608657,0.2089734,0.21044768,0.580579
1074664793,0.37517706,0.33934435,0.28547853
1074701889,0.53143257,0.25925884,0.20930855
1074718918,0.4165617,0.2641722,0.31926605
1074904457,0.4083018,0.27090752,0.3207907
1075250353,0.50657785,0.28863573,0.20478643
1075314972,0.4983801,0.266837,0.23478295
1075318377,0.6604097,0.14978948,0.1898008
1075337531,0.569131,0.18047507,0.25039393
1075367696,0.2541703,0.44050097,0.30532873
1075598606,0.37329662,0.34365034,0.28305304
1075714279,0.5079846,0.21868183,0.27333364
1075862718,0.21421729,0.5399957,0.24578705
1076006355,0.3149406,0.3177147,0.36734468
1076007269,0.48395044,0.17973965,0.33630994
1076046163,0.21420246,0.58767706,0.19812046
1076072050,0.2524223,0.26474258,0.48283508
1076155381,0.3482287,0.25624812,0.3955232
1076187590,0.29704714,0.3396568,0.36329606
1076253855,0.31835875,0.3130372,0.36860403
1076334437,0.3040011,0.33998305,0.3560159
1076432568,0.39414063,0.29064563,0.31521374
1076450578,0.55640703,0.21546449,0.22812848
1076462009,0.2623281,0.2845221,0.45314988
1076487035,0.22171113,0.23760542,0.5406835
1076507985,0.53256005,0.18010798,0.28733197
1076524167,0.32107857,0.37960753,0.29931396
1076738629,0.42981032,0.3356172,0.2345724
1076778279,0.47550765,0.29196644,0.23252593
1076789479,0.70988554,0.14313394,0.1469805
1076863692,0.16686596,0.5724663,0.2606677
1076990734,0.3353327,0.43882102,0.22584619
1077016904,0.22778785,0.44455448,0.32765758
1077102307,0.32625946,0.27692494,0.39681557
1077144715,0.4087362,0.24488129,0.34638253
1077165674,0.37369207,0.37177703,0.25453088
1077181573,0.09173832,0.09095148,0.81731015
1077402263,0.39067802,0.38627133,0.22305062
1077479103,0.44409603,0.28081885,0.27508515
1077655021,0.4566178,0.2541386,0.2892436
1077669069,0.31551445,0.25172526,0.43276027
1077669130,0.34817055,0.38041517,0.2714143
1077685949,0.287807,0.4063749,0.30581808
1077699037,0.25904924,0.28042045,0.46053034
1078129804,0.3587078,0.29898307,0.34230918
1078222070,0.4617991,0.2884362,0.24976464
1078321961,0.74281806,0.11145015,0.1457318
1078380199,0.50279087,0.28833237,0.20887673
1078435514,0.45978117,0.19828424,0.34193468
1078439285,0.65628123,0.14723487,0.19648385
1078551925,0.53839964,0.22415936,0.23744102
1078579944,0.4004093,0.28832912,0.31126153
1078615141,0.46192226,0.21478161,0.32329616
1078946976,0.19923283,0.578873,0.22189417
1078979610,0.27176076,0.2858697,0.44236952
1079140970,0.10136392,0.08919469,0.8094414
1079288146,0.31818783,0.35753915,0.32427302
1079306348,0.756748,0.10415869,0.13909328
1079378721,0.35164753,0.3189218,0.32943058
1079579257,0.34722364,0.25338715,0.3993892
1079641802,0.081222,0.074005164,0.8447729
1079663335,0.26756164,0.4609347,0.27150366
1079666094,0.18657444,0.18296221,0.63046336
1079769619,0.34969106,0.29554266,0.35476637
1079773158,0.5137019,0.23375118,0.25254697
1079826867,0.29845026,0.29409713,0.40745264
1079974151,0.50483555,0.2549315,0.2402329
1080067376,0.7629814,0.097048715,0.13996994
1080097991,0.11170531,0.1182067,0.77008796
1080151399,0.3783471,0.3134061,0.30824685
1080187102,0.33467078,0.31382367,0.3515056
1080216933,0.32794404,0.3786901,0.2933659
1080321209,0.38078576,0.3917202,0.22749405
1080332186,0.39351672,0.3187233,0.28776
1080678118,0.4395749,0.31040367,0.2500215
1080721144,0.42172754,0.32389125,0.25438118
1080817829,0.5048821,0.2537106,0.24140735
1080829598,0.27841902,0.40926546,0.3123155
1080879085,0.52062386,0.22505644,0.25431976
1080995721,0.30832577,0.43189755,0.25977677
1081011217,0.36257076,0.31566632,0.32176295
1081092427,0.7168061,0.09943384,0.18376
1081198286,0.3489202,0.32414377,0.32693607
1081257301,0.3679577,0.33009773,0.3019445
1081293255,0.39905897,0.32362095,0.2773201
1081336640,0.3573478,0.31998324,0.32266897
1081352840,0.53935343,0.23733832,0.22330822
1081410643,0.693888,0.15758106,0.1485309
1081547323,0.3564221,0.37787652,0.26570132
1081562108,0.14791468,0.113081604,0.7390037
1081576616,0.19030182,0.57033515,0.239363
1081591575,0.41745496,0.2822487,0.3002963
1081678143,0.35517493,0.3764935,0.26833165
1081784684,0.30496058,0.36276123,0.33227828
1081830864,0.42754486,0.30257988,0.26987523
1081831225,0.550227,0.15629439,0.2934786
1081831812,0.2701552,0.49161232,0.23823246
1081940924,0.25358903,0.37471223,0.37169877
1082205391,0.32839125,0.238366,0.4332428
1082246272,0.38304874,0.32223502,0.29471627
1082310893,0.29621065,0.28928658,0.4145028
1082472635,0.27327597,0.36500552,0.36171854
1082567922,0.42187792,0.31224042,0.26588163
1082604719,0.29232904,0.31382528,0.3938457
1082876594,0.26997107,0.40214586,0.32788303
1082899712,0.26111767,0.44698203,0.2919003
1082950000,0.18866847,0.17084917,0.64048237
1083018452,0.6892399,0.11221181,0.19854826
1083056412,0.49536115,0.2805961,0.22404271
1083135096,0.29939824,0.41812456,0.28247717
1083165670,0.2509197,0.19504476,0.5540355
1083360775,0.28187975,0.2933899,0.4247304
1083487877,0.3359692,0.3098122,0.35421854
1083540801,0.09852914,0.78684217,0.114628606
1083748736,0.29458258,0.39966384,0.30575362
1083832850,0.31588805,0.30292073,0.38119125
1083860601,0.31445718,0.3729944,0.31254843
1083870321,0.28267786,0.43784305,0.2794791
1083910061,0.2296905,0.48143393,0.28887555
1084006741,0.32822335,0.4160075,0.2557692
1084414472,0.27594268,0.3546518,0.3694055
1084437958,0.45317215,0.25468224,0.29214558
1084486682,0.22834632,0.24716927,0.52448446
1084541778,0.278051,0.3544487,0.3675003
1084631992,0.33653012,0.33756593,0.32590392
1084768311,0.61146235,0.20194314,0.18659446
1084774628,0.22335447,0.4696406,0.3070048
1084797664,0.336103,0.29543054,0.36846644
1084848078,0.19326098,0.25079823,0.55594075
1084915776,0.31969637,0.37043798,0.30986568
1084989248,0.3284724,0.3856442,0.28588343
1085288903,0.15686221,0.6551411,0.18799664
1085346927,0.73489976,0.11276342,0.15233684
1085424359,0.101442054,0.10559928,0.79295874
1085459097,0.36362314,0.29009274,0.34628403
1085614294,0.34946132,0.3293614,0.32117724
1085732417,0.20005335,0.54432756,0.2556191
1085736964,0.37862933,0.31709817,0.30427247
1085880362,0.29440963,0.371566,0.3340243
1085887606,0.3755461,0.3377119,0.286742
1085926839,0.20080253,0.56540745,0.23379005
1086003612,0.33950254,0.3202589,0.34023857
1086055244,0.21635883,0.4699764,0.31366473
1086059074,0.6883703,0.15762588,0.15400386
1086097722,0.5818039,0.19474429,0.2234519
1086199503,0.24317786,0.41106233,0.34575987
1086319324,0.34513214,0.30530414,0.34956372
1086350357,0.51622814,0.24373235,0.24003953
1086478462,0.31504488,0.45055908,0.23439604
1086832176,0.35702196,0.31188264,0.33109537
1086839059,0.3056221,0.26937148,0.4250064
1086869207,0.1879182,0.5261666,0.2859151
1087053359,0.21501304,0.5051818,0.27980515
1087054090,0.5087869,0.2601293,0.23108374
1087068159,0.26407698,0.2852063,0.45071673
1087074871,0.44518998,0.26291603,0.29189393
1087123170,0.256417,0.28305447,0.46052852
1087238561,0.27770877,0.40994236,0.31234875
1087278538,0.33326644,0.3569579,0.30977568
1087360423,0.29582682,0.31766024,0.386513
1087411458,0.58640957,0.17918853,0.2344019
1087520081,0.63048077,0.19146581,0.17805344
1087520835,0.35804534,0.2577127,0.38424197
1087572504,0.41530257,0.33018634,0.2545111
1087626685,0.16361302,0.64579445,0.19059262
1087730750,0.30042723,0.41032326,0.28924945
1087858842,0.24368478,0.37518698,0.3811282
1087904699,0.33321005,0.22728263,0.43950737
1087993124,0.20910597,0.54936874,0.24152528
1088285494,0.16580981,0.13398725,0.7002029
1088348677,0.27406135,0.38630053,0.33963814
1088417945,0.18868652,0.57354546,0.23776807
1088503795,0.4235716,0.31250575,0.2639227
1088518581,0.25995505,0.20785369,0.53219134
1088792429,0.29945552,0.38333112,0.31721345
1088814378,0.8223757,0.067221306,0.11040303
1088900423,0.19064237,0.585166,0.22419173
1088911661,0.39885336,0.32438272,0.2767639
1088969093,0.50629723,0.24649699,0.24720578
1089007201,0.33736086,0.39541748,0.26722166
1089011381,0.37424034,0.28764883,0.33811074
1089018158,0.38395306,0.25841185,0.3576351
1089029258,0.34905848,0.36923435,0.2817072
1089037854,0.124081895,0.71048075,0.16543739
1089103204,0.2223562,0.5545993,0.22304453
1089298634,0.40302375,0.28096345,0.31601277
1089324157,0.2969107,0.44438305,0.25870636
1089327966,0.49026462,0.27688342,0.23285204
1089455965,0.36810827,0.24519756,0.38669422
1089572391,0.53260404,0.22366458,0.24373132
1089623382,0.30993524,0.2345777,0.455487
1089695156,0.2010046,0.19831781,0.6006776
1089737557,0.1329017,0.7287765,0.13832177
1089821821,0.48521993,0.2716086,0.24317156
1089844319,0.35078716,0.3164905,0.3327223
1089923668,0.2459089,0.48657164,0.26751944
1090014011,0.18995877,0.63559145,0.17444979
1090096292,0.116316214,0.74450207,0.13918173
1090151891,0.46738112,0.2703947,0.26222417
1090217080,0.2631648,0.43298778,0.3038475
1090380297,0.3757793,0.2982734,0.32594728
1090410637,0.35625783,0.35124046,0.2925017
1090489269,0.31124926,0.3125933,0.37615746
1090495621,0.2989162,0.31103712,0.39004666
1090703865,0.37963247,0.2667304,0.3536372
1090771855,0.47280663,0.25082603,0.27636737
1090803800,0.31666726,0.4109311,0.2724017
1090821755,0.15209544,0.6513042,0.19660032
1090834086,0.4156668,0.26351178,0.3208214
1091064572,0.4117889,0.30719748,0.28101364
1091087263,0.2998788,0.33660167,0.36351955
1091179212,0.34279934,0.32709008,0.33011064
1091261085,0.34977973,0.34617844,0.3040418
1091278509,0.37968534,0.29917002,0.32114464
1091641729,0.082284436,0.8112352,0.10648044
1091886736,0.33066863,0.30780852,0.36152288
1091912366,0.12041229,0.7555772,0.12401048
1091983606,0.14020339,0.7084682,0.15132838
1091988103,0.33358204,0.38875836,0.27765962
1092083027,0.35958,0.364877,0.27554297
1092127268,0.2164253,0.5295062,0.2540685
1092138215,0.33340296,0.3799642,0.28663278
1092213520,0.38741782,0.32317352,0.2894087
1092362226,0.20979986,0.51409316,0.27610695
1092759478,0.5876901,0.19132806,0.22098179
1092810469,0.35735887,0.38959917,0.25304198
1092814376,0.3540513,0.29041517,0.3555335
1092834080,0.24400935,0.41413563,0.34185505
1092878827,0.26766822,0.44765362,0.2846781
1093043780,0.39185512,0.2894632,0.3186817
1093144073,0.09777268,0.09558102,0.8066462
1093213981,0.17088585,0.21291028,0.6162038
1093275976,0.23215875,0.2456508,0.5221905
1093375901,0.84316915,0.05808214,0.09874867
1093494550,0.2740956,0.25492167,0.47098276
1093496646,0.1862292,0.25868285,0.5550879
1093497082,0.13863921,0.1602146,0.70114625
1093652139,0.55680233,0.21060812,0.23258951
1093661830,0.113300666,0.74777234,0.13892703
1093749993,0.37812608,0.38296697,0.23890693
1093882970,0.19479804,0.49850863,0.30669332
1094234259,0.08043806,0.8071093,0.11245266
1094364731,0.38589433,0.2785386,0.33556706
1094424725,0.34045762,0.36356223,0.29598016
1094448955,0.63962287,0.17412871,0.18624836
1094761396,0.41668442,0.30310315,0.28021243
1094805362,0.5152726,0.24929342,0.23543394
1094879298,0.31662634,0.4340664,0.24930723
1094893009,0.48409593,0.30200648,0.21389765
1095016000,0.2968616,0.4725471,0.23059131
1095102828,0.23953027,0.29884464,0.46162516
1095142980,0.53412676,0.2365379,0.2293353
1095179332,0.38780788,0.33078182,0.2814103
1095252334,0.41450548,0.37668884,0.2088057
1095327260,0.32827404,0.27547494,0.39625102
1095415091,0.10038446,0.10617725,0.7934384
1095436308,0.6156139,0.18017003,0.20421615
1095494081,0.41090298,0.33352774,0.2555693
1095580012,0.29149312,0.37554514,0.33296177
1095798362,0.5471536,0.22942014,0.22342616
1095922663,0.34859508,0.35445866,0.29694626
1095922736,0.22391148,0.19860497,0.57748353
1096175123,0.40809172,0.35581002,0.2360983
1096305551,0.1864837,0.186933,0.62658334
1096371877,0.1916263,0.5767185,0.23165518
1096462218,0.62389314,0.18592925,0.19017762
1096559892,0.25642627,0.2870937,0.45648006
1096612870,0.21939504,0.50878495,0.27181998
1096617405,0.7987999,0.07609841,0.12510172
1096649247,0.15774485,0.677686,0.16456914
1096680952,0.15555121,0.11559706,0.72885174
1096700745,0.3201953,0.37305444,0.30675036
1096801175,0.46099815,0.28759688,0.25140506
1096922967,0.7323776,0.10780581,0.15981665
1096968789,0.63572156,0.18101919,0.18325922
1097039039,0.5044909,0.25351608,0.2419931
1097124678,0.33815822,0.37830582,0.28353596
1097142162,0.26103896,0.32150483,0.4174562
1097144952,0.29631853,0.26161334,0.4420682
1097262615,0.34345958,0.35856193,0.29797855
1097447608,0.23425113,0.44551995,0.320229
1097538986,0.28530526,0.37054396,0.34415078
1097748675,0.42753533,0.2567831,0.3156816
1097778416,0.7316926,0.08851649,0.17979085
1097853329,0.15546931,0.6575188,0.18701182
1097890654,0.67232704,0.1462833,0.18138967
1097898821,0.4554256,0.28304148,0.26153293
1097924896,0.33582422,0.2537928,0.41038293
1097977605,0.15447864,0.13844019,0.70708114
1098044145,0.33051544,0.37573436,0.2937501
1098107445,0.32558957,0.33670494,0.33770543
1098215729,0.19021611,0.49929526,0.31048855
1098217671,0.2883142,0.48764977,0.22403601
1098326089,0.37310734,0.33610278,0.29078984
1098358052,0.36878517,0.38124532,0.24996957
1098631121,0.2934784,0.33005232,0.3764693
1098744163,0.42874476,0.34360904,0.2276462
1098756541,0.20817499,0.24390545,0.5479196
1098834325,0.49316445,0.25451818,0.25231743
1098885863,0.30017534,0.36218214,0.33764246
1098891578,0.30152124,0.32591382,0.37256494
1098913447,0.30039018,0.40628874,0.293321
1098945088,0.1511413,0.17724834,0.6716104
1098978144,0.4938661,0.2501058,0.2560281
1098993315,0.460201,0.3138399,0.22595908
1099090198,0.41491118,0.20601946,0.37906936
1099121425,0.22156973,0.5145781,0.26385215
1099158159,0.17672312,0.16026774,0.6630091
1099205069,0.22021727,0.48305702,0.29672563
1099386551,0.1040658,0.7692473,0.12668692
1099465001,0.2746321,0.36292008,0.36244783
1099509731,0.22087471,0.27110606,0.5080192
1099567741,0.32656136,0.31690428,0.3565344
1099577871,0.35393107,0.3817328,0.26433614
1099736249,0.46940625,0.3063567,0.22423702
1099741154,0.4153997,0.3458875,0.2387128
1099744457,0.28826213,0.2783732,0.43336463
1099776691,0.34558195,0.2623976,0.39202043
1099800383,0.5259043,0.24339892,0.2306968
1099827099,0.29544216,0.34492248,0.35963538
1099849473,0.31593606,0.36037862,0.32368535
1099885806,0.51633453,0.21819703,0.26546848
1099941173,0.49143353,0.26682296,0.24174349
1100020186,0.34034988,0.29538736,0.36426273
1100033982,0.28854188,0.41004914,0.30140904
1100070084,0.337022,0.31727928,0.3456987
1100117420,0.36763135,0.37210056,0.26026815
1100120213,0.20481548,0.21923187,0.5759527
1100131385,0.4435169,0.30166012,0.25482294
1100240159,0.30820596,0.31130692,0.38048708
1100292197,0.09425099,0.09336307,0.81238586
1100400444,0.2984469,0.30706105,0.39449203
1100518173,0.47381368,0.290113,0.23607326
1100595276,0.35477528,0.3262943,0.31893042
1100722545,0.08646088,0.79120815,0.12233094
1100727747,0.30960783,0.3758153,0.31457683
1100736428,0.28914642,0.3953998,0.3154537
1100762308,0.25788188,0.43671024,0.3054079
1100810091,0.24161643,0.48016712,0.27821654
1100835996,0.5507675,0.2139932,0.23523937
1100964331,0.52840465,0.24763985,0.22395556
1100982684,0.44601446,0.3572291,0.19675644
1101021505,0.28849778,0.3966482,0.3148541
1101032448,0.37078837,0.31877348,0.31043813
1101141884,0.087435365,0.8073492,0.10521537
1101223779,0.64052385,0.17644006,0.18303604
1101612070,0.6087488,0.18776438,0.20348693
1101662613,0.34123942,0.3838435,0.27491713
1101720975,0.2653413,0.44794717,0.28671148
1101744256,0.2846491,0.43023446,0.28511634
1101796163,0.19114597,0.5742216,0.23463243
1101813625,0.34472042,0.385863,0.26941645
1101813702,0.33431515,0.3452696,0.3204152
1101841039,0.38506392,0.26992255,0.34501353
1101913075,0.33755267,0.25046653,0.4119808
1101960228,0.17462985,0.6240491,0.20132099
1102162868,0.29672185,0.29782188,0.40545622
1102189973,0.6625477,0.17007683,0.16737548
1102221579,0.5489144,0.22359787,0.22748774
1102514811,0.1243133,0.6894992,0.18618749
1102545808,0.244859,0.38529673,0.36984435
1102617130,0.20056324,0.56855273,0.23088402
1102840127,0.104903005,0.7420789,0.15301819
1102892351,0.38014576,0.27703586,0.34281844
1103111298,0.34549075,0.2949312,0.35957795
1103206223,0.30300468,0.41379538,0.28319994
1103220015,0.2705564,0.31417957,0.415264
1103239730,0.27646187,0.49344197,0.23009625
1103254077,0.29253626,0.3320193,0.37544438
1103260605,0.4146413,0.3449576,0.24040109
1103266094,0.61577827,0.17161362,0.21260817
1103551105,0.2902522,0.2664625,0.44328532
1103617226,0.6371618,0.16727501,0.1955632
1103664296,0.116977654,0.096302696,0.7867196
1103718773,0.26033545,0.32989115,0.40977338
1103744050,0.4318802,0.35335544,0.21476431
1103798993,0.585755,0.14731382,0.26693118
1103799908,0.19896483,0.5769764,0.2240587
1103941209,0.34425703,0.32139653,0.33434647
1103945169,0.20977493,0.53835315,0.25187194
1104061926,0.19876248,0.5483549,0.25288263
1104070325,0.1960815,0.52597934,0.27793914
1104112817,0.30071476,0.41707712,0.2822081
1104132752,0.15456082,0.6610478,0.1843914
1104285010,0.77809596,0.08201869,0.13988538
1104307809,0.28999996,0.40231863,0.30768138
1104339666,0.09417625,0.79122955,0.11459418
1104412221,0.54678345,0.21357602,0.23964049
1104457769,0.6320449,0.1773944,0.19056071
1104473040,0.52830005,0.2250264,0.24667354
1104474252,0.52043694,0.13082446,0.34873864
1104561404,0.3645447,0.34946734,0.28598797
1104638318,0.488935,0.22451003,0.28655496
1104711376,0.52991265,0.23710705,0.2329803
1104721813,0.5259358,0.22523212,0.24883205
1104920464,0.23683758,0.45079434,0.31236812
1104932228,0.19857526,0.23104064,0.57038414
1104940426,0.38527086,0.34222394,0.2725052
1104980948,0.35976282,0.30967146,0.33056572
1104985207,0.12578091,0.13107394,0.74314517
1105087435,0.23276992,0.27307162,0.49415848
1105095339,0.3300184,0.31733155,0.35265005
1105134168,0.25202835,0.22727959,0.520692
1105343389,0.37504622,0.36631036,0.2586434
1105596193,0.120926395,0.14584789,0.7332257
1105763570,0.4438197,0.24941291,0.3067673
1105789299,0.21331441,0.21479024,0.57189536
1105822557,0.41458532,0.2632402,0.32217452
1105844958,0.32162294,0.37484038,0.3035367
1105923941,0.29601306,0.4716137,0.23237325
1105980857,0.35016063,0.32300684,0.3268325
1106045066,0.43899444,0.32337192,0.2376337
1106093983,0.38249815,0.31123167,0.30627018
1106162802,0.39772725,0.22033894,0.3819338
1106234535,0.35104212,0.3472256,0.30173227
1106317002,0.25809088,0.39878306,0.34312606
1106345047,0.32859793,0.32947364,0.34192845
1106490887,0.375516,0.32797697,0.29650703
1106534232,0.48016673,0.28784978,0.23198344
1106686892,0.3141003,0.303743,0.3821568
1106713509,0.22546755,0.55268824,0.2218442
1106770554,0.34326676,0.44853696,0.20819622
1106775264,0.40563497,0.25729766,0.33706737
1106780527,0.44389647,0.28370523,0.27239832
1106854344,0.20179932,0.5732171,0.22498354
1106944919,0.35736123,0.28442982,0.358209
1106948448,0.10700669,0.7661441,0.12684923
1106952647,0.29127645,0.39602643,0.31269708
1106987735,0.40396398,0.33122277,0.2648132
1107137852,0.36517993,0.306739,0.3280811
1107241575,0.53260475,0.24025689,0.22713837
1107310488,0.6568134,0.14986072,0.19332594
1107416604,0.417408,0.32156795,0.26102406
1107516551,0.20422156,0.15787666,0.63790184
1107584865,0.36251047,0.34244788,0.2950417
1107614000,0.09934633,0.7861333,0.11452042
1107871512,0.36479867,0.31054947,0.32465184
1108054699,0.26899007,0.3547694,0.37624046
1108244912,0.35453027,0.3654002,0.28006947
1108404651,0.32250935,0.3459584,0.33153224
1108412236,0.7127167,0.09396803,0.1933152
1108430015,0.32959685,0.3409413,0.32946184
1108434221,0.30648977,0.3096009,0.38390934
1108497088,0.3265209,0.32207304,0.35140607
1108527003,0.36927047,0.35303575,0.27769378
1108580243,0.5983312,0.16195102,0.23971777
1108714435,0.35849926,0.36311924,0.27838147
1108723474,0.3269997,0.37657848,0.29642186
1108769214,0.7273987,0.12946281,0.14313851
1108862607,0.7145359,0.12970805,0.15575603
1108934528,0.15378226,0.10630093,0.7399168
1108957656,0.3198298,0.39247814,0.28769207
1109224243,0.32045037,0.2311021,0.44844756
1109382430,0.37151262,0.19616328,0.43232408
1109411706,0.13431224,0.6993042,0.16638353
1109433893,0.3993214,0.25272402,0.34795454
1109488354,0.31390566,0.41154972,0.2745447
1109557372,0.250902,0.2136504,0.53544754
1109563312,0.16791755,0.6466737,0.18540876
1109708771,0.3168872,0.39502418,0.28808865
1109752212,0.61613446,0.16531864,0.21854684
1109879982,0.44293535,0.28253612,0.2745285
1109948896,0.18411455,0.2026863,0.6131992
1110048206,0.46110478,0.29600286,0.2428924
1110058822,0.39684206,0.32706055,0.27609742
1110145223,0.2614246,0.4180646,0.3205109
1110160198,0.35222918,0.31150308,0.33626774
1110214386,0.44508818,0.30764005,0.24727175
1110346130,0.38418972,0.36308554,0.25272474
1110348055,0.1992155,0.5944255,0.20635903
1110407217,0.4791211,0.25474158,0.26613736
1110558757,0.5870055,0.18402977,0.22896475
1110666122,0.35555574,0.3716357,0.27280858
1110690144,0.29796055,0.26838413,0.43365532
1110757857,0.10249417,0.14801294,0.7494928
1110835955,0.4800019,0.27612513,0.24387293
1110836523,0.38525698,0.2677766,0.3469664
1110925647,0.29309344,0.39629465,0.31061193
1110943868,0.43753862,0.2714813,0.29098
1111067161,0.33705276,0.35073537,0.3122119
1111423643,0.76846033,0.097789004,0.1337507
1111435292,0.33550522,0.36087534,0.30361938
1111463510,0.395711,0.32233426,0.28195477
1111519772,0.3812648,0.34260413,0.27613112
1111687631,0.43145946,0.28790715,0.2806334
1111784898,0.32144204,0.43427065,0.24428742
1111871497,0.16176459,0.6464166,0.1918188
1111892649,0.2722513,0.45244327,0.27530533
1111922040,0.35149038,0.3378701,0.31063956
1111936275,0.17590874,0.5779262,0.2461651
1112037310,0.29080772,0.38468707,0.32450518
1112077024,0.16431956,0.16996805,0.6657125
1112102849,0.1988103,0.52292335,0.27826628
1112133497,0.11433226,0.749315,0.13635273
1112138643,0.5272559,0.22694439,0.24579972
1112147390,0.09364862,0.09457393,0.8117775
1112277347,0.5298625,0.25613797,0.21399948
1112350870,0.3611165,0.35739073,0.2814927
1112364772,0.31580147,0.36788535,0.31631318
1112365536,0.37933326,0.31936523,0.30130154
1112368205,0.11946478,0.1020653,0.7784699
1112437903,0.35381228,0.3075359,0.3386518
1112439464,0.36177495,0.39751342,0.24071172
1112612980,0.31713927,0.38579208,0.29706863
1112625993,0.36194575,0.3134193,0.32463488
1112638524,0.22381714,0.23395602,0.5422268
1112776268,0.11826016,0.7440802,0.13765965
1112788679,0.348075,0.35998487,0.29194006
1112813910,0.30940226,0.3907611,0.2998366
1112844420,0.44676405,0.28508267,0.26815325
1113058966,0.32928452,0.38461626,0.28609926
1113082781,0.2439172,0.15044925,0.60563356
1113117159,0.24551073,0.23330656,0.5211827
1113216811,0.32206902,0.39775163,0.28017935
1113548965,0.09599987,0.79320234,0.11079776
1113576530,0.3898843,0.2467538,0.3633619
1113660201,0.34639636,0.41890994,0.23469366
1113662937,0.46696895,0.2702851,0.26274595
1113674657,0.2764408,0.44861898,0.27494022
1113682910,0.3146633,0.37759998,0.30773667
1113800948,0.3392093,0.3828865,0.2779042
1113898468,0.7817991,0.099163644,0.11903722
1114066880,0.54027396,0.23042963,0.22929648
1114077019,0.10878839,0.7344439,0.15676768
1114102079,0.24273777,0.5468111,0.21045108
1114109266,0.22244307,0.30617043,0.47138643
1114113340,0.49444276,0.20307869,0.3024786
1114289039,0.29558718,0.3945984,0.30981436
1114332627,0.12218675,0.6478701,0.22994313
1114510169,0.22518884,0.28147075,0.49334043
1114511986,0.31165054,0.38616058,0.30218893
1114556778,0.30951825,0.40890184,0.28158
1114570763,0.20372511,0.5839529,0.212322
1114583158,0.7814294,0.08938667,0.12918393
1114652577,0.12333321,0.1280554,0.74861145
1114670760,0.35305876,0.37458366,0.27235758
1114736218,0.069235705,0.8367578,0.094006516
1114753768,0.42238286,0.3359258,0.24169132
1114834007,0.22968288,0.21782857,0.5524886
1114909144,0.28421816,0.3587228,0.35705903
1115017856,0.26257282,0.5132235,0.22420359
1115047566,0.20186578,0.5717393,0.22639501
1115100387,0.12044446,0.099900454,0.7796551
1115126701,0.12405319,0.7324279,0.14351885
1115149336,0.3965534,0.33301198,0.27043462
1115243433,0.25786325,0.30021882,0.44191787
1115292421,0.34737352,0.30047542,0.35215113
1115447349,0.49288622,0.2744996,0.23261419
1115463106,0.23709881,0.22139205,0.54150915
1115509763,0.44943857,0.265393,0.28516847
1115521813,0.4739459,0.30126566,0.22478849
1115591747,0.5407232,0.25248402,0.20679283
1115710670,0.17041968,0.64747965,0.18210064
1115762411,0.15981981,0.6200228,0.22015744
1115775492,0.30449492,0.3520493,0.34345573
1115949597,0.10074001,0.10074921,0.7985108
1115952286,0.34678048,0.2229289,0.43029058
1116010684,0.30005935,0.20699336,0.49294728
1116028233,0.303652,0.2629931,0.4333549
1116093154,0.06856017,0.82569313,0.10574669
1116094770,0.3001321,0.30498567,0.39488223
1116121907,0.5952823,0.21092406,0.19379364
1116202476,0.2594613,0.4211584,0.31938034
1116247047,0.1622541,0.67354155,0.16420434
1116348017,0.3073008,0.36888173,0.32381746
1116418948,0.35843876,0.25744313,0.3841181
1116434460,0.70400745,0.13077667,0.1652158
1116475042,0.36262473,0.30917808,0.32819715
1116492070,0.22244912,0.514105,0.26344582
1116508615,0.41632992,0.32613507,0.25753507
1116651284,0.31817043,0.36201975,0.3198098
1116663764,0.20975886,0.48893335,0.30130783
1116720410,0.2516877,0.48018926,0.26812306
1116784988,0.17887133,0.16464874,0.6564799
1116942150,0.30054837,0.3490633,0.35038835
1116973655,0.34422454,0.33852214,0.3172534
1117066573,0.28840992,0.26315975,0.4484303
1117109898,0.14041483,0.6990128,0.16057241
1117185709,0.27114382,0.26719105,0.46166515
1117260431,0.27712807,0.38756192,0.33531007
1117481163,0.38524124,0.24846826,0.36629048
1117489937,0.5005731,0.24578676,0.25364012
1117496788,0.33341837,0.30675644,0.35982513
1117579696,0.36591953,0.25178772,0.3822928
1117700610,0.25880224,0.51746196,0.22373576
1117773006,0.34422797,0.3622737,0.2934983
1117869850,0.10098776,0.1123355,0.7866767
1118010089,0.28473994,0.41641912,0.29884097
1118041627,0.5427011,0.17440742,0.2828915
1118080572,0.3572381,0.3785764,0.2641855
1118123971,0.388753,0.28878704,0.32245994
1118130897,0.36493686,0.36460513,0.270458
1118168607,0.16524044,0.47540572,0.35935384
1118207480,0.12956142,0.7154104,0.15502809
1118318897,0.75280905,0.09623477,0.1509562
1118364534,0.3509592,0.35087413,0.2981667
1118481558,0.52671814,0.25563216,0.21764971
1118492902,0.29058543,0.3180596,0.39135498
1118842746,0.34338287,0.30713946,0.34947762
1118889220,0.2416904,0.34847704,0.40983257
1118977795,0.25470036,0.40969247,0.33560723
1119106260,0.36263582,0.21590506,0.42145914
1119330133,0.15652479,0.558087,0.28538826
1119371228,0.25907013,0.44552502,0.29540482
1119386597,0.43023258,0.3145765,0.25519094
1119460901,0.32116666,0.40311307,0.2757203
1119461399,0.09061252,0.79713964,0.11224791
1119486683,0.34782606,0.33690217,0.3152718
1119640743,0.39609507,0.22286741,0.3810376
1119739116,0.3421092,0.33834133,0.31954938
1119825410,0.09244615,0.08240564,0.8251482
1119891558,0.09889953,0.087349236,0.8137513
1120014665,0.27099684,0.43277675,0.29622647
1120109315,0.33040076,0.37328365,0.2963156
1120136553,0.32697535,0.36232463,0.31070003
1120259948,0.44489896,0.31037366,0.24472742
1120437439,0.19679886,0.19166747,0.6115337
1120472083,0.36477113,0.3061918,0.32903707
1120479832,0.36918214,0.3477131,0.28310475
1120679737,0.35305604,0.29508066,0.3518633
1120706576,0.41599384,0.24467133,0.33933482
1121170372,0.5230194,0.2645859,0.21239473
1121221897,0.39162323,0.24068415,0.36769265
1121470386,0.5623174,0.22113433,0.21654834
1121610810,0.23343368,0.273176,0.4933903
1121676141,0.43924588,0.21137398,0.34938017
1121774935,0.33977345,0.37200722,0.28821936
1121777541,0.5643754,0.22937629,0.20624836
1122046797,0.33550426,0.34542054,0.31907526
1122114075,0.08314059,0.8109738,0.105885595
1122136712,0.31452158,0.23909293,0.44638553
1122236162,0.2717566,0.34467307,0.38357037
1122389431,0.1588323,0.33388725,0.50728047
1122470256,0.34199056,0.30424997,0.35375947
1122499719,0.38472897,0.26191047,0.3533606
1122501456,0.36151487,0.3179666,0.32051855
1122515202,0.26426396,0.26451278,0.4712233
1122548294,0.39781463,0.24210007,0.3600853
1122781348,0.09167079,0.09407945,0.81424975
1122908935,0.13678968,0.7008553,0.16235499
1122982481,0.3777462,0.3520864,0.2701675
1123028907,0.32142597,0.2129059,0.46566817
1123110028,0.0937209,0.79079825,0.11548088
1123277630,0.44838637,0.281366,0.2702476
1123295747,0.35576433,0.24555895,0.3986767
1123310220,0.38146392,0.34197065,0.2765654
1123483192,0.2900723,0.27069315,0.4392346
1123551066,0.3939156,0.36389592,0.24218854
1123624200,0.4808955,0.26293418,0.25617045
1123659076,0.15367123,0.6482639,0.19806483
1123764630,0.40954477,0.3225439,0.26791131
1123768641,0.23702678,0.2947564,0.4682168
1123803725,0.3635505,0.3614767,0.27497283
1123829016,0.42930287,0.2222811,0.34841606
1123846564,0.18747902,0.1913071,0.621214
1123890004,0.3333734,0.3338798,0.33274677
1123894824,0.1570214,0.65939665,0.18358195
1123932965,0.27156624,0.48903596,0.23939773
1124010494,0.81863457,0.06917545,0.11218996
1124037833,0.43990004,0.27500775,0.28509218
1124042077,0.31989855,0.3987854,0.28131607
1124042078,0.4387356,0.3120045,0.24925992
1124190366,0.41735682,0.33135045,0.2512928
1124227956,0.31758928,0.2715597,0.410851
1124250043,0.38895276,0.31173486,0.29931238
1124250917,0.3669118,0.3147196,0.31836867
1124318451,0.24647036,0.2981648,0.45536482
1124365159,0.21205515,0.48077747,0.3071674
1124399800,0.15926574,0.5412623,0.29947194
1124445046,0.795927,0.07861667,0.12545636
1124550222,0.2905015,0.3111943,0.3983042
1124619106,0.23942068,0.3640107,0.39656866
1124806754,0.21057017,0.21942306,0.5700068
1124935797,0.35571316,0.35221225,0.29207453
1125063495,0.22335665,0.36781418,0.40882912
1125169240,0.057329804,0.8576758,0.084994406
1125173603,0.48267797,0.2583924,0.2589296
1125272715,0.5566663,0.23362088,0.2097129
1125292564,0.17972124,0.58637965,0.2338991
1125371130,0.33707577,0.29821193,0.36471218
1125430131,0.37434697,0.3241294,0.3015236
1125448573,0.58301187,0.2179811,0.19900706
1125541633,0.34995952,0.40304035,0.24700011
1125616917,0.27070615,0.36066693,0.36862698
1125792357,0.3279173,0.3257741,0.34630865
1125804891,0.11488246,0.75864255,0.12647505
1125819667,0.3986762,0.3445988,0.25672495
1125898108,0.41635165,0.31806123,0.26558715
1125913369,0.3580031,0.29844847,0.3435484
1126021641,0.5404693,0.21798117,0.24154949
1126152072,0.10843666,0.10298991,0.7885734
1126200537,0.39071125,0.32606742,0.28322133
1126419430,0.105140895,0.7688047,0.12605439
1126463559,0.38666227,0.33534393,0.27799383
1126473963,0.3298434,0.2939481,0.37620845
1126496904,0.5676232,0.18716523,0.24521157
1126583434,0.20268407,0.5993445,0.19797148
1126620215,0.39358854,0.30883676,0.29757464
1126646333,0.6097625,0.16739917,0.22283834
1126655326,0.4267209,0.28337368,0.28990537
1126673054,0.2027523,0.52095777,0.27628988
1126877122,0.51944065,0.24186431,0.23869501
1126881108,0.30219787,0.38069028,0.31711185
1126962214,0.31319332,0.3673212,0.31948555
1127082888,0.32566094,0.36540735,0.3089317
1127147098,0.44602406,0.30325222,0.25072372
1127148550,0.42500415,0.31525818,0.25973764
1127470351,0.23376557,0.49283883,0.27339554
1127640632,0.1843594,0.58666396,0.22897659
1127708840,0.48332334,0.27611566,0.24056095
1127745964,0.2056485,0.51822287,0.2761287
1127765215,0.5129718,0.23015766,0.25687054
1127770158,0.26481274,0.46241692,0.27277043
1127770999,0.25254908,0.40643847,0.34101242
1127947285,0.3064398,0.2859285,0.40763175
1128054671,0.44761664,0.29667956,0.25570378
1128125112,0.07832282,0.8135421,0.108135
1128244137,0.41110104,0.29869178,0.29020718
1128260546,0.22350265,0.53366643,0.2428309
1128334850,0.43825778,0.31732318,0.24441907
1128359078,0.30452955,0.40475816,0.29071224
1128453043,0.53608876,0.24542558,0.21848564
1128533562,0.2747301,0.31353936,0.4117306
1128648633,0.08564275,0.7598323,0.15452495
1128698907,0.3985382,0.31005648,0.29140535
1128743062,0.25207564,0.32370353,0.42422086
1128756132,0.3372295,0.3774094,0.28536102
1128822389,0.31236383,0.36242583,0.3252104
1128823837,0.12472373,0.105854556,0.7694217
1128932305,0.06757009,0.8356554,0.096774526
1129007304,0.3317551,0.3797276,0.28851733
1129028970,0.4721052,0.26967093,0.25822383
1129094985,0.10071454,0.7698903,0.12939513
1129117409,0.5464374,0.2373901,0.21617249
1129143673,0.6995526,0.14539179,0.1550556
1129284971,0.29001063,0.48910013,0.22088926
1129332013,0.41537905,0.32457006,0.26005095
1129519588,0.16229065,0.30704057,0.5306688
1129531382,0.31811175,0.3088247,0.3730636
1129776785,0.4599981,0.20910172,0.33090025
1129885606,0.4475518,0.28295612,0.26949218
1129909224,0.31087297,0.36403972,0.32508728
1129931158,0.24905606,0.5102253,0.24071862
1130037350,0.31017193,0.33206657,0.3577615
1130163357,0.50381553,0.25964573,0.23653881
1130205766,0.2405517,0.5373499,0.22209843
1130331482,0.4733434,0.28368637,0.24297018
1130380125,0.24346516,0.2543783,0.5021565
1130410689,0.42824125,0.29623955,0.27551916
1130439593,0.29995805,0.3159674,0.38407445
1130499406,0.35899368,0.36854813,0.27245817
1130523169,0.34934583,0.29732808,0.35332602
1130561892,0.37797013,0.32571465,0.29631522
1130748876,0.32964,0.29910105,0.3712589
1130781872,0.16723742,0.5607003,0.27206224
1130990531,0.38013107,0.3453968,0.27447212
1131021350,0.5065488,0.23677073,0.2566804
1131165153,0.4033686,0.26017067,0.33646068
1131196302,0.14963506,0.6810316,0.16933332
1131248224,0.087761424,0.77687997,0.13535859
1131292017,0.48203215,0.20606309,0.31190476
1131439626,0.2450734,0.3166588,0.43826786
1131463763,0.23430908,0.3848639,0.380827
1131468117,0.43086928,0.30906054,0.26007017
1131483519,0.20354095,0.57463455,0.22182453
1131510423,0.5937852,0.21055767,0.1956572
1131704803,0.30746168,0.37139696,0.3211414
1131743361,0.27842212,0.19852702,0.52305084
1131760448,0.58938235,0.21194518,0.1986725
1131936232,0.6275952,0.16471773,0.20768708
1132020153,0.6647022,0.14707553,0.18822226
1132041558,0.38170838,0.33537033,0.28292134
1132072781,0.30503875,0.41593838,0.2790228
1132073451,0.33836022,0.39088446,0.27075535
1132091228,0.15413094,0.13166547,0.7142037
1132123893,0.46174976,0.27965888,0.25859135
1132246089,0.30523947,0.305439,0.38932157
1132353594,0.25906014,0.50997925,0.23096064
1132379341,0.43258348,0.242566,0.32485053
1132453114,0.44364488,0.23430161,0.3220534
1132487234,0.41653183,0.2838068,0.29966128
1132498353,0.22947067,0.4819757,0.2885536
1132646513,0.6374794,0.15988408,0.20263645
1132890375,0.07524789,0.070082866,0.8546692
1132892094,0.30744505,0.2782752,0.4142797
1132930974,0.31196406,0.2035495,0.4844864
1132968414,0.1529154,0.6518019,0.19528274
1133019786,0.39854944,0.3007438,0.30070677
1133167619,0.65443736,0.17152967,0.17403303
1133201043,0.21155712,0.44411466,0.34432825
1133202544,0.27172714,0.25478286,0.47348997
1133217386,0.35983244,0.3215481,0.31861943
1133289519,0.51019233,0.24624267,0.24356502
1133521490,0.3566817,0.37580773,0.26751056
1133596846,0.27886832,0.29995948,0.4211722
1133807629,0.4469608,0.281692,0.27134714
1133879156,0.415012,0.30711773,0.27787024
1133897655,0.5499681,0.22925857,0.22077334
1133958135,0.6745321,0.14028855,0.18517935
1134056607,0.5216269,0.21057354,0.26779956
1134198159,0.27999324,0.4254538,0.29455295
1134249299,0.375837,0.31405482,0.3101082
1134293607,0.6962665,0.120407686,0.18332586
1134385367,0.46969685,0.300642,0.22966115
1134607347,0.29226136,0.30579552,0.40194315
1134627194,0.2265608,0.21701129,0.55642796
1134792108,0.25892752,0.23715739,0.503915
1134847497,0.29283714,0.35646865,0.35069415
1134875947,0.29577675,0.37545022,0.32877308
1135037200,0.4229373,0.3187781,0.25828454
1135213764,0.3220928,0.40869075,0.26921654
1135384322,0.4168655,0.31520844,0.267926
1135445224,0.39088595,0.36923066,0.23988336
1135452099,0.27064627,0.29545513,0.43389857
1135480080,0.26282194,0.43963322,0.29754487
1135563252,0.16216512,0.6480151,0.1898198
1135563480,0.33752975,0.36054868,0.30192146
1135617392,0.5702447,0.21092495,0.21883032
1135638490,0.4602325,0.2826362,0.25713128
1135639858,0.1619713,0.14412555,0.69390315
1135796725,0.32569715,0.36683032,0.3074726
1135820479,0.43124843,0.3181488,0.2506028
1135847660,0.44274008,0.32322076,0.23403913
1135976346,0.29638913,0.26795167,0.43565914
1136101797,0.35385033,0.38822475,0.257925
1136161371,0.22968683,0.5373743,0.2329388
1136213582,0.09335782,0.08479095,0.82185125
1136308749,0.35849643,0.22253278,0.4189708
1136343448,0.6182258,0.1634387,0.21833542
1136372588,0.1711781,0.1567571,0.6720648
1136723731,0.34401876,0.33425108,0.32173014
1136775926,0.29130566,0.3416363,0.367058
1136816783,0.48208594,0.28743854,0.23047557
1136899736,0.20757484,0.3532036,0.43922156
1136935930,0.3227871,0.30665368,0.37055928
1136950465,0.37231845,0.3242402,0.30344132
1137016396,0.49163195,0.27985567,0.22851238
1137068823,0.41940027,0.29373902,0.28686064
1137086430,0.45502946,0.21756989,0.32740065
1137361322,0.52908003,0.22908689,0.24183305
1137496816,0.2955955,0.28892493,0.4154795
1137746190,0.32625765,0.35475695,0.31898534
1137796468,0.78487587,0.06866932,0.14645484
1137861510,0.29830915,0.31863326,0.3830576
1137979314,0.2904493,0.42450464,0.2850461
1137989006,0.4280353,0.31256917,0.25939557
1138028566,0.14232846,0.6761325,0.18153907
1138086755,0.16826914,0.6529377,0.17879315
1138129219,0.18202887,0.6098683,0.20810279
1138129748,0.5033252,0.25891623,0.23775859
1138209081,0.41863993,0.29566872,0.28569132
1138210616,0.7176809,0.12517874,0.15714033
1138211603,0.43917146,0.2724904,0.28833807
1138274872,0.34822223,0.35230106,0.2994767
1138362975,0.124005586,0.7370951,0.13889928
1138388307,0.7763231,0.09480993,0.12886693
1138418371,0.33977377,0.26309732,0.3971289
1138437067,0.39834118,0.35207796,0.24958089
1138509244,0.26266244,0.27920592,0.45813173
1138581707,0.096469484,0.09861196,0.8049185
1138690036,0.20524128,0.52923393,0.2655247
1138747705,0.5138274,0.2633213,0.22285126
1138921759,0.40388826,0.3395644,0.25654733
1139086013,0.23333159,0.52216965,0.2444988
1139163988,0.30952427,0.35185733,0.3386184
1139256497,0.45311624,0.27991432,0.26696953
1139332391,0.47123018,0.24373764,0.28503215
1139336278,0.23887295,0.18123369,0.5798933
1139341895,0.28934518,0.25524285,0.45541194
1139434392,0.1619831,0.13954926,0.6984676
1139656823,0.38978875,0.2772934,0.33291787
1139784129,0.7527333,0.10666385,0.14060284
1139805607,0.7106717,0.11234628,0.17698199
1139920550,0.49914792,0.23674935,0.2641027
1139943541,0.2246387,0.21019714,0.56516415
1139959336,0.2582169,0.34387547,0.3979076
1140033346,0.37280464,0.2566774,0.3705179
1140098299,0.38939944,0.31466445,0.29593614
1140104757,0.43411267,0.28967997,0.27620742
1140161651,0.26839572,0.32294318,0.40866113
1140163411,0.10737102,0.101173274,0.7914557
1140298163,0.5604697,0.19989897,0.23963133
1140340840,0.25257427,0.46830568,0.27911997
1140392359,0.36826333,0.3253158,0.30642086
1140457370,0.30082214,0.33616728,0.36301064
1140576503,0.51797235,0.22402333,0.25800434
1140736360,0.19793802,0.20991755,0.5921444
1140738810,0.4324508,0.27833283,0.2892163
1140781017,0.35660276,0.29597604,0.34742117
1140813391,0.32304648,0.36227643,0.3146771
1140849794,0.31399316,0.41015568,0.2758512
1140884088,0.08658503,0.78744555,0.12596942
1140900502,0.39199132,0.3322846,0.27572414
1140908549,0.096129954,0.77805454,0.12581554
1140921457,0.31578124,0.403469,0.28074977
1140941953,0.5302397,0.22754456,0.24221575
1141039596,0.31384906,0.31676826,0.36938274
1141370516,0.3288515,0.38633516,0.2848134
1141390261,0.1301042,0.11295961,0.75693625
1141519886,0.3276898,0.34559062,0.32671964
1141634372,0.43292287,0.24942894,0.3176481
1141668382,0.36437187,0.36332124,0.27230686
1141686357,0.14194825,0.6970599,0.16099183
1141774936,0.30554348,0.38285846,0.31159806
1141889297,0.42703727,0.33732125,0.23564148
1141915566,0.18132588,0.60305226,0.2156219
1141925725,0.121690094,0.72892225,0.14938763
1141995661,0.17278673,0.12498452,0.7022288
1142047828,0.33728233,0.31466597,0.3480517
1142141525,0.2281299,0.4847633,0.28710678
1142620215,0.3244445,0.3742547,0.30130073
1142670809,0.30799946,0.37126973,0.32073078
1142711134,0.39291927,0.33251882,0.27456194
1142839494,0.24729379,0.5345658,0.21814033
1142913265,0.35577664,0.3208683,0.32335514
1142950810,0.50382537,0.27412212,0.22205248
1143145917,0.58606315,0.1978383,0.21609856
1143183834,0.16604538,0.63377833,0.20017622
1143217876,0.37641582,0.34077722,0.28280696
1143244356,0.30185467,0.17581579,0.5223295
1143292808,0.1601832,0.1623393,0.6774775
1143477729,0.15505797,0.14508137,0.69986063
1143572488,0.36476025,0.3235782,0.31166157
1143612349,0.34002823,0.3858927,0.27407905
1143628841,0.16585512,0.61944175,0.21470313
1143638427,0.47035724,0.18235113,0.34729165
1143667968,0.32591653,0.19652572,0.47755778
1143670450,0.3531744,0.322433,0.32439262
1143686231,0.4207622,0.2938188,0.28541896
1143747133,0.30213472,0.37274286,0.32512236
1143968733,0.24843453,0.46969143,0.2818741
1144047410,0.3923428,0.28054926,0.32710794
1144276635,0.35097292,0.3417336,0.3072935
1144292984,0.6618894,0.13491294,0.20319767
1144436844,0.21637529,0.5200967,0.26352802
1144478461,0.3583736,0.32866505,0.31296134
1144524297,0.32487017,0.35137615,0.3237537
1144545891,0.52941376,0.2585601,0.21202613
1144595175,0.38740212,0.3267992,0.28579867
1144600253,0.7789452,0.07431402,0.14674073
1144802935,0.28272372,0.42903978,0.28823653
1144899106,0.14217092,0.68210435,0.1757247
1144993677,0.24283592,0.25938562,0.4977785
1145151929,0.29125652,0.40842384,0.30031964
1145175734,0.56775993,0.19755551,0.23468459
1145537193,0.42087886,0.2847778,0.29434335
1145570655,0.32982948,0.31867325,0.35149723
1145708232,0.52425176,0.28215483,0.19359344
1145824862,0.31577003,0.33118075,0.35304928
1145885689,0.1361451,0.6984611,0.16539383
1146096531,0.18023342,0.6485912,0.17117535
1146153963,0.3769016,0.3792849,0.24381354
1146177937,0.45564234,0.23422034,0.31013733
1146282142,0.23106202,0.2501714,0.5187666
1146340054,0.40042698,0.35069895,0.24887411
1146443709,0.40326968,0.33736002,0.25937024
1146627830,0.34945804,0.34404948,0.3064925
1146797492,0.3853908,0.35317725,0.26143196
1146876633,0.18886654,0.3090274,0.5021061
1146938822,0.46223462,0.25721973,0.28054562
1147006420,0.33369714,0.34836683,0.317936
1147007992,0.3504065,0.3178345,0.33175907
1147061341,0.32829377,0.33617377,0.3355325
1147211162,0.5266129,0.198888,0.2744991
1147281502,0.2793535,0.306525,0.41412154
1147397220,0.35956812,0.31214827,0.3282836
1147438345,0.21214968,0.21757905,0.5702713
1147458350,0.40851915,0.34650666,0.24497421
1147470314,0.5312087,0.23896736,0.22982398
1147484162,0.30161533,0.33427307,0.36411157
1147564441,0.08479131,0.8105966,0.10461212
1147621364,0.40467155,0.29408628,0.3012421
1147662264,0.26613924,0.24111171,0.4927491
1147669927,0.21731155,0.56113744,0.22155105
1147739666,0.062232338,0.85172325,0.0860444
1147895330,0.5348259,0.26667562,0.19849852
1147910011,0.35831586,0.34695917,0.29472497
1148068169,0.3408917,0.30475718,0.35435116
1148128446,0.37009072,0.372373,0.2575362
1148461389,0.3665104,0.2985523,0.33493727
1148467970,0.5127764,0.23670296,0.2505207
1148497726,0.47170377,0.23306839,0.29522786
1148532590,0.41592538,0.28897634,0.2950982
1148588654,0.2254867,0.49821302,0.2763002
1148696013,0.10511651,0.7685436,0.12633991
1148851513,0.6129929,0.1634848,0.22352237
1148876589,0.41154233,0.31067857,0.27777904
1148897809,0.345282,0.40784183,0.24687617
1148901543,0.34546712,0.35797602,0.29655695
1149172047,0.26233947,0.25270587,0.48495466
1149320323,0.35813117,0.358194,0.2836749
1149446343,0.3541345,0.3341593,0.31170613
1149597983,0.3503142,0.3792446,0.2704412
1149664111,0.38232803,0.2607612,0.35691082
1149759569,0.576635,0.22758734,0.19577764
1149771360,0.13809867,0.69563395,0.16626741
1149975172,0.23457517,0.5006129,0.26481193
1149979508,0.2212589,0.2495271,0.529214
1150016315,0.15114138,0.6734537,0.17540489
1150073131,0.28956875,0.41250786,0.29792342
1150088097,0.3628955,0.44496772,0.19213682
1150152397,0.07513608,0.82485396,0.10000997
1150239016,0.15744376,0.14544259,0.69711363
1150312555,0.41298926,0.3408331,0.24617761
1150356676,0.14709873,0.22989288,0.6230084
1150395223,0.32879654,0.31885228,0.35235125
1150458364,0.3368163,0.36041605,0.30276766
1150589634,0.75580573,0.09438791,0.14980637
1150643225,0.22237882,0.43270358,0.34491754
1150692245,0.37162668,0.3272613,0.30111203
1150800074,0.41235763,0.30547374,0.2821685
1150887176,0.35110345,0.39571238,0.25318414
1150909063,0.14265022,0.68965566,0.16769412
1150946191,0.17037667,0.6179112,0.21171212
1151018362,0.1393227,0.68763334,0.17304392
1151103077,0.6520234,0.16203631,0.1859403
1151104135,0.36005265,0.32519013,0.31475726
1151133209,0.24450892,0.4823754,0.27311563
1151288277,0.26231766,0.4187784,0.3189039
1151311864,0.51606524,0.2679539,0.2159809
1151358232,0.12906897,0.71525395,0.15567707
1151532697,0.40581793,0.3082583,0.28592375
1151547849,0.07266176,0.071185246,0.85615295
1151676822,0.12182664,0.17909746,0.6990759
1151852306,0.21117502,0.31616783,0.4726571
1151917228,0.3605353,0.23051128,0.40895343
1152047358,0.2998854,0.40672252,0.29339215
1152063974,0.10623039,0.7766695,0.11710009
1152116208,0.20910093,0.21880731,0.57209176
1152147069,0.2170241,0.23284984,0.5501261
1152180996,0.3280365,0.32765177,0.34431174
1152255508,0.2807874,0.2889702,0.4302423
1152294584,0.7778173,0.09231234,0.12987034
1152586736,0.5533694,0.22077757,0.225853
1152598108,0.12775825,0.12609525,0.7461465
1152670190,0.2634575,0.24889196,0.48765057
1152723661,0.37174803,0.384942,0.24330997
1152811802,0.13431141,0.18756665,0.6781219
1152834149,0.4136702,0.26596677,0.32036307
1152839427,0.3547594,0.24945354,0.39578706
1152956056,0.5193031,0.2292564,0.2514405
1153079854,0.096317254,0.7880824,0.11560033
1153169536,0.404194,0.31121168,0.2845943
1153258645,0.29200915,0.25639343,0.4515973
1153261434,0.33556724,0.33465353,0.32977924
1153301504,0.3887338,0.33699745,0.2742688
1153312865,0.14889997,0.6968164,0.15428364
1153336224,0.71664524,0.13289654,0.1504582
1153352168,0.40383953,0.33601573,0.26014474
1153410432,0.24099925,0.2880473,0.47095346
1153469405,0.21345164,0.52790326,0.25864518
1153485015,0.5734009,0.17373161,0.2528674
1153573874,0.40282452,0.31467676,0.28249866
1153629808,0.43521997,0.31636304,0.248417
1153822164,0.3297512,0.33695057,0.3332982
1153889772,0.36404732,0.34011748,0.29583517
1153934864,0.31179765,0.29189727,0.3963051
1154419691,0.084152386,0.80341107,0.11243653
1154755038,0.35393107,0.34026343,0.30580547
1154931343,0.25065443,0.3315021,0.41784346
1154939561,0.30876,0.3291732,0.36206678
1154998905,0.3783186,0.30623606,0.31544536
1155010828,0.38307315,0.35225677,0.2646701
1155081144,0.3456169,0.32555893,0.3288242
1155119917,0.5596385,0.17702793,0.26333362
1155308178,0.1664078,0.6163342,0.21725799
1155570992,0.49449325,0.22877246,0.27673423
1155772062,0.36697906,0.2905483,0.3424726
1155815560,0.36192688,0.30601126,0.33206192
1155962479,0.32225448,0.3849173,0.2928283
1156049715,0.36587074,0.29872015,0.33540908
1156116032,0.3513137,0.31628776,0.33239862
1156253662,0.306445,0.36425754,0.3292974
1156274727,0.27580598,0.33816084,0.3860332
1156331243,0.5533181,0.23332107,0.21336074
1156342041,0.42863557,0.31854013,0.25282437
1156434087,0.47243607,0.26051158,0.26705235
1156470780,0.22903694,0.21435568,0.5566074
1156540816,0.48975706,0.23766801,0.27257487
1156562528,0.34225094,0.37513778,0.2826113
1156577694,0.39030898,0.37309465,0.2365964
1156637106,0.37978372,0.29329008,0.3269262
1156743677,0.4306854,0.30604625,0.2632683
1156777995,0.25815743,0.2972638,0.4445787
1156936603,0.19281648,0.5830551,0.22412847
1156951843,0.36050963,0.31687838,0.32261193
1156972503,0.35152924,0.37627935,0.2721914
1157116573,0.25487915,0.46112302,0.28399783
1157245117,0.4305844,0.27010518,0.29931048
1157449581,0.23627658,0.50594866,0.25777468
1157487309,0.5105974,0.22849326,0.2609094
1157526414,0.27153096,0.30159923,0.4268698
1157814605,0.43457544,0.3233063,0.24211831
1157910929,0.29670623,0.45568508,0.24760874
1157918640,0.6150339,0.19343454,0.19153148
1157940278,0.22874375,0.43766117,0.33359504
1158046087,0.5818085,0.19178082,0.22641073
1158116714,0.0927152,0.78649455,0.12079029
1158179522,0.44772822,0.28654873,0.26572305
1158297188,0.27791652,0.3904418,0.33164164
1158313814,0.4103422,0.3003001,0.28935772
1158412608,0.32047245,0.4087535,0.27077404
1158422371,0.40962484,0.24966457,0.34071055
1158643108,0.41674912,0.28884867,0.29440215
1158661506,0.3790544,0.26612067,0.354825
1158718973,0.14189412,0.1401968,0.71790904
1158795843,0.25061563,0.45930296,0.29008144
1158878324,0.12498353,0.6978882,0.17712818
1158921225,0.09563825,0.74942535,0.15493639
1158937172,0.32936335,0.38116193,0.28947476
1159071249,0.4467264,0.31181914,0.2414544
1159086214,0.5597209,0.1928878,0.24739136
1159169230,0.50991017,0.17072184,0.31936797
1159214646,0.3636421,0.36390212,0.27245575
1159223250,0.3943624,0.31974137,0.28589618
1159252223,0.40461925,0.3390708,0.2563099
1159271420,0.3986175,0.25015333,0.3512292
1159690738,0.36357808,0.30235824,0.33406368
1159925093,0.32659635,0.3405421,0.33286157
1159984707,0.2669399,0.28083548,0.45222458
1160117545,0.3457673,0.3761987,0.27803394
1160259732,0.55491877,0.21170233,0.23337887
1160293013,0.5455344,0.24010794,0.21435769
1160328414,0.44723418,0.2936316,0.25913423
1160452127,0.3772166,0.35015497,0.27262843
1160476291,0.2514973,0.43162307,0.3168797
1160508274,0.24517676,0.40277922,0.35204402
1160542447,0.27976507,0.32761797,0.39261693
1160763462,0.1535664,0.66307557,0.18335801
1160803446,0.34809765,0.31920606,0.3326963
1160969480,0.22878991,0.5044352,0.26677492
1161045011,0.40197587,0.32393792,0.27408612
1161153848,0.5449193,0.23016134,0.22491933
1161166875,0.5198446,0.2287014,0.251454
1161194871,0.4016375,0.30085272,0.29750976
1161205031,0.45909294,0.23583977,0.30506724
1161348037,0.20522466,0.22596575,0.5688096
1161511535,0.4286805,0.32302365,0.24829587
1161668709,0.52355593,0.24900469,0.22743936
1161696460,0.48695132,0.29386562,0.21918309
1161758013,0.4801405,0.24048288,0.2793767
1161868519,0.3894564,0.3465425,0.26400107
1161924268,0.091915056,0.7908894,0.117195584
1162002853,0.41353214,0.3417491,0.2447187
1162048574,0.09862728,0.785852,0.11552067
1162079496,0.26508808,0.32913774,0.40577424
1162081727,0.28741655,0.38587815,0.32670534
1162093315,0.25687638,0.29144576,0.45167786
1162137934,0.3351034,0.31010696,0.35478964
1162209692,0.4615338,0.27834287,0.26012334
1162336726,0.5589457,0.23529036,0.20576395
1162354461,0.2991752,0.44071934,0.26010555
1162365789,0.17057101,0.63255805,0.19687094
1162369152,0.09203766,0.08647732,0.8214851
1162384789,0.10332666,0.11117683,0.78549653
1162483298,0.37635052,0.32390967,0.2997398
1162612283,0.24689174,0.3160617,0.43704653
1162806682,0.3056606,0.3348369,0.35950255
1162816016,0.36019644,0.25784972,0.3819539
1162827850,0.33379683,0.3679076,0.2982955
1162926607,0.2606971,0.29780364,0.44149926
1162956685,0.45356292,0.29917932,0.24725775
1162968851,0.22903769,0.28058782,0.49037457
1163177218,0.26418948,0.19722442,0.53858614
1163307196,0.3526563,0.15777095,0.4895727
1163322100,0.34391317,0.3696936,0.2863933
1163408368,0.2344475,0.35032693,0.41522554
1163461693,0.36781308,0.38180497,0.25038195
1163468227,0.36865398,0.35399437,0.27735162
1163472445,0.25972405,0.40097174,0.3393042
1163546994,0.123102464,0.73204774,0.14484987
1163635777,0.11119007,0.7559773,0.13283265
1163655815,0.62042767,0.19202666,0.18754569
1163856651,0.28501853,0.33997405,0.37500736
1163915069,0.175905,0.6187136,0.20538136
1164166335,0.3454761,0.3057372,0.34878665
1164241120,0.2651453,0.27834296,0.45651165
1164312924,0.19663058,0.58575857,0.21761084
1164404252,0.3334387,0.29038444,0.37617686
1164490429,0.21341915,0.6100393,0.17654154
1164537609,0.118316785,0.098030366,0.7836529
1164656329,0.5350387,0.21706809,0.2478931
1164776570,0.306189,0.5095676,0.18424334
1164797308,0.22562848,0.563795,0.21057662
1165121135,0.5970003,0.15853056,0.24446905
1165123430,0.2628094,0.44582048,0.29137003
1165186229,0.76050377,0.107535966,0.13196032
1165213889,0.47838396,0.28660503,0.23501101
1165230517,0.25881502,0.19351287,0.54767203
1165287481,0.5990379,0.17846939,0.22249272
1165409761,0.6769054,0.09806551,0.22502917
1165502140,0.15560885,0.13640702,0.70798415
1165530820,0.3127333,0.30273414,0.3845326
1165552997,0.27750385,0.4356596,0.28683653
1165649174,0.33108643,0.3287605,0.3401531
1165798342,0.273941,0.23371914,0.49233976
1165891032,0.2997627,0.2759411,0.42429623
1166079224,0.32884777,0.3956594,0.27549282
1166188945,0.36946526,0.32942635,0.30110836
1166453476,0.502789,0.24158083,0.2556302
1166499585,0.6351907,0.17315331,0.191656
1166537613,0.07865219,0.82126737,0.10008043
1166583821,0.3857044,0.30948386,0.30481172
1166585957,0.28442374,0.41246122,0.30311507
1166599042,0.29708016,0.48394752,0.21897227
1166850804,0.41480502,0.2455919,0.33960307
1166853076,0.36789048,0.3580444,0.27406508
1166888029,0.30130965,0.35232022,0.34637016
1166987490,0.39547038,0.33878317,0.26574644
1166996598,0.356122,0.31983957,0.32403845
1167140011,0.101252414,0.76043016,0.13831736
1167203646,0.50219023,0.24025568,0.257554
1167206424,0.3767194,0.35581788,0.26746267
1167222354,0.17050233,0.15450785,0.6749898
1167261667,0.3611517,0.36111754,0.27773076
1167328875,0.54600435,0.2354316,0.21856397
1167397446,0.2668285,0.29431725,0.43885428
1167488950,0.275045,0.4280053,0.29694968
1167722643,0.23704872,0.4506812,0.31227005
1167774009,0.838208,0.05776582,0.10402614
1167801265,0.2131622,0.24237621,0.5444616
1167836267,0.18136537,0.1795033,0.63913125
1167911335,0.51346296,0.22901802,0.257519
1167974973,0.22990061,0.42715907,0.34294036
1167999679,0.26168063,0.29957947,0.43873993
1168116883,0.15781097,0.6584499,0.18373916
1168193239,0.11541041,0.7534993,0.13109022
1168320904,0.34226537,0.31094837,0.34678617
1168345844,0.3564121,0.33349738,0.31009057
1168442081,0.15207095,0.6763981,0.17153095
1168640398,0.516955,0.2392921,0.24375287
1168712147,0.51121247,0.20783931,0.28094825
1168881429,0.18286453,0.5997416,0.21739396
1168884228,0.34792867,0.39172956,0.26034173
1169072737,0.17049372,0.47427434,0.3552319
1169167311,0.35927418,0.31981102,0.32091483
1169180168,0.28513256,0.29036826,0.42449912
1169236205,0.3767016,0.3667637,0.25653467
1169336622,0.3694788,0.3377388,0.29278234
1169419727,0.5181051,0.23495984,0.24693508
1169430677,0.27915978,0.31967205,0.40116817
1169542484,0.22017181,0.46305132,0.3167769
1169625579,0.23630457,0.23898832,0.5247072
1169711773,0.37731352,0.29998276,0.32270375
1169750262,0.19411765,0.5548384,0.25104395
1169808737,0.12655239,0.122380294,0.75106734
1170009852,0.1810965,0.23833725,0.5805663
1170044487,0.4425968,0.31059155,0.24681163
1170052244,0.40630645,0.34307793,0.2506156
1170087510,0.26336196,0.3387708,0.39786726
1170255677,0.10217,0.0983395,0.79949045
1170296787,0.30729216,0.41409826,0.27860957
1170520727,0.12733361,0.73556525,0.13710119
1170541203,0.5338081,0.20004563,0.2661462
1170760171,0.58706117,0.21037939,0.20255943
1170780635,0.6736907,0.14949474,0.17681456
1170977285,0.31076002,0.4070898,0.28215018
1170984753,0.534036,0.25519553,0.2107685
1170995112,0.45989257,0.29443607,0.24567144
1171093015,0.30462465,0.21928947,0.47608584
1171265851,0.41114858,0.30822644,0.28062493
1171423806,0.70690346,0.13480622,0.15829031
1171524729,0.6390945,0.19510096,0.16580458
1171539077,0.5328759,0.26286298,0.20426114
1171584886,0.5394482,0.23513432,0.22541746
1171599469,0.4057853,0.35435674,0.23985799
1171858352,0.3829005,0.3168177,0.30028182
1171895280,0.51216066,0.23147662,0.2563627
1171936490,0.28697267,0.32170144,0.39132592
1171950621,0.3997523,0.3262984,0.27394938
1171977803,0.3690639,0.3769939,0.2539422
1172030107,0.38867256,0.34532884,0.26599854
1172261101,0.11525075,0.7565225,0.12822677
1172278023,0.41691047,0.20571114,0.3773784
1172305743,0.49322355,0.2642019,0.24257462
1172363353,0.4376259,0.36048827,0.20188583
1172386840,0.40493572,0.32426742,0.27079684
1172449798,0.23491675,0.22247341,0.5426098
1172509611,0.31271616,0.27878642,0.40849745
1172524662,0.0790776,0.80839,0.1125324
1172595292,0.30396548,0.41875544,0.27727914
1172637027,0.27640855,0.2681785,0.45541304
1172736222,0.38230598,0.3595552,0.25813884
1172739485,0.3275396,0.35847226,0.31398812
1172757699,0.33220524,0.3484223,0.31937248
1172819295,0.28103706,0.40766454,0.31129843
1172877730,0.45539278,0.2694091,0.2751982
1172926963,0.3430681,0.31569597,0.3412359
1173113047,0.31299046,0.41226625,0.27474335
1173172215,0.5204962,0.2435506,0.23595314
1173281873,0.20940143,0.5662761,0.22432247
1173541235,0.46119067,0.30838507,0.23042423
1173577118,0.34875724,0.27399626,0.37724647
1173603382,0.7794003,0.09200064,0.12859909
1173653089,0.19934551,0.17634152,0.624313
1173726187,0.5376212,0.23707636,0.22530249
1174004628,0.13592155,0.13819435,0.72588414
1174027016,0.3111741,0.3004861,0.38833985
1174048310,0.32809913,0.34687778,0.32502303
1174121595,0.283212,0.29314315,0.4236448
1174194348,0.23911269,0.3384399,0.42244738
1174221678,0.52729607,0.24960984,0.22309408
1174273511,0.37331375,0.34432757,0.28235865
1174364966,0.40229616,0.3494099,0.24829386
1174393126,0.37435895,0.26676148,0.35887954
1174447572,0.4116667,0.32412183,0.26421145
1174455600,0.3116423,0.36123288,0.32712477
1174478604,0.4161442,0.29786247,0.2859933
1174487621,0.23540819,0.20274687,0.561845
1174602867,0.38262498,0.32629743,0.2910776
1174871434,0.36057192,0.29612026,0.3433078
1174878080,0.47311947,0.29373774,0.2331428
1175059383,0.48752162,0.27459046,0.23788789
1175062637,0.24600096,0.35405934,0.3999397
1175115392,0.34213597,0.32105374,0.3368103
1175229379,0.22111495,0.4225408,0.35634422
1175303826,0.66205096,0.16522065,0.17272842
1175354738,0.33901876,0.37611955,0.28486168
1175513342,0.39120585,0.33692813,0.27186602
1175533408,0.19121708,0.21869007,0.59009284
1175545154,0.33169052,0.3478962,0.32041317
1175748968,0.53327286,0.23624818,0.23047891
1175869758,0.3481105,0.40105775,0.25083178
1176080890,0.3158837,0.34025192,0.3438644
1176333207,0.29755667,0.37449104,0.3279523
1176442526,0.19667655,0.2107559,0.59256756
1176642525,0.35161823,0.3120492,0.3363326
1176821550,0.17383566,0.59665084,0.22951353
1176902080,0.3000674,0.31176588,0.38816667
1176984251,0.09161265,0.088822015,0.81956536
1177114840,0.27300248,0.41186073,0.31513682
1177166079,0.56442875,0.20497735,0.23059389
1177220716,0.24465054,0.4211963,0.33415323
1177241998,0.19730118,0.57791555,0.22478333
1177293657,0.3141003,0.3148393,0.37106043
1177339902,0.52020895,0.25971943,0.22007155
1177429319,0.26711494,0.22446689,0.5084181
1177489597,0.24838214,0.22570865,0.5259092
1177499145,0.08706165,0.09080125,0.8221371
1177574879,0.60554904,0.18787885,0.20657209
1177599278,0.33872387,0.35305095,0.30822513
1177638357,0.2134318,0.17914928,0.6074189
1177670480,0.35851535,0.33111688,0.31036776
1177791439,0.24239017,0.2033541,0.5542557
1177853691,0.20773879,0.54711926,0.2451419
1177857726,0.36111763,0.35229036,0.28659204
1177895808,0.53398204,0.17789559,0.2881224
1177930924,0.4353779,0.23356214,0.3310599
1177954207,0.37124848,0.32885912,0.29989243
1178040236,0.46108738,0.26643717,0.27247542
1178044030,0.36422664,0.3613435,0.27442986
1178059215,0.65290606,0.16088796,0.18620601
1178183389,0.37678248,0.37571946,0.24749808
1178202439,0.31112158,0.29687542,0.392003
1178208595,0.24999374,0.42518398,0.32482228
1178248276,0.0749822,0.06487142,0.86014634
1178374286,0.52814025,0.2182522,0.25360763
1178527134,0.20789397,0.43514135,0.3569647
1178706650,0.17867178,0.5813757,0.23995249
1178767280,0.3954937,0.3357877,0.26871863
1178912635,0.41019872,0.34317046,0.24663077
1178923234,0.3376292,0.31867024,0.34370053
1178945926,0.29466292,0.4563269,0.24901018
1179000248,0.49860752,0.28114143,0.22025105
1179107350,0.15153562,0.6707392,0.17772524
1179162098,0.2628697,0.2802225,0.4569078
1179347120,0.30674538,0.3437494,0.34950525
1179361765,0.64020073,0.14152266,0.21827663
1179393569,0.20906004,0.18646762,0.60447234
1179407784,0.34394732,0.33578038,0.32027233
1179493554,0.21978964,0.5130318,0.26717865
1179528377,0.4273942,0.30701697,0.26558876
1179532255,0.29969049,0.23742428,0.46288523
1179628355,0.34832782,0.23157027,0.42010194
1179683596,0.5720861,0.19554009,0.2323738
1179773778,0.18987563,0.2054413,0.6046831
1179958425,0.3328386,0.37118497,0.2959765
1180071843,0.34186828,0.36944488,0.2886868
1180249479,0.2464853,0.22917643,0.5243383
1180441301,0.2287367,0.54491115,0.22635216
1180455698,0.10879393,0.77829784,0.11290818
1180466249,0.19707458,0.56177014,0.24115527
1180612834,0.32853162,0.37732255,0.2941458
1180705749,0.16655385,0.63213164,0.20131448
1180713429,0.25331876,0.486141,0.2605402
1180715321,0.25183487,0.46424422,0.28392094
1180735447,0.10765244,0.74579626,0.1465513
1180811945,0.11128641,0.7648197,0.12389394
1180875516,0.35980394,0.35673514,0.28346097
1180878567,0.19861202,0.583931,0.21745697
1181000348,0.61375004,0.18299814,0.2032518
1181083294,0.40011668,0.28845182,0.3114314
1181108707,0.4267595,0.3239574,0.24928308
1181118100,0.5908671,0.219339,0.18979391
1181123827,0.36150488,0.36417186,0.27432325
1181171334,0.16882311,0.62855,0.202627
1181376402,0.581279,0.19244672,0.22627431
1181392400,0.17730924,0.13376285,0.6889278
1181459839,0.3836431,0.32756004,0.28879693
1181574893,0.37317082,0.33493578,0.29189333
1181664981,0.2353107,0.23032732,0.53436196
1181697625,0.6232154,0.18394448,0.19284008
1181732510,0.2790312,0.36802772,0.3529411
1181740961,0.37398037,0.33502644,0.29099312
1181761316,0.32185337,0.37104374,0.30710295
1181980192,0.17196149,0.6567413,0.17129715
1182000495,0.35306573,0.31779224,0.32914197
1182061990,0.28817233,0.40294418,0.3088835
1182064399,0.06780161,0.06638215,0.8658162
1182116141,0.33837637,0.42722502,0.23439853
1182242685,0.11556103,0.09800437,0.78643465
1182305766,0.121763006,0.73175204,0.14648497
1182362266,0.33126792,0.35233283,0.3163992
1182458896,0.35572603,0.31843176,0.32584223
1182494967,0.36854443,0.3459542,0.28550136
1182500018,0.63843834,0.14926833,0.21229328
1182640644,0.38522986,0.37121606,0.24355407
1182770547,0.22326149,0.28311956,0.49361897
1182845551,0.33267614,0.32214725,0.34517658
1182876783,0.26953387,0.32259533,0.4078708
1182988514,0.30747864,0.39295682,0.2995645
1183019112,0.32260123,0.31494504,0.36245373
1183206363,0.098005764,0.096847706,0.8051466
1183226252,0.33015868,0.3411325,0.3287089
1183523598,0.26557922,0.48092481,0.253496
1183529856,0.27684236,0.16834062,0.554817
1183591314,0.23052523,0.2354254,0.53404945
1183610762,0.33222958,0.28593504,0.38183534
1183623397,0.4360617,0.28917098,0.2747674
1184007812,0.14479972,0.13340028,0.72179997
1184095573,0.30099016,0.33913776,0.35987204
1184099245,0.5262619,0.21442585,0.25931227
1184136323,0.30484456,0.2897141,0.40544128
1184170642,0.32441905,0.38145578,0.29412514
1184239126,0.41384873,0.33742288,0.24872836
1184271153,0.14361213,0.70023495,0.15615293
1184432983,0.32299432,0.17069112,0.5063146
1184514404,0.3183726,0.38831964,0.29330775
1184524465,0.39597118,0.2791505,0.3248784
1184536196,0.29459167,0.3911611,0.3142472
1184627627,0.32104272,0.36993223,0.30902508
1184733468,0.4893327,0.28851634,0.22215098
1184815589,0.35708082,0.38109797,0.26182127
1184894909,0.26492524,0.31825817,0.4168166
1184909793,0.27554905,0.50596726,0.21848364
1184971014,0.23777631,0.5126473,0.24957645
1185020437,0.2511069,0.2446474,0.50424576
1185046923,0.3074747,0.3268749,0.3656504
1185110130,0.28031543,0.25195673,0.4677279
1185212589,0.14920333,0.5177815,0.3330152
1185238306,0.52910155,0.20660862,0.26428977
1185249035,0.390386,0.30312383,0.30649018
1185471978,0.15161574,0.6011568,0.2472275
1185506878,0.31979537,0.24450195,0.43570268
1185527251,0.5901639,0.19444655,0.21538955
1185671047,0.12914428,0.71734667,0.15350905
1185745905,0.32669747,0.15259883,0.5207037
1185882798,0.14595354,0.14005275,0.7139937
1185918754,0.6888451,0.1374743,0.17368063
1185951272,0.514288,0.21289065,0.27282137
1185954362,0.057166573,0.059898112,0.88293535
1185991355,0.0979415,0.09889463,0.80316395
1186106750,0.33989447,0.34695262,0.313153
1186215533,0.22876221,0.52722144,0.24401638
1186227131,0.3628749,0.36434126,0.27278382
1186262947,0.30719644,0.3760169,0.31678665
1186357770,0.27423787,0.3473224,0.37843972
1186422690,0.37878639,0.3609013,0.26031232
1186478099,0.34770027,0.3351931,0.3171067
1186563524,0.24629788,0.24605279,0.50764936
1186602860,0.42736477,0.30538565,0.26724958
1186935318,0.3820681,0.30788854,0.31004325
1186945177,0.6325349,0.17871943,0.18874566
1186948091,0.37627348,0.33390772,0.2898188
1186972205,0.5473339,0.20649832,0.24616775
1187063828,0.24740976,0.49022558,0.26236463
1187207425,0.26336724,0.30346873,0.43316403
1187261345,0.38609597,0.34563592,0.2682682
1187439836,0.32513076,0.29196543,0.38290378
1187446450,0.29875728,0.39466012,0.30658263
1187586586,0.3914962,0.3424842,0.26601958
1187654578,0.29873464,0.24986257,0.45140287
1187701140,0.26548272,0.27809107,0.4564261
1187746274,0.39719477,0.27324226,0.32956302
1187758719,0.5205844,0.25804442,0.22137107
1187851052,0.32654947,0.29263204,0.3808186
1187915347,0.3900175,0.3440092,0.26597333
1188107814,0.2879184,0.3022203,0.40986136
1188128005,0.38545585,0.32756442,0.2869797
1188170440,0.29681337,0.3028377,0.40034893
1188192931,0.341592,0.3551869,0.30322105
1188279591,0.560555,0.22534196,0.21410303
1188360566,0.3698035,0.2992435,0.33095303
1188457718,0.5014848,0.24406093,0.25445428
1188489867,0.31360632,0.32456568,0.36182803
1188653516,0.34516343,0.36026686,0.29456973
1188680956,0.50459844,0.27934384,0.21605769
1188694488,0.48877114,0.29182205,0.21940683
1188776950,0.118207626,0.10734257,0.77444977
1188844823,0.7587035,0.07853221,0.16276424
1188855726,0.123621084,0.7335944,0.14278454
1188894553,0.18045367,0.14372452,0.67582184
1188972538,0.46912232,0.2790584,0.25181928
1188973188,0.30053917,0.27869046,0.42077038
1189120228,0.2221531,0.4833915,0.29445538
1189120587,0.28005365,0.33424848,0.38569787
1189172837,0.39991444,0.26161483,0.33847073
1189221066,0.18220672,0.17756918,0.6402241
1189223443,0.52842164,0.19966729,0.27191108
1189238403,0.35266834,0.35367578,0.29365587
1189371503,0.42801607,0.3073284,0.26465553
1189471742,0.6133842,0.19853762,0.18807815
1189508003,0.2831188,0.42955062,0.28733063
1189512000,0.33280188,0.31876442,0.3484337
1189550516,0.23533395,0.43376422,0.3309019
1189576478,0.33932585,0.30675074,0.3539234
1189650735,0.18391217,0.62654245,0.18954535
1189696660,0.5019681,0.26781726,0.2302146
1189714303,0.2955156,0.31103164,0.39345276
1189839279,0.41419965,0.32333016,0.2624702
1190396243,0.2794692,0.3946004,0.32593033
1190420046,0.25670466,0.42834452,0.3149508
1190459511,0.46990106,0.27557293,0.25452602
1190465415,0.38802612,0.29040113,0.3215727
1190526022,0.24591245,0.24043766,0.5136499
1190560917,0.2376295,0.47645122,0.28591937
1190619103,0.29043493,0.43782976,0.2717354
1190667873,0.46325424,0.25826603,0.2784797
1190678845,0.4275128,0.24248202,0.33000514
1190693959,0.30903482,0.39711758,0.29384762
1190704524,0.14786553,0.6916078,0.16052672
1190730907,0.107083395,0.7749167,0.117999956
1190738743,0.14147805,0.69261277,0.1659092
1190747286,0.4318325,0.2965586,0.27160895
1190875770,0.11495735,0.108207315,0.7768353
1190878607,0.30268052,0.3483985,0.348921
1190913384,0.26652053,0.3837402,0.3497393
1191025774,0.18737577,0.18995431,0.62266994
1191049224,0.5018479,0.26487407,0.23327799
1191054506,0.4198723,0.32991344,0.25021422
1191062009,0.70650667,0.11222349,0.1812698
1191147533,0.20082195,0.5091064,0.29007173
1191191832,0.2902994,0.36596853,0.34373215
1191335929,0.2736715,0.2874872,0.43884122
1191350604,0.3497867,0.38023543,0.26997787
1191814503,0.26736164,0.2639075,0.46873087
1191832801,0.40643603,0.33283252,0.2607314
1191850967,0.245772,0.17828676,0.57594126
1192123675,0.30313423,0.35712093,0.3397448
1192135014,0.3734243,0.3675661,0.2590095
1192231238,0.28803006,0.4139035,0.29806644
1192302712,0.33165616,0.37775373,0.29059002
1192349715,0.669724,0.13140498,0.19887099
1192415138,0.3012566,0.291311,0.40743238
1192519740,0.64828485,0.16399829,0.18771687
1192665168,0.14203595,0.70437014,0.15359394
1192783647,0.2684944,0.23904742,0.49245816
1192791765,0.31023926,0.32303295,0.36672777
1192804929,0.37237534,0.3176393,0.3099854
1192822106,0.41314173,0.29265672,0.29420155
1192909849,0.44083637,0.3153009,0.24386282
1192924684,0.26026154,0.43614304,0.30359533
1193294174,0.54657716,0.2186262,0.23479658
1193357512,0.09664896,0.09638603,0.80696493
1193528083,0.4543615,0.29830006,0.24733846
1193601329,0.37851903,0.30435434,0.31712663
1193606506,0.3310084,0.22545357,0.443538
1193627664,0.36974758,0.3442863,0.28596616
1193751708,0.24406049,0.22134519,0.5345943
1193756946,0.24615021,0.29263958,0.46121025
1194153567,0.33448544,0.30063674,0.36487788
1194226406,0.5101964,0.23402634,0.2557773
1194296943,0.545155,0.25437137,0.20047362
1194452329,0.3422862,0.31107196,0.34664178
1194488613,0.21117842,0.2131558,0.5756658
1194646239,0.2940533,0.38876456,0.31718212
1194649314,0.17229648,0.66205627,0.16564722
1194738124,0.46964702,0.28356832,0.24678461
1194748282,0.33066952,0.34951526,0.31981522
1194830303,0.2794736,0.38836586,0.33216056
1194831383,0.30470416,0.37049687,0.324799
1194895982,0.5480375,0.25059775,0.20136473
1194943107,0.3668008,0.34902808,0.28417107
1194973629,0.5613892,0.23932436,0.19928637
1194999683,0.46755102,0.28359455,0.24885444
1195013058,0.18131319,0.61027443,0.20841244
1195038950,0.31522277,0.3765925,0.3081848
1195041532,0.55050176,0.21322672,0.23627152
1195099090,0.33014646,0.3697994,0.3000541
1195125039,0.30964208,0.38807043,0.3022875
1195143145,0.3464059,0.3348556,0.31873852
1195144276,0.20257679,0.2054676,0.5919556
1195151382,0.30257794,0.32870197,0.36872
1195237247,0.1401444,0.15634274,0.70351285
1195240746,0.27494913,0.1691474,0.5559035
1195315763,0.3140137,0.2598535,0.42613274
1195389164,0.37811574,0.31092128,0.31096298
1195442324,0.2223948,0.20649478,0.5711104
1195628140,0.38370925,0.31458107,0.30170968
1195687963,0.36664382,0.33415735,0.29919884
1195688510,0.13822287,0.6806734,0.18110363
1195692711,0.530458,0.2617235,0.20781857
1195834930,0.2683265,0.34956062,0.38211292
1196187567,0.33433443,0.32896507,0.33670053
1196204986,0.35734776,0.22136246,0.42128986
1196219587,0.11718488,0.124907434,0.75790775
1196357576,0.3856973,0.3098731,0.30442962
1196375667,0.2251063,0.25063932,0.5242543
1196389040,0.16875322,0.6337641,0.1974827
1196670849,0.19867158,0.63195574,0.16937266
1196785827,0.37415907,0.31566972,0.31017125
1197071457,0.34065714,0.35908735,0.3002555
1197131424,0.17253599,0.6260795,0.20138451
1197216736,0.29172695,0.38314068,0.32513234
1197298103,0.39940417,0.32159,0.27900583
1197482038,0.36740598,0.2986567,0.33393738
1197647732,0.11396437,0.100895174,0.7851404
1197659926,0.2269529,0.55156213,0.22148493
1197679872,0.46503678,0.28399068,0.2509725
1197837810,0.39412323,0.2828193,0.32305744
1197892624,0.28637862,0.31105652,0.40256482
1197924027,0.51594436,0.21999632,0.26405936
1197967062,0.31298926,0.38728964,0.29972106
1198008923,0.25839415,0.36178893,0.37981695
1198125015,0.23291685,0.22986878,0.5372144
1198151226,0.59876007,0.19466352,0.20657647
1198240850,0.22620144,0.55791456,0.21588397
1198248770,0.43057454,0.31993487,0.24949062
1198287912,0.27684385,0.25892112,0.46423513
1198296007,0.12299614,0.73247063,0.14453322
1198335801,0.24141216,0.40147468,0.35711318
1198390485,0.36127573,0.31804705,0.32067716
1198654506,0.25761867,0.29071862,0.45166272
1198739152,0.20344585,0.5645419,0.23201227
1198885547,0.4631087,0.28583428,0.25105706
1198923503,0.24482661,0.47653913,0.2786343
1198957055,0.3891637,0.32332578,0.28751048
1198993175,0.3120702,0.35834485,0.3295849
1199092218,0.40408635,0.29123342,0.3046802
1199112579,0.35372752,0.38420102,0.2620714
1199285944,0.47010896,0.26002988,0.26986122
1199385364,0.2549603,0.26626295,0.47877678
1199570882,0.22539571,0.4903004,0.284304
1199580638,0.33091146,0.3544109,0.31467766
1199710787,0.54336196,0.24117398,0.215464
1199740995,0.49786246,0.25496346,0.2471741
1199793812,0.34586832,0.31415057,0.33998105
1199804768,0.4474775,0.33254477,0.21997777
1199903779,0.3704712,0.31131914,0.31820962
1199910790,0.2640055,0.2835295,0.45246497
1200130289,0.5866425,0.18882698,0.22453041
1200460708,0.20708622,0.5990304,0.19388345
1200498314,0.09499441,0.08733424,0.81767136
1200699690,0.28778335,0.33311626,0.37910035
1200768569,0.32436976,0.33253238,0.3430979
1200780918,0.35221905,0.28930375,0.3584773
1200818601,0.22490023,0.5324844,0.24261537
1200850446,0.3364622,0.38456994,0.27896786
1200893794,0.1032801,0.7762115,0.12050837
1200917938,0.40157023,0.3099002,0.28852955
1200930879,0.33727783,0.3842079,0.27851427
1200967894,0.33924368,0.32186458,0.33889174
1201032155,0.22427179,0.5581959,0.21753229
1201264740,0.22028898,0.5379732,0.24173786
1201324105,0.15767239,0.13432589,0.7080017
1201359234,0.3673652,0.35673678,0.27589807
1201750863,0.33909214,0.30642238,0.35448548
1201858951,0.43672743,0.31616962,0.24710292
1201964215,0.3208249,0.41803724,0.2611378
1202045853,0.36960497,0.3685761,0.2618189
1202083678,0.10066508,0.7805721,0.118762806
1202211380,0.40603957,0.32729083,0.26666957
1202270903,0.28745008,0.34275615,0.3697937
1202404779,0.56121844,0.20056722,0.23821437
1202454879,0.18112236,0.59794694,0.2209307
1202497583,0.2879304,0.30349678,0.40857273
1202626703,0.3354561,0.34058344,0.32396054
1202645552,0.09638894,0.79463685,0.108974196
1202742499,0.28778145,0.35410416,0.35811442
1202745908,0.50517213,0.22305447,0.27177337
1202752136,0.3117176,0.27989984,0.40838253
1202808027,0.3985289,0.2555367,0.3459344
1202854629,0.36090156,0.25749385,0.38160458
1202867273,0.25376418,0.4179842,0.32825172
1202954676,0.2511488,0.32121426,0.42763698
1202964861,0.70006424,0.140931,0.15900472
1203225641,0.54881346,0.237056,0.21413057
1203258688,0.39561883,0.27234322,0.33203793
1203267340,0.19842659,0.41212496,0.3894485
1203443063,0.31715298,0.31819656,0.36465043
1203457339,0.34604198,0.3314213,0.32253665
1203462921,0.455358,0.28040573,0.26423624
1203478887,0.33914384,0.29014897,0.3707072
1203663576,0.36648464,0.3345483,0.29896706
1203693661,0.2516339,0.26248306,0.48588303
1203769527,0.31624657,0.3563378,0.32741567
1203774891,0.34181654,0.3760029,0.2821806
1203777519,0.2911889,0.32751137,0.38129973
1203967039,0.34931123,0.34592164,0.30476713
1204015959,0.6766767,0.13130271,0.19202064
1204029193,0.3824968,0.29290926,0.32459393
1204066469,0.64163107,0.1482643,0.21010466
1204084568,0.21403958,0.48687506,0.29908532
1204139169,0.24243562,0.3744734,0.383091
1204147315,0.33307815,0.2420834,0.42483842
1204150073,0.46297956,0.23160347,0.30541694
1204162863,0.17142391,0.16104455,0.6675315
1204232874,0.5107115,0.18725231,0.3020362
1204285535,0.33141142,0.3957723,0.2728162
1204305712,0.2654251,0.2667014,0.4678735
1204335687,0.29523772,0.25339773,0.45136464
1204384348,0.27535656,0.38847262,0.33617085
1204463270,0.35070986,0.3618088,0.2874814
1204470617,0.24681176,0.38117915,0.37200904
1204501943,0.104511894,0.09185576,0.8036324
1204530623,0.23253796,0.23250312,0.5349589
1204560214,0.3366455,0.3271945,0.33615997
1204642197,0.22097939,0.49119633,0.28782427
1204648370,0.6283428,0.19916977,0.17248747
1204720596,0.37583962,0.28312492,0.34103552
1204733836,0.42992732,0.2920768,0.27799582
1204785661,0.16323523,0.64114076,0.19562401
1204815021,0.26065457,0.3715765,0.3677689
1204863484,0.27204555,0.30968332,0.41827106
1204907533,0.46585128,0.28480515,0.24934357
1204952337,0.6248629,0.18308678,0.19205034
1205000597,0.4356118,0.27552882,0.28885937
1205116824,0.32054716,0.37537742,0.3040754
1205130655,0.61268246,0.21584247,0.17147513
1205135410,0.4620901,0.28030068,0.25760925
1205230015,0.2670334,0.21534878,0.5176178
1205291661,0.31699732,0.23102094,0.45198175
1205374935,0.6191431,0.19669718,0.18415976
1205408181,0.15407808,0.14220461,0.7037173
1205425022,0.26910412,0.34587768,0.38501823
1205522508,0.346564,0.33707386,0.31636214
1205591587,0.4286819,0.3133812,0.25793692
1205794135,0.41894338,0.3295,0.25155666
1205798031,0.4173498,0.3564262,0.226224
1205949115,0.7088646,0.11169515,0.1794403
1205976536,0.5942114,0.20186332,0.2039253
1206091639,0.31299493,0.31614342,0.37086168
1206094915,0.39241284,0.31620774,0.29137936
1206115327,0.22155946,0.29279113,0.48564944
1206150602,0.28330964,0.3410664,0.37562397
1206153097,0.3449263,0.33284208,0.32223165
1206174239,0.18883194,0.13730755,0.67386055
1206266208,0.32508352,0.26393223,0.41098422
1206308226,0.2871202,0.3984171,0.3144627
1206319426,0.2492859,0.31167126,0.4390428
1206362955,0.2806665,0.27537632,0.44395712
1206381934,0.3457877,0.3794669,0.27474543
1206397776,0.5121085,0.24790816,0.23998332
1206645003,0.38568577,0.25930148,0.3550127
1206654249,0.36493936,0.3206585,0.31440216
1206707845,0.26588726,0.39856443,0.33554828
1206803108,0.20789535,0.53263766,0.25946704
1207050933,0.33841243,0.3581802,0.3034074
1207061208,0.17409971,0.57796675,0.2479335
1207171657,0.47558329,0.24318375,0.28123295
1207421756,0.3337526,0.37304375,0.29320362
1207482440,0.44754928,0.29432735,0.2581233
1207666648,0.46240446,0.2455116,0.29208392
1207747802,0.085493505,0.80769795,0.10680854
1207784470,0.21623632,0.429932,0.35383162
1207796994,0.4330795,0.2998131,0.26710743
1207947686,0.14013103,0.7110274,0.14884157
1208001393,0.4191998,0.32351834,0.25728184
1208197065,0.3796973,0.19527215,0.4250306
1208253500,0.6764522,0.15158787,0.17195998
1208256878,0.31974494,0.3718309,0.30842406
1208266310,0.2414634,0.5726581,0.18587847
1208319345,0.28354073,0.45753366,0.25892562
1208448326,0.39944467,0.34798586,0.25256953
1208479946,0.37282395,0.3337697,0.29340637
1208505747,0.19379984,0.59785086,0.2083493
1208650199,0.09237529,0.090692475,0.8169322
1208663014,0.29467583,0.31155157,0.39377266
1208666681,0.3013455,0.41365802,0.28499654
1208688879,0.42511645,0.2995235,0.27536005
1208790892,0.41138142,0.30288148,0.28573707
1208793089,0.26943585,0.30893454,0.42162958
1208939754,0.2561935,0.443903,0.29990354
1209001138,0.30152366,0.4026845,0.29579177
1209056631,0.3993681,0.3413986,0.25923333
1209107923,0.3908661,0.28462055,0.32451332
1209262357,0.36951694,0.2932075,0.33727553
1209377671,0.19754574,0.53817034,0.26428393
1209385732,0.50178444,0.23940715,0.2588084
1209399376,0.22289349,0.5002001,0.27690646
1209399858,0.32652944,0.2960878,0.37738279
1209485390,0.6921582,0.12826204,0.17957978
1209562519,0.39976454,0.32248408,0.2777514
1209606363,0.35363442,0.37895778,0.2674078
1209612672,0.36203355,0.37692183,0.26104456
1209614255,0.19492647,0.19835852,0.6067151
1209804039,0.09637236,0.7874603,0.116167314
1209848051,0.2234265,0.44682127,0.32975224
1209930457,0.3933234,0.31158748,0.29508907
1210018045,0.47476223,0.24573399,0.27950382
1210037566,0.5546761,0.21900211,0.2263217
1210082215,0.7160813,0.10982812,0.17409049
1210126994,0.43155503,0.28999817,0.2784468
1210195699,0.1290106,0.6931752,0.17781419
1210323703,0.18548056,0.1898119,0.6247075
1210389044,0.14257932,0.15656637,0.70085436
1210393533,0.19970971,0.5838817,0.21640863
1210412512,0.47695905,0.30370337,0.21933757
1210514157,0.2861216,0.37406954,0.33980897
1210597287,0.43276975,0.21914437,0.3480858
1210622721,0.2766473,0.29381752,0.42953527
1210654159,0.23193397,0.33676302,0.43130305
1210685749,0.2637348,0.39847767,0.3377875
1210698283,0.23822185,0.22670878,0.5350694
1210793761,0.45037648,0.24099554,0.30862787
1211036063,0.673246,0.15610282,0.1706512
1211046482,0.5210453,0.26487327,0.21408144
1211086535,0.24554011,0.5784569,0.17600305
1211126997,0.22616948,0.40500674,0.36882374
1211392597,0.27944753,0.4994257,0.22112674
1211395225,0.27283156,0.26186126,0.46530718
1211660088,0.2758326,0.37039015,0.3537772
1211718880,0.40672156,0.32953835,0.26374
1211739432,0.32113898,0.28062114,0.39823982
1211775483,0.48370826,0.21534245,0.3009493
1211788912,0.17014453,0.19473398,0.6351215
1211940697,0.33408868,0.35008872,0.31582266
1212053514,0.36923978,0.33740377,0.29335636
1212185208,0.20502691,0.54260504,0.2523681
1212230079,0.3388205,0.35624596,0.30493352
1212304243,0.38360864,0.36058384,0.25580755
1212453872,0.2933965,0.29562908,0.41097438
1212472425,0.24514876,0.22545452,0.5293967
1212511895,0.2251854,0.31617332,0.4586413
1212591503,0.39854065,0.36522028,0.23623908
1212767535,0.5796749,0.1881877,0.23213741
1212840374,0.25415024,0.23325828,0.51259154
1212871643,0.23108025,0.27525502,0.49366474
1212993341,0.14427477,0.69194686,0.16377842
1213036206,0.24591398,0.48147944,0.27260667
1213040366,0.31492415,0.33098882,0.354087
1213114206,0.27443874,0.3365768,0.38898447
1213177061,0.47351432,0.2767209,0.24976474
1213250131,0.8419819,0.05712591,0.10089224
1213298307,0.26615506,0.49528614,0.23855884
1213312428,0.44796363,0.2598746,0.29216173
1213328821,0.5526344,0.18784437,0.25952116
1213507185,0.13359986,0.13340624,0.7329939
1213546353,0.50265425,0.24714194,0.2502038
1213650033,0.1884682,0.60615534,0.20537642
1213942789,0.34398937,0.2984185,0.35759214
1213988417,0.35618392,0.3656798,0.27813625
1214209926,0.2502515,0.37239805,0.3773504
1214292740,0.29183015,0.41408372,0.29408622
1214326381,0.43987408,0.29562384,0.2645021
1214328784,0.6968682,0.09721023,0.20592162
1214389271,0.16610378,0.6369323,0.19696395
1214398547,0.19408767,0.19747205,0.6084403
1214399117,0.406604,0.37390095,0.21949509
1214489795,0.6008257,0.20139375,0.19778049
1214523968,0.4690366,0.256587,0.27437636
1214573126,0.4199549,0.3079975,0.27204764
1214663236,0.2530021,0.29067725,0.45632052
1214762622,0.3429198,0.33533904,0.32174116
1214877876,0.31659728,0.22599682,0.45740584
1214936586,0.6100154,0.1669969,0.22298768
1215111928,0.2593863,0.40327698,0.33733678
1215171293,0.44525388,0.29380056,0.2609455
1215183365,0.24114488,0.33089912,0.42795596
1215212252,0.33226195,0.35068855,0.31704956
1215251296,0.38320217,0.3641803,0.25261748
1215274856,0.4302386,0.31717822,0.25258318
1215333342,0.29440674,0.34260124,0.36299205
1215426410,0.2871016,0.3457936,0.36710483
1215506162,0.2950683,0.37588108,0.32905066
1215542461,0.32529047,0.2540969,0.4206126
1215614075,0.29961047,0.4373132,0.26307648
1215668462,0.23325458,0.25701427,0.5097312
1215701963,0.42950368,0.3379254,0.2325709
1215846176,0.42610684,0.29268634,0.28120682
1215900487,0.1568872,0.15624471,0.6868681
1215906422,0.08731275,0.093831524,0.81885576
1216137800,0.3998336,0.31456968,0.28559667
1216175230,0.5097657,0.25939304,0.23084128
1216302313,0.2718209,0.15035091,0.57782817
1216329786,0.18386528,0.5957436,0.22039123
1216363059,0.21447694,0.45778435,0.3277387
1216416360,0.38187963,0.25305372,0.36506656
1216447080,0.27425963,0.25338855,0.47235185
1216519211,0.33108473,0.3800155,0.28889987
1216663906,0.12575749,0.6704795,0.20376305
1216685981,0.269267,0.26258478,0.46814814
1216738872,0.37749824,0.3507183,0.2717835
1216785162,0.43117917,0.2738858,0.29493508
1216964116,0.34017724,0.33357877,0.32624403
1216993452,0.3333657,0.37160906,0.29502523
1217019677,0.68109554,0.14054853,0.17835604
1217190003,0.09331579,0.7698461,0.13683812
1217208000,0.37813574,0.31304538,0.3088189
1217219905,0.14102493,0.68031025,0.17866471
1217258236,0.75059503,0.11250482,0.13690023
1217262529,0.45496845,0.28486052,0.2601711
1217291929,0.46503004,0.2754644,0.25950554
1217398397,0.4086088,0.28949937,0.30189177
1217518060,0.23875001,0.42208692,0.33916306
1217615011,0.47187066,0.24591807,0.28221133
1217645506,0.52186084,0.24764189,0.23049721
1217671034,0.27078208,0.2534575,0.47576043
1217698629,0.38401747,0.3078161,0.30816653
1217824880,0.11966984,0.7450872,0.13524301
1217829647,0.16151305,0.6418083,0.19667868
1217886931,0.2679232,0.41230664,0.3197701
1217900829,0.27811125,0.30552047,0.4163683
1217950144,0.25201768,0.40964106,0.3383413
1217958811,0.3236533,0.3288743,0.3474724
1217991702,0.085278,0.8218216,0.09290043
1218044788,0.5492416,0.24038447,0.21037386
1218146338,0.32110232,0.38753843,0.2913593
1218155677,0.42577037,0.30194938,0.27228028
1218311626,0.1300029,0.7102907,0.15970643
1218386548,0.2524155,0.45161507,0.29596943
1218411295,0.34447923,0.39369637,0.2618244
1218598988,0.46628636,0.30868673,0.22502686
1218695867,0.1157139,0.75476605,0.12952003
1218931850,0.39420447,0.31143454,0.29436108
1219052724,0.3406194,0.35522762,0.304153
1219157793,0.3512742,0.32833117,0.32039467
1219284883,0.1734093,0.6417792,0.18481152
1219313652,0.22057255,0.53513,0.24429752
1219452401,0.52342796,0.23452969,0.24204238
1219458159,0.32598662,0.34214142,0.331872
1219491311,0.21373065,0.45880035,0.32746902
1219505119,0.252428,0.43135673,0.31621528
1219531457,0.2858416,0.44056168,0.27359667
1219555502,0.5243964,0.25104663,0.2245569
1219635778,0.504348,0.26336682,0.23228526
1219635881,0.26223782,0.32741663,0.41034552
1219664692,0.39600295,0.2775399,0.32645714
1219681261,0.12128277,0.7364847,0.1422325
1219704164,0.44567278,0.29778102,0.25654626
1219737101,0.2215076,0.41399384,0.3644985
1219767839,0.42388895,0.33988658,0.2362245
1219933888,0.4428853,0.24449074,0.31262395
1220115146,0.34136656,0.330091,0.32854247
1220144614,0.11577576,0.7479952,0.13622907
1220373859,0.40352342,0.30869004,0.2877865
1220374653,0.3324413,0.30947414,0.35808453
1220397342,0.43501335,0.30018398,0.26480258
1220560557,0.25901607,0.48461252,0.25637147
1220576760,0.13864383,0.15320484,0.7081513
1220582849,0.23671544,0.23493825,0.52834624
1220595683,0.3114479,0.29867184,0.38988027
1220759070,0.24231683,0.44898984,0.30869338
1220774187,0.34612203,0.29704925,0.35682866
1220888562,0.24172945,0.41145387,0.34681663
1220923380,0.32904363,0.3820157,0.2889407
1220964972,0.52382076,0.25544068,0.22073855
1221050405,0.30009702,0.33215696,0.36774603
1221059187,0.31077936,0.30291378,0.38630682
1221082261,0.22261672,0.52372366,0.2536596
1221182004,0.31314304,0.32318372,0.36367318
1221337616,0.50446665,0.22553158,0.27000177
1221680112,0.31412926,0.33397785,0.3518928
1221778360,0.19263929,0.6066401,0.20072071
1221893879,0.28286123,0.31858802,0.3985508
1221911761,0.34268394,0.29652476,0.3607912
1221917460,0.30397227,0.2673054,0.42872235
1221995124,0.15055716,0.12992056,0.71952236
1222244966,0.24495909,0.41652188,0.3385191
1222265181,0.33330062,0.37804642,0.28865296
1222328167,0.37509573,0.34157416,0.28333014
1222544316,0.22734259,0.29631507,0.47634235
1222649234,0.5878721,0.20261128,0.20951656
1222675264,0.6237642,0.20000938,0.1762263
1222683882,0.18060276,0.62320304,0.19619425
1222804162,0.5351221,0.24729463,0.21758336
1222870224,0.34000394,0.2164433,0.44355276
1222897858,0.30810565,0.36645058,0.32544366
1222927148,0.29812104,0.4853457,0.21653321
1223019185,0.16677673,0.17793229,0.65529096
1223153915,0.6644132,0.16505544,0.17053135
1223168431,0.19358279,0.47282055,0.33359674
1223256249,0.31563315,0.38097093,0.30339596
1223280839,0.32679856,0.3678188,0.3053826
1223429731,0.712455,0.13516256,0.15238246
1223514331,0.35978866,0.27065042,0.36956093
1223679493,0.3025443,0.4196634,0.2777923
1223899477,0.31360048,0.38297054,0.303429
1223931648,0.21509443,0.54373366,0.24117185
1223940724,0.28163454,0.3981321,0.32023335
1223995396,0.6487379,0.1732592,0.17800285
1224041940,0.59359646,0.17480925,0.23159423
1224483371,0.109487414,0.10243406,0.78807855
1224600442,0.5567629,0.23998472,0.20325238
1224714333,0.09875859,0.094564974,0.80667645
1224725452,0.31591663,0.26552504,0.4185583
1224745696,0.27281904,0.3138832,0.4132978
1224771179,0.58430916,0.18715517,0.22853565
1224788226,0.5093677,0.25794867,0.23268363
1224923489,0.21144499,0.2203455,0.5682095
1225052712,0.22849822,0.2592534,0.51224846
1225112847,0.37480286,0.3457052,0.27949193
1225126850,0.24425027,0.20352788,0.5522219
1225128774,0.47357947,0.29481918,0.23160133
1225130645,0.34204793,0.3153104,0.34264165
1225149870,0.25549248,0.31231955,0.43218797
1225154920,0.32372913,0.36851248,0.3077584
1225570580,0.13106579,0.7087218,0.16021235
1225571295,0.3307171,0.29790336,0.37137964
1225572161,0.27321962,0.3902558,0.33652452
1225594202,0.29238328,0.3331568,0.37445986
1225668602,0.40577167,0.3147195,0.27950883
1225712256,0.2509285,0.3539112,0.3951602
1225719319,0.08442196,0.80971766,0.10586039
1225741854,0.31905857,0.3944786,0.28646278
1225830645,0.581733,0.23649359,0.18177341
1225911021,0.5438675,0.22842966,0.22770289
1225912294,0.14069766,0.7246531,0.13464916
1225920511,0.42878717,0.26916525,0.30204755
1225942854,0.31813994,0.35734102,0.3245191
1225967841,0.42571643,0.256842,0.31744155
1225989603,0.2434805,0.30314633,0.4533732
1226149481,0.4619652,0.28661078,0.25142398
1226393160,0.10580669,0.7923327,0.10186058
1226404600,0.33204085,0.3299578,0.3380013
1226575296,0.09779214,0.78100806,0.12119975
1226688534,0.24587792,0.46179238,0.29232973
1226959107,0.3392799,0.34518203,0.31553817
1227009434,0.36377266,0.331752,0.3044753
1227012056,0.34750006,0.37619513,0.27630487
1227021564,0.17835082,0.56928575,0.25236332
1227120195,0.16282903,0.6484566,0.1887144
1227389443,0.35073584,0.31977,0.32949412
1227567691,0.4323358,0.34032482,0.2273394
1227698543,0.16076075,0.14673406,0.6925052
1227730837,0.11254889,0.11151466,0.7759365
1227852316,0.07270442,0.828877,0.0984186
1227862142,0.4324312,0.32838985,0.239179
1227950913,0.30247578,0.38610557,0.31141865
1227950943,0.4103599,0.32051462,0.26912552
1228050684,0.1324454,0.13106759,0.736487
1228171229,0.41332236,0.33214086,0.25453675
1228199720,0.2720084,0.44626826,0.28172326
1228509761,0.52940995,0.21748519,0.25310487
1228585552,0.2679493,0.3517354,0.38031527
1228629132,0.43303552,0.28399202,0.28297257
1228667853,0.2921974,0.31818524,0.38961735
1228726993,0.6034878,0.18666255,0.20984964
1228776830,0.35034007,0.3150608,0.33459914
1228811870,0.37709606,0.36101425,0.2618897
1228851237,0.35742772,0.3204727,0.3220996
1228890838,0.38594198,0.31051075,0.30354732
1229057609,0.3121342,0.34951696,0.33834887
1229126981,0.3051727,0.41544527,0.27938205
1229168046,0.41759506,0.27850193,0.303903
1229210157,0.43422356,0.27058077,0.29519567
1229271370,0.39775354,0.33116367,0.27108282
1229336356,0.5352896,0.26667804,0.19803235
1229464450,0.18917625,0.18657342,0.62425035
1229467508,0.11666266,0.17552787,0.7078095
1229622983,0.73331857,0.116482496,0.15019898
1229691642,0.1795113,0.34177774,0.478711
1229738846,0.2988211,0.4158398,0.28533906
1230006691,0.2795683,0.25815326,0.4622785
1230081540,0.33987537,0.34464213,0.3154825
1230125773,0.12415555,0.12921304,0.7466314
1230153708,0.24778348,0.12544177,0.6267747
1230197111,0.67693084,0.12821043,0.19485877
1230759970,0.13076073,0.7309392,0.1383
1230974538,0.40325022,0.32533884,0.27141088
1230977785,0.21810384,0.32498983,0.45690626
1231016355,0.34379068,0.34364688,0.31256247
1231034125,0.45048097,0.29305026,0.2564688
1231055741,0.5245012,0.25060713,0.22489165
1231143840,0.778007,0.09180174,0.13019134
1231198852,0.09730579,0.78248453,0.12020971
1231317077,0.20624828,0.21373077,0.5800209
1231342409,0.21261597,0.38565484,0.40172917
1231450406,0.2941341,0.4572871,0.24857883
1231454730,0.22340514,0.20409547,0.57249933
1231568330,0.26753804,0.4181216,0.31434035
1231602466,0.2552117,0.23266296,0.5121253
1231742625,0.45741636,0.24260703,0.2999766
1231864881,0.37915507,0.30049106,0.32035387
1231884822,0.21283521,0.546633,0.2405318
1232071881,0.3375255,0.3534764,0.30899817
1232121135,0.52825415,0.22946644,0.24227948
1232229535,0.23909469,0.44752935,0.31337595
1232281536,0.38296998,0.34432164,0.27270836
1232283379,0.33580625,0.35783407,0.30635968
1232335683,0.23836996,0.33678246,0.42484763
1232352805,0.21891965,0.40024295,0.3808374
1232365847,0.121371366,0.715699,0.16292964
1232411224,0.3226763,0.3457283,0.3315954
1232424643,0.13837567,0.13391484,0.7277094
1232430093,0.3849885,0.34611234,0.26889914
1232644370,0.28016615,0.3583361,0.3614978
1232681799,0.1615167,0.310579,0.52790433
1232856621,0.12443147,0.74601656,0.12955195
1232880904,0.27087587,0.35170037,0.37742373
1232902782,0.3472332,0.38007155,0.2726952
1232979333,0.13368896,0.12978469,0.73652637
1233015553,0.19296622,0.5328463,0.27418754
1233064332,0.3242393,0.30632353,0.36943713
1233097462,0.29774958,0.49327588,0.20897461
1233119177,0.37702718,0.3489107,0.27406216
1233145244,0.24287376,0.22243096,0.53469527
1233172583,0.58281493,0.2271218,0.19006331
1233176122,0.2880622,0.39698824,0.31494957
1233353148,0.34929124,0.34235013,0.30835864
1233422560,0.5378912,0.20850201,0.25360677
1233436275,0.3546319,0.3341483,0.31121975
1233452652,0.17976001,0.18219472,0.6380453
1233498238,0.32193,0.33903438,0.33903563
1233499180,0.5244563,0.2594164,0.21612726
1233559046,0.18941131,0.60649014,0.20409857
1233652579,0.2061622,0.2105645,0.58327323
1233659541,0.16551247,0.5726423,0.2618451
1233798389,0.2297586,0.5223591,0.24788238
1233804644,0.29786605,0.4486638,0.25347
1233819197,0.4172617,0.3116744,0.27106392
1233856910,0.35445046,0.22907245,0.41647702
1233902208,0.29960224,0.25167185,0.44872582
1233913138,0.4196217,0.23979434,0.34058395
1233951290,0.17832027,0.61292154,0.20875826
1233953546,0.39004713,0.34315586,0.26679695
1234005061,0.35987273,0.33610684,0.30402046
1234087467,0.3685631,0.36570084,0.26573607
1234165041,0.51675385,0.2615639,0.2216823
1234284627,0.3591928,0.3464316,0.2943756
1234529749,0.38856184,0.33666798,0.27477017
1234590593,0.3038036,0.41177198,0.2844244
1234634424,0.3163956,0.37709785,0.30650663
1234715253,0.5410087,0.25587392,0.20311739
1234764934,0.29377455,0.36886826,0.33735725
1234794851,0.09839322,0.09139671,0.81021005
1234846677,0.4946237,0.23844303,0.26693335
1234848042,0.3244669,0.3798746,0.2956584
1234881104,0.26400724,0.3399658,0.396027
1234913681,0.40819567,0.2810572,0.31074718
1234954358,0.38115984,0.3461548,0.2726853
1235042178,0.32056615,0.3529329,0.32650092
1235129660,0.33603227,0.35876963,0.30519807
1235146444,0.3508903,0.2886821,0.36042762
1235233305,0.15484455,0.14548557,0.6996699
1235307529,0.19967134,0.2400472,0.5602814
1235441758,0.2093526,0.21204118,0.5786062
1235491990,0.1986148,0.63257694,0.1688082
1235506859,0.43247056,0.28988427,0.27764517
1235588008,0.2938462,0.35684106,0.3493127
1235651330,0.4954468,0.288446,0.21610717
1235767665,0.31860238,0.29805756,0.38334
1235782726,0.40277585,0.30219075,0.29503343
1235804557,0.34159306,0.40334958,0.25505733
1235842551,0.46019214,0.28642812,0.25337973
1235938254,0.41267744,0.30195266,0.2853699
1235956698,0.26828745,0.29209447,0.43961802
1236022892,0.47709522,0.29842088,0.22448386
1236090007,0.43207765,0.23078349,0.33713886
1236119616,0.32374123,0.29900968,0.37724912
1236211627,0.79523975,0.08060554,0.124154694
1236236469,0.45094195,0.2963354,0.2527226
1236304747,0.42042562,0.2866177,0.2929567
1236352183,0.523433,0.24081823,0.23574881
1236393507,0.28163704,0.36680484,0.35155806
1236469023,0.37633988,0.28133458,0.34232548
1236673938,0.43161106,0.32042247,0.24796642
1236711396,0.2688457,0.36584073,0.36531362
1236728570,0.394947,0.24193348,0.3631195
1236922894,0.2607456,0.42941797,0.30983642
1237200324,0.2853077,0.29143614,0.42325616
1237430557,0.14239885,0.6984283,0.15917291
1237455882,0.3767058,0.2970604,0.3262338
1237648611,0.3644934,0.30583453,0.32967204
1237652354,0.46668464,0.30269545,0.23061992
1237704368,0.3116701,0.40643075,0.2818992
1237777695,0.37037864,0.32619286,0.30342853
1237843407,0.17248715,0.15880002,0.6687128
1237957054,0.36653638,0.3607082,0.27275544
1237981584,0.11635705,0.14232484,0.74131817
1238078781,0.3849737,0.332172,0.2828543
1238087337,0.3673404,0.2751841,0.3574755
1238149833,0.4458038,0.25802514,0.29617107
1238187181,0.29436174,0.2915405,0.41409773
1238302415,0.30157158,0.3128282,0.3856003
1238343350,0.29388323,0.3538204,0.35229638
1238418825,0.23783068,0.47595024,0.2862191
1238462488,0.38524318,0.33442536,0.2803314
1238499826,0.21597469,0.25054297,0.5334823
1238529878,0.34140387,0.35648513,0.30211103
1238821736,0.13837083,0.7051374,0.15649185
1238948889,0.53784317,0.23353796,0.2286189
1238967683,0.18788102,0.18271083,0.6294082
1238983504,0.4701948,0.27214667,0.25765854
1239107982,0.19418234,0.1764792,0.6293385
1239266058,0.24122098,0.52594167,0.23283729
1239509672,0.22080085,0.24287845,0.5363207
1239615616,0.2909577,0.26669136,0.4423509
1239655782,0.4940951,0.24556756,0.26033732
1239727695,0.27954438,0.21658131,0.5038743
1239817655,0.17046154,0.19139501,0.6381434
1239874865,0.34943902,0.31035525,0.34020573
1240067856,0.22205211,0.46165982,0.31628808
1240106122,0.45568585,0.28931862,0.2549954
1240127715,0.36537609,0.35561088,0.27901304
1240295239,0.54225254,0.21487728,0.24287017
1240331463,0.34251475,0.31069735,0.34678787
1240492121,0.19820584,0.49927643,0.30251774
1240495815,0.51440364,0.24146646,0.24412979
1240688673,0.32444748,0.3710761,0.3044764
1240762051,0.37265924,0.27170548,0.3556353
1240803814,0.34211645,0.2829217,0.3749619
1240857523,0.47399855,0.283575,0.24242653
1240929940,0.25872484,0.3352594,0.40601575
1240975933,0.53257793,0.24518783,0.2222342
1241000851,0.5337987,0.25544178,0.21075955
1241290696,0.5586474,0.21685855,0.22449401
1241524094,0.2582332,0.46743056,0.27433628
1241613791,0.38743696,0.27214828,0.34041482
1241659534,0.5641905,0.20333454,0.23247495
1241705901,0.21590719,0.52040696,0.26368588
1241709308,0.41193515,0.32244012,0.26562464
1241871515,0.16173844,0.6513906,0.18687089
1241982243,0.22516966,0.24605557,0.5287748
1242130379,0.18225779,0.6281736,0.18956868
1242155425,0.19954222,0.57697725,0.22348055
1242250915,0.28846315,0.33898684,0.37255
1242319536,0.3181119,0.262389,0.4194991
1242332676,0.43441498,0.31197622,0.2536088
1242361133,0.53458035,0.23635074,0.22906895
1242392336,0.34900615,0.3293392,0.32165462
1242549452,0.16625717,0.14980891,0.683934
1242603496,0.5498275,0.17165045,0.27852216
1242689722,0.4067534,0.24033244,0.35291412
1242742373,0.32087183,0.33786586,0.34126234
1242744811,0.43160355,0.32063285,0.24776354
1242765306,0.5659879,0.21357867,0.22043347
1242898605,0.30463526,0.36195752,0.33340728
1242898668,0.41568458,0.29733044,0.28698498
1243086686,0.3116323,0.41635442,0.2720133
1243104568,0.3255645,0.3795966,0.29483896
1243200243,0.7719588,0.09948568,0.12855546
1243289422,0.19714165,0.44024426,0.36261404
1243334923,0.3055857,0.4807012,0.21371308
1243375439,0.48092774,0.22013637,0.29893586
1243383546,0.4105199,0.30850595,0.28097418
1243466116,0.34294266,0.3108458,0.3462116
1243804920,0.75732356,0.09305483,0.14962158
1243922820,0.20633626,0.12914193,0.66452175
1244011471,0.15050966,0.65776,0.19173038
1244072133,0.10521502,0.7691799,0.12560509
1244087657,0.33323115,0.34873855,0.31803033
1244151559,0.5656566,0.19671035,0.237633
1244152468,0.29159218,0.35251242,0.35589546
1244165326,0.4183919,0.27160165,0.31000644
1244193203,0.52142364,0.24630046,0.23227593
1244335922,0.32408834,0.39681265,0.27909902
1244409554,0.38362205,0.37467188,0.24170603
1244491124,0.14079064,0.14867319,0.7105361
1244648558,0.66670406,0.15606569,0.17723022
1244713127,0.6650664,0.15109378,0.18383981
1244794249,0.3590872,0.3751958,0.265717
1244827015,0.28997493,0.32620856,0.38381657
1244835358,0.49000767,0.27607355,0.23391886
1244855741,0.5785245,0.18637112,0.23510441
1244876442,0.113312505,0.09361892,0.79306865
1244940821,0.20802179,0.17854941,0.6134288
1244993787,0.33013278,0.31895927,0.350908
1245034251,0.18751405,0.5954987,0.21698728
1245229748,0.2863523,0.25266957,0.46097812
1245366340,0.50793314,0.23992322,0.25214365
1245374432,0.35578337,0.3649177,0.279299
1245397458,0.22070634,0.24842028,0.5308734
1245409599,0.3951498,0.3066613,0.29818887
1245495103,0.5919287,0.18546478,0.22260652
1245521910,0.31267068,0.3688673,0.31846207
1245528226,0.31483188,0.35185376,0.33331433
1245574824,0.35734364,0.35417107,0.2884853
1245593306,0.53815955,0.19233087,0.2695096
1245675458,0.61136,0.11857428,0.27006572
1245800447,0.4010449,0.38323274,0.21572246
1245814472,0.33849916,0.37301397,0.28848693
1245999135,0.24247028,0.45909983,0.29842988
1246028167,0.137258,0.70432216,0.15841986
1246117311,0.24739645,0.34524536,0.40735814
1246169447,0.3220734,0.4028366,0.27509004
1246210336,0.3295385,0.3372628,0.33319882
1246486709,0.2834774,0.35003197,0.3664906
1246686375,0.311365,0.39764035,0.29099467
1246688585,0.26294404,0.38951525,0.3475408
1246698426,0.393619,0.333117,0.27326402
1246768370,0.11152206,0.10234721,0.78613067
1246927102,0.41421658,0.31855223,0.26723126
1247001132,0.34082088,0.36485204,0.29432708
1247039275,0.34457788,0.31321007,0.34221202
1247112109,0.3419874,0.31350097,0.3445116
1247128785,0.31714016,0.28756863,0.39529115
1247199386,0.16286422,0.6551864,0.18194935
1247276303,0.3528686,0.39619192,0.25093946
1247294348,0.3127199,0.4428948,0.24438529
1247325402,0.6278376,0.17277038,0.19939202
1247357677,0.49623603,0.28735024,0.21641381
1247383355,0.57535905,0.21742849,0.20721251
1247395740,0.24311244,0.2031185,0.55376905
1247442846,0.4552895,0.28613776,0.25857282
1247443950,0.6266833,0.17142716,0.20188959
1247448417,0.3827178,0.30010828,0.31717396
1247461883,0.26249957,0.4174683,0.3200321
1247567062,0.20657875,0.21330138,0.5801199
1247658745,0.20814836,0.5273641,0.26448765
1247663676,0.24793799,0.36674118,0.3853208
1247729984,0.28364128,0.43239275,0.283966
1247943737,0.62105256,0.15612887,0.22281854
1247953653,0.38860554,0.3553889,0.25600556
1248084411,0.16509263,0.5672066,0.26770076
1248280389,0.22908056,0.3812708,0.38964865
1248322060,0.21751362,0.515377,0.26710936
1248346203,0.42529812,0.28087515,0.2938268
1248437744,0.2474408,0.47005537,0.28250387
1248443988,0.15623811,0.6341459,0.20961604
1248542389,0.28714728,0.27987754,0.43297517
1248549624,0.3627453,0.2818748,0.3553799
1248553972,0.29428637,0.28481856,0.42089504
1248802363,0.31364998,0.35255393,0.33379605
1248839777,0.38967362,0.31651878,0.29380754
1249024301,0.3634251,0.34159192,0.29498297
1249092992,0.2812062,0.37458548,0.3442084
1249148682,0.1386143,0.70200366,0.15938203
1249162294,0.30708438,0.34397846,0.34893718
1249261048,0.10854131,0.09489902,0.79655963
1249275367,0.5543314,0.23272261,0.21294591
1249326501,0.52355,0.2669552,0.20949478
1249372251,0.5625915,0.2303817,0.20702681
1249392842,0.23569927,0.52684265,0.23745811
1249564525,0.32992688,0.2686189,0.40145424
1249569404,0.33877966,0.38558328,0.27563706
1249752784,0.11606038,0.7400857,0.14385393
1249822885,0.09399716,0.092490375,0.8135125
1249840288,0.17658523,0.64970034,0.17371444
1249904397,0.12456144,0.7100545,0.16538411
1249930456,0.2842198,0.46526143,0.2505187
1249965249,0.64588696,0.17826106,0.17585199
1250051065,0.38784042,0.33664343,0.27551627
1250162846,0.17151476,0.60198915,0.22649615
1250203420,0.36896363,0.35227898,0.27875745
1250206635,0.30082825,0.3747294,0.32444233
1250234093,0.12851048,0.11247414,0.7590153
1250259215,0.2956001,0.43048048,0.27391937
1250260043,0.1138248,0.13338816,0.75278705
1250480933,0.1979388,0.5650619,0.23699929
1250518934,0.32821357,0.27059805,0.4011883
1250563727,0.78315884,0.092268586,0.12457248
1250645026,0.32888457,0.37778705,0.29332843
1250652570,0.58538777,0.21715094,0.19746126
1250656488,0.36419052,0.31421354,0.3215959
1250726096,0.4431685,0.27399817,0.2828333
1250765794,0.23084953,0.21377559,0.5553748
1250959022,0.3242713,0.39855406,0.27717468
1250959194,0.3128471,0.38503528,0.30211765
1250959285,0.62459713,0.17327964,0.20212322
1250986511,0.13227604,0.7155528,0.1521711
1251029034,0.28099874,0.3483067,0.37069455
1251032049,0.5014705,0.2477417,0.25078773
1251076662,0.33175954,0.39064592,0.2775945
1251091657,0.27316633,0.2408262,0.4860075
1251153973,0.28755763,0.3507028,0.36173967
1251176637,0.28909048,0.4584179,0.25249168
1251258732,0.32006255,0.36834145,0.31159604
1251267684,0.65671635,0.17006345,0.17322025
1251341131,0.47902128,0.23154308,0.28943565
1251462405,0.24591145,0.22824988,0.5258386
1251467051,0.30577567,0.28610438,0.40811992
1251500018,0.78307205,0.075380124,0.14154778
1251543401,0.28110725,0.25753176,0.46136096
1251595884,0.2946649,0.3647781,0.34055707
1251607363,0.20389552,0.5538459,0.24225868
1251665896,0.3482347,0.27947676,0.37228858
1251834478,0.36763528,0.36430192,0.2680628
1251834699,0.3655809,0.35413912,0.28028002
1251844649,0.14835957,0.14850971,0.7031308
1251896680,0.32806778,0.35596263,0.31596965
1252046649,0.43403915,0.29523256,0.27072823
1252078906,0.37327114,0.31949452,0.30723432
1252100207,0.37946734,0.34469694,0.27583578
1252104829,0.43502265,0.3297365,0.23524077
1252110090,0.42291084,0.25164834,0.32544082
1252121704,0.5248168,0.25358695,0.2215963
1252147554,0.36911622,0.23521534,0.39566848
1252189008,0.24596362,0.39994466,0.3540917
1252215008,0.3554647,0.30268183,0.34185347
1252216185,0.16980655,0.63097453,0.19921896
1252231217,0.34726188,0.36067432,0.29206383
1252317063,0.27729046,0.2540195,0.46869004
1252541137,0.09155573,0.7884134,0.12003092
1252543721,0.36068788,0.37809604,0.26121616
1252562013,0.4296019,0.30511484,0.2652833
1252574482,0.3685539,0.31091374,0.32053235
1252647500,0.34405583,0.3892541,0.26669002
1252661581,0.2420946,0.24042863,0.5174768
1252853166,0.41199613,0.30278084,0.28522298
1252887386,0.26661456,0.29726842,0.43611696
1252995744,0.20860817,0.2506389,0.540753
1253072682,0.20862816,0.2216743,0.5696975
1253105240,0.3669497,0.35354623,0.2795041
1253117654,0.5513855,0.22787273,0.22074181
1253148191,0.48308384,0.26018894,0.2567272
1253321703,0.25113982,0.46996573,0.2788945
1253469949,0.30927452,0.31781033,0.37291512
1253484190,0.41097102,0.27237293,0.31665608
1253535053,0.38542014,0.29483908,0.31974068
1253603604,0.26630625,0.49817058,0.2355232
1253677761,0.2051093,0.508847,0.28604376
1253748214,0.3516654,0.30065057,0.34768406
1253777221,0.40382043,0.285474,0.31070554
1253917466,0.26899302,0.3568372,0.37416974
1253997720,0.38856265,0.31658727,0.29485017
1254193387,0.3942456,0.33006176,0.2756927
1254210539,0.31410128,0.37279984,0.31309888
1254329717,0.64594346,0.15163998,0.20241661
1254331328,0.40492466,0.22673848,0.3683369
1254354571,0.33448842,0.40313175,0.26237983
1254458678,0.20812789,0.19411388,0.5977582
1254555566,0.21563934,0.58336776,0.20099284
1254561371,0.2959169,0.33597085,0.36811224
1254803037,0.4563109,0.26502112,0.27866796
1254816106,0.35132995,0.34334493,0.30532515
1255036222,0.35482875,0.40229413,0.24287717
1255060282,0.22304739,0.24555452,0.5313981
1255281985,0.32400113,0.32667375,0.34932515
1255603426,0.34421498,0.35419118,0.3015938
1255681810,0.4286314,0.30285206,0.26851645
1255709121,0.21585996,0.24553171,0.5386083
1255765023,0.32738942,0.36839205,0.30421865
1255769391,0.46867362,0.27761462,0.25371176
1255817578,0.18338127,0.6111804,0.20543835
1256010557,0.16961843,0.2513671,0.57901454
1256082741,0.41463068,0.3245328,0.26083654
1256108746,0.4202482,0.30817974,0.27157214
1256132686,0.3164988,0.34421816,0.33928302
1256140076,0.35164753,0.3189218,0.32943058
1256145141,0.18470125,0.5980959,0.21720289
1256184448,0.265448,0.42810038,0.30645174
1256194492,0.27873632,0.37863177,0.34263194
1256263460,0.33456594,0.41034713,0.2550869
1256291687,0.16758983,0.62540215,0.20700796
1256358890,0.29647356,0.41312495,0.29040155
1256367342,0.63135725,0.17535508,0.19328757
1256438435,0.22313909,0.19485089,0.58201003
1256469837,0.511242,0.24052443,0.24823366
1256518061,0.26987547,0.36219072,0.36793387
1256612177,0.33933425,0.3463591,0.3143066
1256637281,0.6042656,0.19366513,0.20206934
1256822527,0.51689917,0.2273179,0.2557829
1256878690,0.46932364,0.24786171,0.28281468
1256898244,0.16726121,0.647075,0.18566376
1257255887,0.38349304,0.3358458,0.28066114
1257340875,0.3323475,0.34185374,0.3257988
1257398820,0.2252536,0.5551934,0.21955304
1257448119,0.119312555,0.7295825,0.15110503
1257509469,0.43233964,0.24082838,0.326832
1257523660,0.5031837,0.23682925,0.25998703
1257555692,0.19249518,0.18738222,0.62012255
1257875992,0.28269213,0.39021283,0.3270951
1257883963,0.26270702,0.26354948,0.47374353
1258177563,0.47962463,0.2631309,0.25724438
1258271360,0.19456533,0.49646157,0.30897313
1258282574,0.15330832,0.1500932,0.6965985
1258403052,0.61143607,0.20222278,0.18634115
1258408534,0.29080305,0.40336522,0.30583176
1258431036,0.6717151,0.1254666,0.20281827
1258654883,0.53048104,0.19550869,0.2740103
1258716212,0.26981518,0.45695302,0.2732319
1258861753,0.36260095,0.32914877,0.3082502
1258871699,0.34605682,0.3835273,0.2704159
1258883398,0.23969837,0.48173165,0.27856997
1258942228,0.2884084,0.34420407,0.36738756
1258984742,0.25456473,0.5077303,0.23770507
1259023141,0.12621553,0.11454022,0.7592442
1259034028,0.2923704,0.29620114,0.41142854
1259063673,0.25708726,0.49292803,0.24998462
1259120238,0.68375206,0.15421185,0.1620361
1259151812,0.17198785,0.5753201,0.25269198
1259247511,0.22983047,0.5391373,0.2310322
1259320813,0.2561874,0.29771587,0.44609672
1259441815,0.441908,0.31177354,0.24631843
1259444249,0.33446756,0.33779597,0.32773647
1259455630,0.68647414,0.15971789,0.15380798
1259589247,0.36995694,0.31027237,0.31977066
1259601214,0.19266148,0.21430789,0.5930307
1259604931,0.33772048,0.36793637,0.2943431
1259656010,0.3277254,0.38764542,0.28462914
1259669651,0.27325928,0.3136778,0.41306287
1259707209,0.39650622,0.32333133,0.28016242
1259716033,0.3511134,0.35076234,0.29812425
1259783812,0.3673509,0.3295752,0.3030739
1259783918,0.3066683,0.34192088,0.3514108
1259815077,0.16548635,0.17834477,0.6561689
1259818060,0.50019807,0.2255057,0.27429622
1259829262,0.22700474,0.25733575,0.5156595
1259865937,0.33593735,0.3543713,0.30969137
1260089658,0.21071273,0.50050646,0.28878084
1260131118,0.21716891,0.5079533,0.27487776
1260177060,0.32146397,0.293321,0.38521507
1260219971,0.24048804,0.5103416,0.2491704
1260274024,0.43419704,0.34002903,0.22577392
1260301831,0.324166,0.30283573,0.3729983
1260420674,0.29291436,0.4309249,0.2761608
1260534606,0.32518858,0.2720236,0.4027878
1260574690,0.5374052,0.19924879,0.263346
1260598589,0.09595212,0.08116492,0.82288295
1260757139,0.33139318,0.17646982,0.49213693
1260835943,0.39676327,0.29039726,0.31283942
1260841102,0.25144774,0.47220474,0.27634752
1260999252,0.29834107,0.28236797,0.41929093
1261000361,0.38720363,0.3196208,0.29317558
1261205035,0.2924942,0.44583783,0.26166794
1261267036,0.30270955,0.40448812,0.29280227
1261267797,0.23741658,0.5053629,0.25722045
1261302881,0.25180203,0.38633493,0.36186296
1261311208,0.40354368,0.30264875,0.2938076
1261357377,0.51642066,0.24649377,0.2370855
1261371520,0.12488976,0.7193725,0.15573774
1261413512,0.40430307,0.32111245,0.27458453
1261575336,0.39440185,0.33762825,0.26796988
1261624097,0.28154933,0.28497246,0.43347812
1261651837,0.32029656,0.3812199,0.2984835
1261653595,0.24391164,0.35099596,0.4050924
1261898448,0.20258795,0.20491974,0.5924924
1261910680,0.3759258,0.31111735,0.31295678
1261978454,0.13801001,0.14397465,0.7180153
1262041391,0.3188821,0.2987467,0.38237125
1262049194,0.27930745,0.35140827,0.3692843
1262243448,0.18979236,0.58805954,0.22214812
1262277806,0.4631909,0.27363768,0.2631714
1262472525,0.59472644,0.17035721,0.23491636
1262513289,0.69121605,0.119066395,0.18971756
1262519510,0.18630391,0.5909354,0.22276066
1262532663,0.7510517,0.103083305,0.14586496
1262539804,0.3697917,0.29521504,0.3349933
1262611640,0.6089809,0.17992587,0.21109322
1262727792,0.25048888,0.33842894,0.41108215
1262796186,0.38415018,0.3192533,0.2965966
1262920235,0.30553782,0.2968135,0.39764872
1262959395,0.36817583,0.2875703,0.3442539
1263027277,0.31077942,0.38572916,0.30349135
1263031014,0.48925674,0.239961,0.27078223
1263050125,0.33423868,0.379549,0.28621238
1263164706,0.33994156,0.39171764,0.26834086
1263429567,0.29596207,0.3527657,0.35127226
1263593997,0.1487215,0.15254891,0.6987296
1263650574,0.28377324,0.35823867,0.35798818
1263680447,0.47127265,0.26731718,0.26141018
1263696917,0.098678574,0.09261335,0.80870813
1263737691,0.25406423,0.43706402,0.30887187
1263764154,0.3047542,0.3945943,0.30065143
1264073332,0.31858656,0.310728,0.37068543
1264177867,0.28095156,0.46323127,0.25581715
1264234623,0.422949,0.28775132,0.28929964
1264286037,0.27139208,0.3338972,0.39471078
1264348639,0.274003,0.47823188,0.2477652
1264366401,0.5072969,0.27111563,0.22158748
1264401167,0.3301055,0.35778028,0.3121142
1264443123,0.36089993,0.35986406,0.27923596
1264574232,0.34612218,0.2593423,0.39453548
1264652944,0.36224362,0.29887918,0.33887723
1264688930,0.44723123,0.29874575,0.25402302
1264780406,0.20536052,0.6014055,0.19323394
1264798265,0.35122004,0.3260403,0.32273972
1264887934,0.32032362,0.23613226,0.44354406
1265076075,0.17992747,0.575408,0.24466462
1265097459,0.40794483,0.23080975,0.3612454
1265196889,0.4654151,0.28788978,0.24669518
1265446114,0.18848243,0.58805376,0.22346376
1265454077,0.23451278,0.24915035,0.5163369
1265506135,0.27517137,0.3465908,0.37823787
1265513074,0.17148978,0.63419336,0.19431688
1265537795,0.41361094,0.30844083,0.27794817
1265539574,0.1288931,0.7345409,0.13656604
1265549905,0.27797174,0.43458876,0.28743953
1265575076,0.37542227,0.314737,0.30984077
1265575132,0.2034688,0.43677008,0.35976106
1265581822,0.30347311,0.40245435,0.29407254
1265626346,0.3273879,0.3541024,0.3185098
1265694900,0.7265995,0.101417765,0.17198277
1265701130,0.32150376,0.32812527,0.350371
1265715249,0.39074597,0.25166458,0.35758948
1265855345,0.27405578,0.3648722,0.36107203
1266061587,0.3494473,0.3104031,0.34014955
1266268779,0.25724533,0.25415266,0.4886021
1266464706,0.40128627,0.3351357,0.263578
1266573182,0.49382773,0.27387163,0.23230073
1266715788,0.24491306,0.35281354,0.4022734
1266765061,0.31729972,0.36722735,0.3154729
1266795536,0.660655,0.11822015,0.22112474
1266988500,0.30005655,0.37203553,0.32790798
1267220605,0.25566185,0.24268472,0.50165343
1267242906,0.13272919,0.6880461,0.1792247
1267251705,0.3612722,0.3455071,0.2932207
1267311944,0.17780878,0.6149261,0.20726512
1267439750,0.5339743,0.2525323,0.2134934
1267468053,0.4797722,0.25399786,0.2662299
1267471227,0.31135485,0.4056174,0.2830278
1267499428,0.38148674,0.25904566,0.35946763
1267699086,0.39466023,0.32592332,0.27941647
1267731419,0.48813966,0.27592757,0.23593278
1267737329,0.31035498,0.2218273,0.46781778
1267745302,0.34640688,0.3192468,0.33434626
1267800011,0.32501858,0.29779312,0.3771883
1267874053,0.32365566,0.3672865,0.30905777
1267945293,0.45049274,0.29180026,0.25770697
1268135045,0.184338,0.565881,0.24978095
1268195153,0.4851869,0.27535477,0.23945838
1268356994,0.2849447,0.4228476,0.29220772
1268377181,0.40841505,0.18950729,0.40207767
1268612930,0.3680585,0.3228173,0.3091242
1268729195,0.3399053,0.40775898,0.2523357
1268745087,0.10923436,0.74198043,0.14878523
1268901284,0.4822326,0.27291453,0.24485284
1268998924,0.33607072,0.32396653,0.33996275
1269035545,0.25617212,0.31614447,0.4276834
1269207710,0.2966655,0.23730218,0.46603233
1269271228,0.3472979,0.40031144,0.2523907
1269337690,0.53662896,0.18153404,0.28183693
1269415938,0.16714044,0.65282565,0.18003389
1269419183,0.13957456,0.6995051,0.1609203
1269478277,0.34867635,0.31911677,0.33220682
1269497608,0.8406121,0.054555535,0.104832314
1269518367,0.2303239,0.48446113,0.28521502
1269586258,0.21341954,0.5175625,0.26901793
1269687813,0.45243475,0.32391545,0.22364978
1269759334,0.39839685,0.34800702,0.25359613
1269768544,0.7416254,0.09997147,0.1584031
1269769343,0.39945373,0.3371186,0.26342767
1269819610,0.44994628,0.22497448,0.3250791
1269893754,0.19399452,0.5564326,0.24957292
1269910859,0.25643733,0.25932023,0.48424247
1270197119,0.38462552,0.2854559,0.32991856
1270231802,0.81683517,0.07274629,0.11041852
1270257758,0.40860522,0.3177313,0.2736635
1270316580,0.31155044,0.37319425,0.31525537
1270579735,0.32309553,0.41113913,0.26576537
1270641408,0.39787975,0.28499353,0.3171267
1270728406,0.32921827,0.32140705,0.34937462
1270853808,0.123135045,0.15187442,0.72499055
1270884233,0.70265716,0.134675,0.16266787
1270906901,0.5695958,0.18866359,0.24174055
1271054732,0.49691537,0.24938045,0.25370422
1271147429,0.36182037,0.3183538,0.31982574
1271158252,0.5491834,0.22998904,0.22082755
1271166081,0.19614768,0.2922566,0.51159567
1271214432,0.5876454,0.18648048,0.22587411
1271299312,0.3057975,0.42591754,0.26828498
1271316554,0.078650266,0.8177743,0.10357539
1271347403,0.24536787,0.15455508,0.60007703
1271415496,0.36842188,0.3669472,0.26463094
1271693548,0.2094373,0.22417395,0.5663887
1271772673,0.14602584,0.66784495,0.1861292
1271835342,0.14902729,0.6872295,0.16374324
1271872772,0.29706955,0.47031584,0.23261464
1271875894,0.42120895,0.30857342,0.27021763
1271950713,0.26784655,0.48048452,0.2516689
1272000471,0.37095624,0.31789625,0.31114748
1272016544,0.22773996,0.38203046,0.39022955
1272096783,0.60871094,0.15398054,0.2373086
1272181887,0.37509686,0.37818134,0.24672182
1272243547,0.17937379,0.5565421,0.26408413
1272335934,0.26338652,0.5136334,0.22298002
1272496808,0.3371342,0.33397016,0.32889563
1272503735,0.39514256,0.32512507,0.27973232
1272609166,0.61779696,0.1745257,0.20767732
1272693018,0.2937543,0.37804997,0.32819578
1272774900,0.48246005,0.24404052,0.2734995
1272846086,0.4818703,0.22107929,0.29705045
1272893350,0.33519417,0.37423658,0.29056925
1272911893,0.30566818,0.26155746,0.4327743
1272932580,0.16748244,0.16563074,0.6668868
1272989700,0.24001898,0.5252039,0.23477711
1272995306,0.38245308,0.27279302,0.34475392
1273182550,0.18760455,0.19070663,0.6216888
1273323476,0.26631558,0.44814914,0.28553525
1273344482,0.57722396,0.19238356,0.2303924
1273374840,0.21435192,0.27429393,0.5113542
1273408112,0.26720297,0.42186302,0.31093407
1273412451,0.41161352,0.30548134,0.28290507
1273599660,0.2498618,0.28127006,0.46886814
1273678988,0.4561056,0.2634627,0.28043172
1273689143,0.5274767,0.22291292,0.24961036
1273782674,0.37697774,0.36463526,0.25838703
1273810931,0.31412995,0.37754065,0.30832946
1273835974,0.27136967,0.32129046,0.4073398
1273942062,0.4218077,0.30023873,0.2779536
1273942742,0.31594732,0.3268204,0.3572323
1274006030,0.448505,0.2745015,0.27699348
1274129217,0.15211947,0.6225761,0.22530437
1274221446,0.69074845,0.12605588,0.18319567
1274390419,0.51237816,0.2547348,0.232887
1274439861,0.14511752,0.6430286,0.21185382
1274597960,0.17410311,0.6355113,0.19038552
1274920045,0.25567117,0.3338811,0.41044772
1274938783,0.50217026,0.2726482,0.22518152
1275115253,0.5533044,0.19918582,0.24750979
1275284689,0.33768174,0.33315873,0.3291596
1275407789,0.41965505,0.30654028,0.2738047
1275545993,0.34817097,0.28602192,0.36580703
1275553897,0.23323394,0.23699605,0.52977
1275644258,0.18528725,0.6237771,0.1909356
1275678574,0.24562755,0.45518732,0.29918513
1275778345,0.27016732,0.40130928,0.32852343
1275854685,0.4629145,0.28186437,0.2552211
1275869622,0.09354097,0.79757,0.10888904
1275891347,0.26837447,0.4254251,0.3062004
1275921996,0.32177776,0.39679176,0.2814305
1276070284,0.31139126,0.4060225,0.2825863
1276275653,0.33304808,0.3363492,0.33060274
1276278100,0.33332327,0.35240063,0.3142761
1276290801,0.21012639,0.5741268,0.2157468
1276352910,0.27919555,0.26721087,0.45359352
1276439497,0.17988174,0.631132,0.18898618
1276568766,0.639526,0.13512613,0.22534789
1276809544,0.3197219,0.33839467,0.34188345
1276856134,0.65648437,0.17317496,0.17034066
1276858352,0.21424282,0.44933048,0.33642668
1276949553,0.62393105,0.16244934,0.21361962
1276951036,0.20240073,0.5352913,0.26230794
1277009033,0.26521382,0.20739159,0.52739453
1277043242,0.27506137,0.31565362,0.409285
1277061152,0.33777326,0.3408534,0.32137328
1277107257,0.25869364,0.3164755,0.42483076
1277138876,0.39211765,0.30397078,0.30391163
1277153972,0.4936046,0.2570709,0.24932446
1277189324,0.19617832,0.54731345,0.2565082
1277379066,0.18729773,0.1695913,0.64311093
1277541541,0.4015536,0.3471131,0.25133333
1277562094,0.21965216,0.49627477,0.2840731
1277877177,0.41675043,0.24807759,0.33517194
1277890342,0.41229594,0.34370756,0.24399649
1277986837,0.40199244,0.316525,0.28148252
1278317926,0.3191621,0.37330765,0.30753025
1278526248,0.27225888,0.42528144,0.30245972
1278634339,0.31074437,0.28807893,0.4011767
1278806314,0.44944108,0.2579061,0.29265285
1278840776,0.3974609,0.32232916,0.28020993
1278921166,0.1660037,0.14836495,0.6856314
1278997413,0.28558835,0.2706015,0.44381014
1278999414,0.2773412,0.19027558,0.53238314
1279038259,0.42966554,0.31434143,0.25599304
1279083612,0.14553939,0.5939768,0.26048383
1279233419,0.30937797,0.38457772,0.30604434
1279304592,0.22838245,0.47107723,0.3005404
1279568722,0.23319069,0.51720273,0.24960665
1279788897,0.27942723,0.3479534,0.37261936
1279812977,0.16425222,0.5977112,0.23803663
1279910303,0.30566666,0.37700158,0.31733173
1279923020,0.4115897,0.2514467,0.33696368
1279942486,0.14148386,0.1513417,0.7071744
1280010376,0.7163625,0.10809965,0.1755379
1280012586,0.3349062,0.3889553,0.27613857
1280077092,0.4645914,0.26723245,0.26817605
1280178289,0.29690558,0.18455741,0.518537
1280196208,0.37643123,0.3378221,0.2857467
1280239011,0.20968555,0.5069712,0.2833433
1280245883,0.40959424,0.26352194,0.3268838
1280405939,0.49110514,0.23903109,0.26986375
1280418844,0.41337252,0.2946568,0.29197067
1280662030,0.113945484,0.09558597,0.7904686
1280688310,0.6148766,0.17384957,0.21127386
1280744224,0.2784814,0.30173466,0.4197839
1280810443,0.50842816,0.21258742,0.27898446
1280948199,0.26822242,0.28518522,0.44659236
1281046760,0.32922867,0.32151973,0.34925157
1281074258,0.3073065,0.32300073,0.36969277
1281110743,0.29165998,0.29307687,0.41526315
1281129034,0.30560586,0.35816312,0.33623105
1281153935,0.41767183,0.27322435,0.30910376
1281237834,0.57509035,0.20574343,0.21916628
1281365236,0.29370925,0.43297252,0.27331826
1281382144,0.32909954,0.30917692,0.3617235
1281436678,0.29586518,0.34598032,0.3581546
1281486553,0.1796744,0.15317468,0.667151
1281498954,0.5043931,0.224119,0.27148795
1281645021,0.12932529,0.7060041,0.1646706
1281691450,0.27355242,0.22801743,0.49843007
1281697878,0.2559097,0.39331716,0.35077313
1281787003,0.27684748,0.44142693,0.28172562
1281908998,0.2584316,0.3007975,0.4407709
1281925258,0.3099562,0.36422256,0.32582125
1281939268,0.34605262,0.3809707,0.27297667
1281951222,0.34196728,0.27789423,0.38013846
1282022734,0.36028713,0.2514452,0.3882677
1282349181,0.36996245,0.35161674,0.27842075
1282484045,0.29027456,0.385383,0.3243424
1282491003,0.3181951,0.3133658,0.36843908
1282503121,0.46878666,0.30457798,0.22663537
1282604352,0.46399236,0.30059513,0.23541245
1282660727,0.39488345,0.31582925,0.28928727
1282745800,0.13616827,0.71132994,0.15250179
1282806323,0.44999298,0.25935295,0.29065406
1283064558,0.54503715,0.23377022,0.22119267
1283065489,0.4109986,0.30591935,0.283082
1283218241,0.19509469,0.36910427,0.43580106
1283270727,0.28925478,0.32167807,0.3890672
1283330761,0.64168525,0.1692665,0.18904826
1283515474,0.5346017,0.2332104,0.23218788
1283532061,0.24445686,0.19654259,0.5590005
1283599873,0.285693,0.3088349,0.4054721
1283646757,0.068405956,0.8323396,0.09925442
1283692047,0.4330165,0.2830583,0.28392518
1283727809,0.2882177,0.30409968,0.4076827
1283883706,0.25049126,0.4301684,0.31934035
1283914688,0.45035294,0.33129445,0.21835262
1283973911,0.23696923,0.36842424,0.39460653
1284126696,0.31074214,0.37388846,0.3153694
1284155153,0.06481418,0.8367864,0.09839942
1284264753,0.42959985,0.316846,0.25355417
1284331691,0.42082214,0.27155924,0.30761856
1284408470,0.2954266,0.3813484,0.32322496
1284462591,0.5746872,0.20106548,0.2242473
1284569124,0.3183856,0.35103974,0.33057463
1284579960,0.6082622,0.13808459,0.25365317
1284621092,0.3922434,0.31336626,0.29439035
1284645794,0.4857171,0.2558001,0.25848278
1284739672,0.4015284,0.33618128,0.2622904
1284885844,0.12108012,0.11592454,0.7629954
1284938899,0.32998094,0.3541605,0.31585854
1285107688,0.6071519,0.19195184,0.20089623
1285149110,0.45360577,0.314202,0.23219217
1285168063,0.27747414,0.35812178,0.3644041
1285178387,0.30708128,0.4162442,0.27667445
1285287287,0.327724,0.3058022,0.36647382
1285300238,0.5935698,0.19255607,0.2138741
1285416221,0.53202736,0.20569967,0.262273
1285476729,0.26177657,0.33192542,0.40629795
1285538219,0.31930026,0.34777817,0.3329215
1285539484,0.19477463,0.59494925,0.21027608
1285764997,0.5592062,0.20773357,0.23306029
1285863661,0.47916192,0.27800554,0.24283257
1285866549,0.6097198,0.19734858,0.19293164
1285883311,0.53998005,0.21559863,0.24442132
1285966630,0.6788176,0.1535394,0.1676431
1285994543,0.37390274,0.3650075,0.2610897
1286111169,0.48420525,0.28867447,0.22712027
1286125262,0.10685336,0.7704666,0.12267999
1286143845,0.32528135,0.3028812,0.37183744
1286289627,0.37096947,0.36948588,0.25954464
1286310593,0.5984307,0.20952581,0.19204356
1286341242,0.3513843,0.28734747,0.36126822
1286363450,0.2540552,0.26235887,0.4835859
1286490508,0.6912088,0.13135085,0.17744045
1286563222,0.20816047,0.5868722,0.20496732
1287016099,0.22108637,0.21535294,0.56356066
1287027645,0.334194,0.36289176,0.30291426
1287036266,0.36856282,0.33052382,0.30091336
1287170142,0.20799932,0.54754466,0.2444561
1287384659,0.60683936,0.19175987,0.20140083
1287400060,0.23079921,0.23536274,0.5338381
1287714888,0.3406246,0.32264066,0.33673486
1287718124,0.2981335,0.38951004,0.31235644
1287849600,0.1736284,0.19958417,0.6267874
1287944417,0.17818023,0.61314344,0.20867637
1288025896,0.3375694,0.4348062,0.2276244
1288043032,0.3822372,0.34662217,0.27114064
1288098800,0.113291845,0.102976225,0.78373194
1288807467,0.30991152,0.27917275,0.4109157
1288871775,0.18825021,0.5880205,0.22372931
1288942901,0.3243475,0.33626094,0.33939156
1289043550,0.40030158,0.3301505,0.2695479
1289118219,0.1551804,0.6629657,0.18185388
1289121274,0.30023125,0.31140354,0.3883652
1289335305,0.2441723,0.21869466,0.537133
1289516052,0.31754613,0.28669253,0.39576134
1289551830,0.28872928,0.3130756,0.39819518
1289558010,0.14350212,0.65046084,0.2060371
1289590730,0.43879884,0.26918986,0.29201126
1289670735,0.3245853,0.38166267,0.293752
1289870215,0.1396643,0.69592714,0.16440848
1289882594,0.16530195,0.14584278,0.6888553
1290086007,0.328071,0.3462636,0.32566538
1290126470,0.29691085,0.3123355,0.3907537
1290165687,0.26386848,0.2712598,0.4648717
1290693382,0.3203651,0.37282166,0.3068133
1290890850,0.22964226,0.23963699,0.5307207
1290905066,0.22151026,0.57171565,0.20677401
1290947797,0.31482595,0.36266142,0.32251266
1291209125,0.2720961,0.2734941,0.45440978
1291392690,0.32161087,0.38539565,0.29299358
1291417856,0.60399026,0.20026739,0.19574237
1291421681,0.1941065,0.18098024,0.6249133
1291466603,0.46916294,0.24499582,0.28584123
1291547665,0.18386406,0.5525045,0.2636314
1291557620,0.19916855,0.59566134,0.20517011
1291648640,0.34143898,0.33483544,0.32372558
1291682908,0.59594476,0.19297183,0.21108344
1291722430,0.18998069,0.16592519,0.64409417
1291798458,0.19265464,0.5829825,0.22436294
1291862628,0.2632664,0.51247203,0.22426149
1291966583,0.35951233,0.36138073,0.279107
1292061881,0.47783715,0.14734717,0.3748157
1292159037,0.30705568,0.352222,0.3407223
1292389744,0.36263987,0.27270073,0.36465937
1292541227,0.5402518,0.23240547,0.22734271
1292641739,0.27949288,0.44392756,0.27657962
1292717253,0.096330054,0.10012946,0.8035405
1292841764,0.15814324,0.1884397,0.653417
1292855782,0.58914316,0.22199966,0.1888572
1292856224,0.27456036,0.12638734,0.59905225
1292869662,0.1923053,0.5626287,0.24506606
1292928789,0.6486272,0.16057587,0.19079694
1292945180,0.2743546,0.30549318,0.42015228
1293059465,0.48554695,0.28732187,0.22713116
1293287447,0.645739,0.17765437,0.17660664
1293387725,0.38743004,0.353412,0.259158
1293582059,0.28620768,0.33986983,0.3739225
1293593340,0.45737717,0.28562623,0.2569966
1293634133,0.25827885,0.18780617,0.553915
1293650632,0.25198844,0.46849275,0.2795189
1293716862,0.44909972,0.2584954,0.29240495
1293861908,0.34677973,0.3114612,0.34175903
1293912371,0.36179847,0.31793904,0.3202625
1293932839,0.5217961,0.25705054,0.22115332
1294024374,0.1896787,0.17511398,0.6352073
1294096621,0.38061753,0.31837395,0.30100852
1294196355,0.12373542,0.76213914,0.1141254
1294356589,0.18476617,0.5916178,0.22361602
1294356630,0.38464823,0.29306513,0.32228667
1294460229,0.2737807,0.41000295,0.31621638
1294580761,0.21657427,0.29937655,0.48404923
1294588811,0.41637185,0.34558144,0.23804672
1294827862,0.46960327,0.25932866,0.2710681
1294871209,0.41132197,0.26891643,0.31976157
1294882022,0.3163787,0.38613036,0.29749092
1294926401,0.35205278,0.3155514,0.33239585
1294934194,0.21588078,0.20429099,0.5798282
1295090946,0.31736284,0.37400016,0.30863708
1295192495,0.26906914,0.2796085,0.45132238
1295279072,0.36882064,0.37753484,0.25364453
1295290024,0.2101089,0.19418217,0.59570897
1295337539,0.2954249,0.44979024,0.2547849
1295489214,0.38528597,0.28117388,0.33354017
1295564897,0.13802558,0.7019165,0.16005786
1295580333,0.24654755,0.40553492,0.3479175
1295672528,0.26698035,0.4588415,0.2741782
1295676971,0.29095167,0.4928188,0.21622951
1295710656,0.3081002,0.38345027,0.30844954
1295775858,0.3569427,0.3375998,0.30545747
1295994837,0.500196,0.24968393,0.25012007
1296045600,0.28489336,0.31216487,0.40294182
1296049470,0.28206164,0.36180255,0.35613582
1296338154,0.46733618,0.2929331,0.23973066
1296459359,0.29529482,0.44214112,0.262564
1296577536,0.41678825,0.30381247,0.27939925
1296688433,0.3333,0.32486814,0.34183186
1296703684,0.227245,0.4501124,0.32264253
1296732587,0.1955205,0.5138286,0.29065087
1296860548,0.39584124,0.3341317,0.2700271
1296947701,0.27634838,0.40827855,0.3153731
1297021671,0.17656487,0.16276081,0.6606743
1297177809,0.38294968,0.3544348,0.26261547
1297178958,0.78513217,0.08174036,0.13312744
1297179483,0.42684942,0.30370703,0.2694436
1297339113,0.16910331,0.18631694,0.64457977
1297380165,0.23601243,0.36293888,0.40104872
1297492026,0.3067381,0.3777008,0.3155611
1297571855,0.2974127,0.29026845,0.41231886
1297771796,0.5252695,0.1865511,0.28817937
1297809468,0.4323543,0.3324087,0.23523702
1297973918,0.7072991,0.12549588,0.167205
1297993599,0.26463366,0.28082463,0.4545417
1298031429,0.32090643,0.2958715,0.38322204
1298167396,0.45276222,0.29852065,0.24871711
1298176205,0.55421185,0.2287517,0.2170365
1298224207,0.3395053,0.36620888,0.29428577
1298254060,0.46530294,0.28312048,0.25157648
1298538343,0.1425078,0.15504229,0.7024499
1298548560,0.42431378,0.27157944,0.30410677
1298999627,0.46730682,0.25932193,0.27337128
1299027368,0.34190592,0.34754276,0.3105513
1299039192,0.36549485,0.29198316,0.34252203
1299073203,0.12289281,0.67127234,0.20583482
1299229354,0.313429,0.27786726,0.4087037
1299239254,0.40831318,0.3265923,0.26509458
1299308781,0.54191107,0.20974706,0.24834183
1299647672,0.3334431,0.3361838,0.3303731
1299728239,0.13724914,0.71035886,0.15239197
1299774476,0.123945646,0.10212807,0.7739263
1299891677,0.20375234,0.53507584,0.26117185
1299986849,0.26840085,0.3283234,0.4032758
1300062123,0.28271285,0.4281065,0.2891807
1300076155,0.36494023,0.34067133,0.2943884
1300089349,0.6950658,0.13886248,0.16607173
1300101376,0.09627505,0.7873737,0.11635125
1300158675,0.29402766,0.30155364,0.4044187
1300330752,0.6551068,0.12884659,0.21604665
1300547363,0.24873173,0.46211597,0.2891523
1300609600,0.5803923,0.21041936,0.20918834
1300750915,0.2553707,0.40508762,0.33954164
1300811105,0.36528805,0.34733015,0.28738177
1300938133,0.54946035,0.23267913,0.2178605
1300964875,0.633607,0.16918515,0.19720793
1301065642,0.48239022,0.22918448,0.28842527
1301142959,0.29067716,0.41421086,0.29511207
1301272811,0.74760383,0.0906586,0.16173758
1301326416,0.36879796,0.30612895,0.32507312
1301726244,0.3145601,0.16572085,0.5197191
1301750887,0.302952,0.35314882,0.3438992
1301811061,0.36820465,0.34612373,0.28567156
1301814443,0.164621,0.64042825,0.19495083
1301870821,0.44588232,0.3448861,0.20923159
1301892048,0.1571229,0.18994427,0.6529329
1301932961,0.2993373,0.27759004,0.42307264
1301966050,0.34103984,0.34957817,0.30938208
1301979852,0.18346715,0.61292017,0.2036127
1302063969,0.2430049,0.25627574,0.50071925
1302075798,0.08661771,0.80799377,0.10538859
1302100933,0.5106336,0.27623925,0.21312712
1302123860,0.4029936,0.32952785,0.26747853
1302282156,0.36735073,0.24777013,0.38487914
1302393680,0.10143602,0.09784854,0.80071545
1302428275,0.46223116,0.24490662,0.29286215
1302469777,0.27792412,0.19932057,0.52275527
1302499580,0.39998817,0.32639185,0.27361995
1302566540,0.23740736,0.52250385,0.2400887
1302677701,0.36603028,0.3848971,0.24907258
1302912700,0.5742985,0.20403457,0.22166695
1302932441,0.38066673,0.34666386,0.2726694
1303075391,0.55171716,0.24485582,0.20342702
1303165439,0.36963117,0.28631243,0.3440564
1303185668,0.42135063,0.29497838,0.283671
1303276565,0.29989138,0.37074965,0.32935894
1303292573,0.31119576,0.31975138,0.36905292
1303428303,0.36628464,0.29785016,0.33586523
1303528044,0.45926225,0.27550066,0.2652371
1303646206,0.30133533,0.4408758,0.25778893
1303648343,0.19103837,0.39059222,0.41836944
1303676758,0.085116,0.08501351,0.82987046
1303733265,0.17133917,0.23381887,0.59484196
1303742686,0.5459142,0.2125109,0.24157497
1303840060,0.40725827,0.3404219,0.25231984
1303857097,0.19087842,0.27935278,0.52976876
1304068240,0.23467597,0.4640994,0.3012245
1304182838,0.35411698,0.36310863,0.2827744
1304258676,0.31775445,0.35130215,0.3309433
1304281387,0.060511503,0.8470364,0.09245212
1304308545,0.45968205,0.29284796,0.24746999
1304387956,0.49462998,0.27742147,0.22794858
1304416596,0.18232983,0.6089497,0.20872048
1304434183,0.30293554,0.35187474,0.34518972
1304675654,0.41764247,0.21256666,0.36979085
1304824789,0.33550262,0.37056175,0.29393557
1304898404,0.4630706,0.28236964,0.25455981
1304982930,0.20714375,0.2183975,0.5744588
1305114484,0.31717983,0.3540344,0.32878578
1305270452,0.3776202,0.30509016,0.3172897
1305324808,0.25269443,0.51633936,0.23096624
1305471566,0.29627177,0.4038911,0.29983714
1305511765,0.29107678,0.40421027,0.30471295
1305805512,0.2651648,0.46838915,0.26644605
1305940707,0.5424357,0.24560319,0.21196115
1305986452,0.19153203,0.5764496,0.2320184
1305986765,0.6625423,0.16697663,0.17048116
1305992267,0.25359216,0.20833412,0.5380737
1306006725,0.63740605,0.1863379,0.17625606
1306280009,0.23504284,0.472301,0.29265618
1306348642,0.24224469,0.22480746,0.5329479
1306350551,0.3658484,0.28801563,0.3461359
1306382548,0.40781957,0.22495383,0.36722657
1306409644,0.29706702,0.25596336,0.44696957
1306494814,0.32600155,0.3669486,0.30704984
1306569014,0.09246389,0.08449038,0.82304573
1306620256,0.3929165,0.29813263,0.30895084
1306686788,0.41785768,0.27905712,0.3030852
1306895254,0.19288722,0.6191282,0.18798448
1306933770,0.6371255,0.16258986,0.2002846
1306967375,0.29394954,0.40302825,0.30302227
1307115591,0.22830431,0.5444878,0.22720796
1307242172,0.2070937,0.52237177,0.27053463
1307298761,0.27512828,0.45856658,0.26630506
1307317335,0.33316317,0.2905908,0.37624604
1307474368,0.2858522,0.3012909,0.41285685
1307484785,0.6622089,0.14274132,0.19504982
1307526222,0.39338705,0.2997607,0.30685228
1307549472,0.5117682,0.2479469,0.24028482
1307672048,0.21132894,0.2355914,0.5530797
1307768919,0.2649831,0.38185188,0.3531649
1307809752,0.3552366,0.34619683,0.29856658
1307838420,0.4784564,0.22321998,0.29832357
1307844957,0.3381097,0.23802255,0.42386773
1307939488,0.27289554,0.23892468,0.4881797
1308013715,0.2379846,0.48311183,0.27890357
1308038737,0.45353612,0.23599014,0.31047374
1308063569,0.3731499,0.37270182,0.25414836
1308150897,0.31034788,0.30661872,0.3830334
1308221751,0.36908922,0.34109744,0.28981328
1308384773,0.378261,0.31134287,0.31039608
1308389893,0.33459932,0.29673338,0.36866733
1308411567,0.3635407,0.3537612,0.28269812
1308520435,0.34600168,0.23312242,0.42087594
1308624053,0.30217496,0.3191052,0.37871978
1308742485,0.2519315,0.42939106,0.31867734
1308832976,0.2657323,0.2829076,0.45136017
1308854870,0.37228307,0.34585148,0.28186545
1308923543,0.3268086,0.36069977,0.31249166
1309093161,0.3351399,0.3016392,0.36322087
1309095105,0.4033425,0.3314746,0.26518294
1309297456,0.27197647,0.46092895,0.26709464
1309346420,0.19613703,0.60023713,0.20362587
1309353907,0.3166288,0.41794136,0.26542976
1309374619,0.29940462,0.30954802,0.39104736
1309456244,0.40453404,0.27772295,0.31774297
1309512064,0.2959236,0.3511537,0.35292262
1309708035,0.7943911,0.078268886,0.12733993
1309784500,0.19959223,0.21589771,0.5845101
1309804361,0.6249833,0.1826243,0.19239241
1309808734,0.21998645,0.52948797,0.25052556
1309809729,0.29585245,0.40594932,0.29819822
1309904801,0.3213377,0.348099,0.33056328
1309929032,0.30922976,0.37238833,0.3183819
1309980849,0.3430247,0.3775215,0.27945384
1310017136,0.47001165,0.31146768,0.21852066
1310025043,0.62730896,0.17969364,0.1929974
1310048173,0.35695395,0.34770194,0.29534408
1310186047,0.2707267,0.27725285,0.4520205
1310203577,0.3654756,0.36906248,0.26546195
1310205430,0.18866792,0.60443044,0.20690171
1310306170,0.06563478,0.8359628,0.09840244
1310311006,0.25006992,0.41855168,0.3313783
1310362417,0.29614967,0.3496054,0.35424495
1310408098,0.33028796,0.3439145,0.32579747
1310424184,0.39759418,0.27127495,0.3311309
1310491610,0.7800779,0.08594905,0.133973
1310535649,0.38414603,0.35918894,0.256665
1310543343,0.43425876,0.29770884,0.26803234
1310711971,0.19697718,0.57484597,0.22817677
1310875305,0.25169697,0.32963106,0.41867197
1310937585,0.31630182,0.35288426,0.33081397
1310939756,0.35107315,0.32619998,0.32272682
1310978638,0.46627137,0.30069187,0.2330368
1311009592,0.5865252,0.2065996,0.20687525
1311099862,0.58870786,0.20700407,0.204288
1311164015,0.326238,0.35415035,0.3196116
1311289782,0.2153753,0.21655627,0.56806844
1311437694,0.4542728,0.30089447,0.24483266
1311447523,0.24684654,0.49332505,0.25982833
1311447679,0.6322395,0.1563611,0.21139936
1311534608,0.2559912,0.4420466,0.30196223
1311565211,0.2515908,0.3508752,0.39753398
1311569160,0.27273265,0.33549017,0.3917772
1311634710,0.19996032,0.20056699,0.59947264
1311653615,0.43372032,0.24066561,0.32561406
1311825674,0.36489815,0.30285975,0.332242
1311973638,0.36349323,0.30778557,0.32872117
1311989487,0.28143927,0.28915322,0.4294075
1312018895,0.37474337,0.23071873,0.3945379
1312060193,0.28205186,0.41721946,0.3007287
1312060231,0.5967676,0.2010721,0.20216027
1312086808,0.35008928,0.32689115,0.32301962
1312090506,0.2802197,0.42676508,0.2930152
1312196828,0.39253286,0.3037015,0.30376562
1312213758,0.28057292,0.3145458,0.40488127
1312281426,0.3722776,0.2919781,0.33574435
1312298757,0.4555791,0.28395194,0.260469
1312416182,0.3088712,0.39460605,0.2965227
1312466737,0.6399616,0.16083038,0.19920802
1312503522,0.69194955,0.1109426,0.19710787
1312512326,0.27704078,0.29490307,0.42805615
1312580402,0.35950938,0.36514592,0.27534467
1312625137,0.26130858,0.52952844,0.20916305
1312699153,0.33088917,0.31845552,0.35065535
1312772663,0.0911121,0.80208415,0.106803775
1312838028,0.33861044,0.361444,0.2999455
1312841087,0.2820327,0.27627793,0.44168943
1313062486,0.37070882,0.28376615,0.34552503
1313080035,0.17558804,0.62898576,0.1954262
1313311010,0.3003152,0.36130068,0.33838412
1313337499,0.48749408,0.26744276,0.24506314
1313344762,0.5876561,0.21364564,0.19869836
1313408468,0.41073152,0.31062245,0.27864602
1313660927,0.15887468,0.15156512,0.6895601
1313743440,0.1283017,0.72318906,0.14850931
1313759320,0.47123656,0.275169,0.2535945
1313891275,0.35498077,0.37197006,0.27304915
1313940750,0.38143238,0.37192857,0.24663912
1313995845,0.06534991,0.8288689,0.10578116
1314104669,0.38279173,0.29707825,0.32013002
1314151988,0.27139494,0.2823402,0.4462649
1314197838,0.31599122,0.31628606,0.36772275
1314211089,0.6513178,0.1574609,0.19122134
1314300139,0.29576743,0.37696832,0.32726434
1314313349,0.3691922,0.28730083,0.34350708
1314503909,0.31178713,0.43560946,0.25260335
1314526570,0.38546908,0.33963004,0.27490085
1314534832,0.36609846,0.3741184,0.2597832
1314561564,0.1274218,0.7021574,0.17042083
1314805560,0.47846776,0.25074312,0.27078915
1314902939,0.41478157,0.31143618,0.27378228
1314927271,0.096461125,0.7775605,0.12597834
1315092428,0.26215756,0.35702652,0.38081592
1315176442,0.6310347,0.15509196,0.21387336
1315260438,0.60571355,0.19122924,0.20305724
1315366970,0.30610067,0.36967763,0.32422167
1315377012,0.30974552,0.29599515,0.3942593
1315575587,0.34669995,0.29155892,0.36174113
1315579300,0.64651734,0.13820904,0.21527359
1315588859,0.34081414,0.31394875,0.3452371
1315783043,0.4307845,0.31348896,0.25572658
1315887282,0.20905155,0.23222154,0.5587269
1315947741,0.30165341,0.38304025,0.31530643
1315954047,0.4550096,0.27885684,0.26613352
1315964106,0.53176665,0.20591341,0.26231998
1316205664,0.26536942,0.2913493,0.44328123
1316261032,0.53161883,0.22048497,0.2478962
1316279707,0.14215489,0.17678732,0.6810578
1316366596,0.36075765,0.31174713,0.32749528
1316540826,0.26853698,0.4022297,0.3292333
1316550718,0.23115805,0.22686855,0.5419734
1316574719,0.22866055,0.37669185,0.3946476
1316612294,0.30700168,0.38010415,0.31289423
1316686486,0.3938776,0.32295087,0.28317153
1316791776,0.2970906,0.44991532,0.25299403
1317081555,0.34726423,0.32768667,0.32504916
1317212142,0.44309634,0.30740723,0.24949637
1317219080,0.23117064,0.49314508,0.27568427
1317252485,0.7038681,0.120566614,0.17556527
1317390939,0.20612772,0.30973443,0.48413777
1317437088,0.23914559,0.47831586,0.28253844
1317443444,0.28970695,0.41458374,0.29570922
1317443662,0.29221997,0.39434916,0.31343085
1317604164,0.11753734,0.12053156,0.7619311
1317900350,0.41662082,0.30324492,0.2801342
1317973127,0.14940861,0.11474205,0.7358493
1318067012,0.32110164,0.41675153,0.26214686
1318111944,0.3200471,0.28242344,0.39752942
1318140963,0.5906303,0.21916288,0.19020686
1318150778,0.8292942,0.061220556,0.10948516
1318196309,0.42196658,0.29506224,0.2829712
1318221385,0.40429804,0.35057744,0.24512452
1318238153,0.34323555,0.36620706,0.2905574
1318261886,0.3239217,0.30219862,0.37387967
1318562583,0.3085245,0.34126982,0.35020572
1318673005,0.12845631,0.73556906,0.13597469
1318773721,0.5939286,0.18492478,0.22114667
1318897126,0.37844616,0.3247361,0.29681775
1319020493,0.36818293,0.38232765,0.24948943
1319028473,0.2797165,0.3521926,0.36809096
1319057854,0.23427166,0.5067189,0.25900948
1319272581,0.32679623,0.3963809,0.27682287
1319348510,0.31048593,0.37320802,0.31630602
1319374373,0.4252115,0.2862871,0.28850147
1319422195,0.3309673,0.3451625,0.32387018
1319458764,0.3309828,0.4348003,0.23421691
1319500789,0.37176707,0.35389358,0.27433935
1319641780,0.25872722,0.49560896,0.24566376
1319677143,0.2412804,0.2487412,0.5099785
1319899831,0.65866756,0.1532646,0.18806788
1319905477,0.29774627,0.21519239,0.4870613
1319959612,0.26552373,0.5020164,0.23245989
1319960610,0.09801639,0.09363943,0.8083442
1320006028,0.13072518,0.13524066,0.7340342
1320023166,0.33647668,0.36373127,0.29979208
1320299090,0.34561372,0.34161103,0.31277528
1320470453,0.26871133,0.44289398,0.2883947
1320485906,0.64850765,0.17714219,0.1743502
1320580770,0.27400777,0.24772318,0.47826907
1320603883,0.4455971,0.3188107,0.23559216
1320626098,0.50044364,0.27950537,0.22005104
1320629007,0.63954943,0.17501894,0.18543164
1320678024,0.38026783,0.26542744,0.3543047
1320711624,0.36551777,0.33042967,0.30405247
1320774179,0.3216045,0.38177222,0.29662332
1320784543,0.14325403,0.67976695,0.17697906
1320899063,0.25513256,0.21993083,0.5249366
1320937227,0.3273333,0.24721153,0.4254551
1320948336,0.5184492,0.24049017,0.24106073
1320980887,0.33082652,0.28606287,0.38311064
1320987470,0.45543712,0.19787443,0.34668845
1321010231,0.35010552,0.3410945,0.30880004
1321016043,0.35489726,0.37051052,0.27459225
1321215948,0.2411245,0.37166965,0.38720584
1321465393,0.42762694,0.31805658,0.2543165
1321483311,0.34198782,0.35943803,0.29857412
1321561427,0.44740966,0.31436718,0.23822315
1321562281,0.2899054,0.289502,0.42059258
1321575621,0.27531397,0.29320082,0.43148518
1321623121,0.6253304,0.1736511,0.20101847
1321743416,0.328653,0.3789707,0.29237628
1321847781,0.15947723,0.66182095,0.17870182
1321930260,0.5276521,0.22000426,0.25234362
1321945676,0.09070158,0.78599757,0.123300865
1322096209,0.5958197,0.18704638,0.21713382
1322231942,0.2734896,0.46561876,0.2608916
1322279394,0.3417394,0.2835005,0.37476012
1322318187,0.15180938,0.6807808,0.16740979
1322401191,0.26695785,0.4178093,0.31523293
1322495130,0.28211093,0.31545755,0.40243146
1322501468,0.14965315,0.65649575,0.19385108
1322506427,0.26243493,0.274846,0.46271905
1322553839,0.6475338,0.12930433,0.22316198
1322568446,0.5650742,0.21442132,0.22050449
1322591284,0.51482695,0.25360104,0.23157196
1322606277,0.3735884,0.34105265,0.2853589
1322731127,0.5048685,0.2521991,0.2429324
1322855394,0.2986989,0.33972946,0.3615717
1322859662,0.20365545,0.5727917,0.22355288
1322919126,0.26447693,0.337268,0.3982551
1322978532,0.34229586,0.36198962,0.29571456
1323072711,0.38305917,0.31494895,0.30199185
1323076827,0.33539397,0.2935346,0.3710714
1323092132,0.2169022,0.57217807,0.21091966
1323251327,0.21924092,0.15084279,0.6299163
1323369759,0.34007812,0.34067473,0.31924716
1323390489,0.078647904,0.8258489,0.095503174
1323420761,0.15918948,0.6659853,0.17482524
1323458647,0.16492413,0.16347428,0.6716016
1323458972,0.15980816,0.6262383,0.21395366
1323477353,0.22212039,0.57660985,0.2012698
1323524192,0.18364602,0.63011664,0.18623732
1323541696,0.20977405,0.4275929,0.36263302
1323679281,0.119708754,0.6844331,0.19585817
1323989620,0.5715467,0.17679775,0.2516556
1324356896,0.2240013,0.5314664,0.24453229
1324358939,0.5106186,0.25007936,0.23930201
1324364851,0.21172494,0.4604332,0.32784197
1324435358,0.36108717,0.30137178,0.337541
1324683190,0.29530844,0.32826906,0.37642246
1324736078,0.2429349,0.48373896,0.27332622
1324990554,0.23837765,0.5313985,0.23022391
1325000381,0.61666304,0.19527373,0.18806323
1325170748,0.3230254,0.32671243,0.3502622
1325224897,0.63689417,0.17758068,0.18552518
1325245317,0.31977135,0.34825322,0.33197546
1325407013,0.6175432,0.17627414,0.20618261
1325472286,0.309751,0.37105834,0.3191907
1325525590,0.36247241,0.3174084,0.3201192
1325526330,0.40362057,0.3411806,0.25519887
1325544626,0.1566123,0.688746,0.1546417
1325585389,0.3592807,0.27808172,0.36263752
1325588733,0.36679807,0.256915,0.37628686
1325622084,0.5936894,0.21506497,0.19124573
1325660666,0.4450426,0.2495879,0.30536956
1325668840,0.52918315,0.21019214,0.26062468
1325772789,0.14626364,0.10243157,0.7513048
1325778255,0.32181674,0.38333356,0.29484972
1325902437,0.26301435,0.48680905,0.2501766
1326016740,0.53247714,0.25903097,0.20849183
1326035233,0.25736982,0.3716022,0.37102795
1326107505,0.27841046,0.3846442,0.33694535
1326872997,0.35506576,0.34118384,0.3037505
1326890072,0.36477715,0.36709094,0.26813188
1327072024,0.37937775,0.30090392,0.31971836
1327297568,0.15349856,0.14621447,0.700287
1327331313,0.17274779,0.66884947,0.15840276
1327354173,0.43807802,0.2945705,0.26735148
1327419676,0.43685502,0.3024509,0.26069406
1327467649,0.3757806,0.34355345,0.28066596
1327489924,0.2725958,0.22869584,0.49870837
1327548872,0.38809535,0.3600116,0.251893
1327552897,0.41256303,0.3200481,0.2673888
1327756855,0.3820435,0.32975072,0.2882058
1327772321,0.30374017,0.36754972,0.32871014
1327861781,0.32520777,0.39474228,0.28005
1328160279,0.5313039,0.13240205,0.336294
1328164240,0.31190225,0.31834322,0.36975446
1328188832,0.13511086,0.7105094,0.1543797
1328268614,0.15943445,0.14902198,0.6915435
1328293050,0.37208983,0.3472575,0.2806527
1328325313,0.38459197,0.3273516,0.28805637
1328330506,0.30152595,0.33871052,0.35976347
1328421883,0.26543036,0.36533082,0.36923873
1328547938,0.38262457,0.28964525,0.32773018
1328666900,0.63871616,0.15226446,0.2090194
1328701362,0.12210282,0.73372287,0.14417434
1328740250,0.5189787,0.22984932,0.251172
1328755200,0.31200492,0.39903608,0.288959
1328817584,0.47366872,0.2559338,0.27039748
1328836121,0.38727173,0.31021914,0.3025091
1328850459,0.37745154,0.34126198,0.28128648
1328883106,0.29031006,0.26166037,0.44802955
1329009035,0.40586343,0.33598828,0.25814825
1329039209,0.42046407,0.24727389,0.33226198
1329047899,0.37960714,0.33526954,0.2851233
1329163472,0.57928485,0.21607836,0.20463684
1329170872,0.19381715,0.5749428,0.23124005
1329223183,0.17670563,0.61469406,0.2086003
1329323423,0.63293767,0.15597753,0.21108471
1329369078,0.21089627,0.19800267,0.59110105
1329379463,0.3695505,0.32092935,0.30952018
1329545194,0.66363,0.165975,0.17039497
1329563524,0.1810695,0.5886112,0.23031934
1329757364,0.55368507,0.23311086,0.21320415
1329801599,0.38268465,0.33677343,0.28054196
1329815922,0.27479407,0.32142967,0.40377623
1329830857,0.2760203,0.43845156,0.28552812
1329875975,0.56355274,0.21883138,0.21761584
1329971835,0.26764497,0.35354266,0.3788123
1330044180,0.17915945,0.34364903,0.47719148
1330109513,0.4377063,0.30959988,0.25269386
1330121240,0.13330592,0.14312014,0.723574
1330157007,0.20397675,0.524949,0.27107415
1330234498,0.29040504,0.36074165,0.34885338
1330481370,0.25368628,0.45705658,0.28925723
1330515230,0.2314964,0.24987237,0.5186313
1330831115,0.6825064,0.15328412,0.16420944
1331014585,0.20993915,0.23088326,0.5591776
1331111310,0.26986432,0.35178578,0.37834984
1331202384,0.30120704,0.38434064,0.31445238
1331357602,0.2552448,0.4287639,0.31599125
1331460207,0.4542585,0.2652046,0.28053695
1331539701,0.4135355,0.26559597,0.32086858
1331565764,0.24529453,0.48085126,0.2738543
1331766462,0.1569046,0.1682997,0.6747957
1331833424,0.12435251,0.7318123,0.14383516
1331959561,0.122106634,0.7391851,0.13870828
1332028408,0.21540889,0.19570255,0.5888886
1332115476,0.2970035,0.36158305,0.34141347
1332220814,0.3456745,0.37073377,0.28359172
1332356654,0.20593995,0.4824464,0.31161374
1332393775,0.32953048,0.35731387,0.3131556
1332447158,0.5747232,0.20191327,0.22336353
1332466932,0.3667967,0.33093962,0.3022637
1332538599,0.4657309,0.27926084,0.25500828
1332590888,0.36669517,0.30434734,0.32895756
1332635944,0.567698,0.21442321,0.21787876
1332657065,0.33215356,0.35249573,0.31535074
1332672674,0.64011693,0.16156527,0.19831774
1332730184,0.31175122,0.33887678,0.34937197
1332736644,0.12682818,0.11386193,0.75930995
1332742386,0.24297054,0.41071185,0.34631762
1332772465,0.371759,0.24106856,0.38717246
1333055596,0.5909331,0.1408999,0.268167
1333082382,0.42426336,0.2916096,0.284127
1333098482,0.2687856,0.46592382,0.26529056
1333177661,0.28734586,0.39454925,0.31810483
1333396594,0.37180164,0.36696446,0.26123384
1333864807,0.22589703,0.22218266,0.5519203
1333876351,0.27815464,0.33228502,0.3895604
1333978835,0.1581825,0.6468454,0.1949721
1334418656,0.25548616,0.45565033,0.28886354
1334687471,0.37415832,0.36757147,0.25827014
1334826323,0.3811637,0.35086787,0.26796848
1334945413,0.30572656,0.40057525,0.29369816
1334996440,0.24181914,0.37678254,0.38139835
1335023623,0.4979588,0.274709,0.22733226
1335123275,0.24233635,0.4825889,0.2750748
1335150544,0.3647629,0.41301072,0.22222643
1335189066,0.19510481,0.24941519,0.55548006
1335241884,0.30829805,0.31346545,0.37823647
1335254561,0.5192674,0.25034654,0.23038602
1335360692,0.19782408,0.18804103,0.6141349
1335565904,0.16205807,0.6646855,0.17325641
1335709915,0.41953102,0.29710943,0.28335956
1335710970,0.291082,0.38973486,0.31918317
1335956666,0.1299964,0.13319258,0.736811
1336063033,0.13766812,0.25900024,0.6033317
1336084245,0.45081428,0.26959997,0.2795857
1336155128,0.36344612,0.29162934,0.3449245
1336187730,0.29372278,0.40625754,0.30001965
1336199048,0.20714343,0.17719834,0.6156582
1336204972,0.40157223,0.34395474,0.254473
1336205316,0.35799554,0.39837396,0.24363054
1336227165,0.5086787,0.23398107,0.25734025
1336229616,0.12269123,0.12695187,0.7503568
1336263283,0.67285055,0.14690126,0.18024823
1336401375,0.27735317,0.37754482,0.3451019
1336478853,0.6069257,0.20392312,0.18915121
1336654084,0.3279243,0.4316967,0.24037895
1336734575,0.18436068,0.60569483,0.20994444
1336798444,0.28371036,0.27356386,0.44272575
1336829757,0.11267958,0.73764503,0.14967535
1336851054,0.40392473,0.2930695,0.30300578
1336952215,0.35829043,0.33863905,0.30307057
1337165208,0.23835294,0.4950872,0.26655984
1337241925,0.23951745,0.26396066,0.4965219
1337279634,0.23001906,0.48378548,0.2861954
1337283656,0.7154063,0.120054916,0.16453879
1337331354,0.10105748,0.7898578,0.10908472
1337375102,0.13568898,0.12214768,0.7421634
1337541938,0.22372939,0.23181562,0.54445493
1337556790,0.26466554,0.39779845,0.337536
1337697746,0.26327786,0.41380525,0.3229169
1337703926,0.20584331,0.57965726,0.21449943
1337803757,0.2754728,0.3161252,0.408402
1337824412,0.41921735,0.2961721,0.28461054
1337847908,0.33886927,0.4270104,0.23412041
1337892384,0.19213499,0.17780052,0.6300645
1337911254,0.34391698,0.35925072,0.29683223
1337961561,0.19279839,0.23120022,0.57600135
1337977109,0.47344366,0.27422002,0.25233632
1338029035,0.35960394,0.3546035,0.28579253
1338100349,0.40071014,0.3162553,0.28303453
1338180278,0.75775796,0.096161395,0.14608069
1338187701,0.09555824,0.79379267,0.11064912
1338192259,0.38810864,0.34655097,0.2653404
1338312976,0.46016073,0.28906715,0.2507721
1338370231,0.37046942,0.36669388,0.2628367
1338370333,0.35389355,0.38472146,0.26138505
1338408103,0.23226435,0.25403547,0.5137002
1338423046,0.24956699,0.2755893,0.4748437
1338496964,0.46322662,0.29126942,0.24550396
1338519061,0.17925419,0.63298935,0.18775639
1338639346,0.14456744,0.6820306,0.17340197
1338752511,0.45841703,0.30426815,0.23731488
1338822846,0.20876996,0.21709155,0.5741385
1338856258,0.33408892,0.3620611,0.3038499
1338917733,0.38337964,0.35218793,0.26443243
1339255450,0.33491018,0.3015774,0.3635125
1339302388,0.3038537,0.41311437,0.28303194
1339500018,0.7199642,0.12806906,0.15196678
1339647625,0.4348917,0.32895234,0.23615593
1339680801,0.41395167,0.30762565,0.27842268
1339708498,0.2857499,0.30894622,0.40530387
1339793898,0.3786971,0.3049131,0.3163898
1339937900,0.38284045,0.38521168,0.23194794
1339970107,0.5202995,0.21184191,0.2678586
1339997291,0.08723432,0.808105,0.10466077
1340002807,0.17404713,0.17557721,0.6503756
1340030839,0.6553598,0.1683824,0.17625776
1340109125,0.24943204,0.38307783,0.3674901
1340178408,0.2557454,0.4315737,0.31268084
1340181153,0.78583986,0.07814235,0.13601777
1340267224,0.36925355,0.29841542,0.33233103
1340352319,0.2751697,0.4525837,0.27224666
1340521071,0.13659067,0.118515015,0.7448943
1340546915,0.3935544,0.28794527,0.31850034
1340983824,0.28215262,0.40120682,0.31664053
1341234731,0.2240989,0.43979692,0.33610424
1341288187,0.3083472,0.39162335,0.30002946
1341295788,0.24618442,0.3322349,0.42158064
1341298068,0.2721509,0.42299506,0.304854
1341383301,0.08969225,0.79153323,0.11877452
1341419595,0.40854052,0.3053502,0.2861093
1341742222,0.4816392,0.27480164,0.24355912
1341748326,0.17279494,0.60187,0.22533508
1341752377,0.32741553,0.1745422,0.4980423
1341769749,0.22598964,0.45328343,0.32072696
1341789882,0.38909063,0.33747968,0.27342975
1341894016,0.26867372,0.28155634,0.44976994
1341900603,0.38571817,0.3781858,0.23609598
1342015913,0.19598792,0.37084815,0.43316385
1342092240,0.15908669,0.15361206,0.6873012
1342169861,0.6135031,0.1938527,0.19264422
1342280978,0.6597678,0.16214718,0.17808497
1342345907,0.5434809,0.21888313,0.23763606
1342407080,0.27737775,0.45360178,0.26902047
1342573183,0.22529124,0.49232885,0.28237987
1342576870,0.3060299,0.36256924,0.33140093
1342686396,0.7471356,0.11111191,0.14175253
1342945285,0.44777626,0.31586212,0.23636167
1343028095,0.34523442,0.38669834,0.26806727
1343329085,0.28054652,0.3636721,0.35578132
1343333924,0.44417217,0.3043867,0.25144118
1343381083,0.5230654,0.15490417,0.32203045
1343527428,0.25735945,0.3034484,0.43919212
1343597248,0.39945707,0.3495078,0.25103512
1343790881,0.37410483,0.31248748,0.31340772
1343813454,0.39552876,0.32004556,0.2844257
1343816926,0.38014883,0.29836553,0.32148564
1343882486,0.4975118,0.27393913,0.2285491
1344175033,0.2811224,0.23696569,0.48191193
1344207526,0.28742978,0.28774592,0.42482436
1344236679,0.08321365,0.077263705,0.83952266
1344301560,0.2966283,0.39844376,0.30492792
1344432496,0.3709746,0.26848334,0.36054206
1344541743,0.43300003,0.3205708,0.24642925
1344593875,0.22509874,0.21621013,0.55869114
1344642873,0.31361023,0.45438832,0.23200148
1344670745,0.5903033,0.2101992,0.19949746
1344703524,0.30136174,0.41842607,0.28021222
1344799676,0.4530298,0.28565228,0.2613179
1344861789,0.4256,0.30664653,0.26775345
1344936413,0.17922154,0.62806326,0.19271521
1345011097,0.38228148,0.27825698,0.33946157
1345302707,0.27828872,0.28621444,0.43549678
1345309379,0.3179683,0.31986678,0.36216488
1345372626,0.23622291,0.23643494,0.5273422
1345427989,0.30257332,0.4012467,0.2961799
1345449145,0.2934281,0.3087073,0.39786464
1345497924,0.23189323,0.40024254,0.3678643
1345596501,0.6109221,0.18525158,0.20382637
1345664181,0.167629,0.6115116,0.22085945
1345695215,0.56691897,0.21837932,0.21470165
1345900468,0.6856804,0.14133793,0.17298165
1346094549,0.3421498,0.34611803,0.31173223
1346095060,0.3406512,0.28954983,0.36979887
1346134893,0.7531704,0.088126324,0.15870334
1346150599,0.088493094,0.8018382,0.109668605
1346173233,0.26778135,0.44865498,0.28356376
1346212348,0.5080323,0.25149378,0.24047387
1346232939,0.48258618,0.27156764,0.24584617
1346241706,0.36114118,0.33359054,0.30526826
1346256583,0.30006367,0.34448627,0.35545006
1346322172,0.45577246,0.28993148,0.2542961
1346417292,0.25603956,0.27348953,0.4704709
1346738678,0.2918744,0.3768293,0.33129632
1346757409,0.25758377,0.4474452,0.29497102
1346809321,0.1101194,0.7623702,0.12751041
1346811253,0.32980007,0.38234457,0.28785533
1346840064,0.25576437,0.17299062,0.57124496
1346950169,0.55455375,0.20319067,0.24225558
1347087120,0.73649454,0.118581444,0.14492404
1347087506,0.14039965,0.69170195,0.1678984
1347155858,0.10626976,0.77470845,0.119021766
1347169240,0.50079864,0.27675813,0.22244318
1347173048,0.19625352,0.578468,0.22527847
1347559197,0.32820442,0.188933,0.48286262
1347725151,0.31125882,0.3632872,0.325454
1347725589,0.29789767,0.3329248,0.3691775
1347877510,0.666258,0.15382142,0.17992055
1348117244,0.64254427,0.17806298,0.1793928
1348181706,0.21872777,0.513867,0.26740524
1348199042,0.2672804,0.41014376,0.32257587
1348288136,0.07679261,0.81657517,0.1066322
1348327628,0.13746111,0.7143689,0.14817007
1348405328,0.22793494,0.5261607,0.24590434
1348485796,0.62882787,0.18512572,0.18604639
1348637760,0.37138197,0.3005352,0.32808277
1348660373,0.07901572,0.8100079,0.110976346
1348840912,0.25942644,0.38275713,0.35781646
1348993048,0.26445454,0.3548203,0.38072512
1348995879,0.43931788,0.27839547,0.28228667
1349056050,0.32888123,0.35770863,0.3134102
1349073539,0.36681393,0.34012845,0.29305762
1349183884,0.09666161,0.08023025,0.82310814
1349291778,0.32648855,0.3836059,0.28990555
1349427458,0.63847834,0.1758886,0.185633
1349561407,0.20839833,0.52253765,0.26906407
1349576247,0.3988879,0.29112437,0.30998772
1349693992,0.3395053,0.36620888,0.29428577
1349758249,0.35189858,0.34398395,0.3041175
1349800794,0.24347499,0.25947258,0.49705246
1349827952,0.18946974,0.1483483,0.66218203
1349951233,0.7393278,0.10633089,0.15434137
1349995071,0.2762219,0.30235568,0.42142242
1350056700,0.54411477,0.23698296,0.2189023
1350257511,0.3512056,0.36220297,0.28659144
1350384950,0.17146969,0.21613657,0.6123937
1350408268,0.6020105,0.20202185,0.19596763
1350408619,0.31947684,0.21837749,0.46214566
1350502389,0.27777794,0.33218238,0.39003974
1350516773,0.26739568,0.33832088,0.39428347
1350631459,0.19350487,0.48014614,0.32634896
1350713929,0.3406805,0.2671284,0.39219108
1350718674,0.43602207,0.31680858,0.2471693
1350771099,0.08282704,0.80608815,0.11108484
1350857382,0.24113902,0.22782274,0.53103817
1351036936,0.44242817,0.23839256,0.31917927
1351167515,0.33815944,0.36413062,0.29770997
1351183203,0.25211465,0.44710943,0.30077583
1351386890,0.24557516,0.2703569,0.484068
1351504968,0.33879825,0.333561,0.32764077
1351663061,0.4856459,0.2880984,0.22625574
1351666641,0.40775532,0.28142467,0.31082
1351728172,0.2916623,0.33944136,0.36889625
1351744298,0.058386765,0.05767369,0.8839395
1351770263,0.5958196,0.19911493,0.20506556
1351786489,0.21391562,0.5069111,0.27917325
1351788433,0.23508288,0.29817232,0.46674478
1351840584,0.2064256,0.23825954,0.55531484
1351892848,0.21502729,0.20054762,0.58442503
1351964649,0.54252493,0.17828356,0.27919152
1351985309,0.24124035,0.55513775,0.20362183
1352071229,0.41574436,0.28195736,0.30229825
1352232848,0.43349838,0.30928704,0.2572146
1352242357,0.49380645,0.26264822,0.24354537
1352336011,0.13206401,0.6976454,0.17029051
1352349749,0.41520527,0.28488556,0.2999091
1352510055,0.27776217,0.3250737,0.3971642
1352524649,0.22504897,0.30337068,0.47158036
1352565696,0.23759224,0.51197624,0.2504315
1352574937,0.22247063,0.21585216,0.56167716
1352652503,0.32494745,0.31673068,0.3583219
1352654066,0.2708675,0.40986472,0.31926772
1352725512,0.36700723,0.37367195,0.25932086
1352789354,0.5369975,0.25544825,0.20755427
1352806097,0.24876331,0.31980202,0.43143463
1352839830,0.5451516,0.23270932,0.22213916
1352919106,0.4493107,0.29491478,0.25577453
1353003322,0.3643981,0.37664813,0.25895372
1353098673,0.1555446,0.61669415,0.22776122
1353118422,0.5847894,0.18435974,0.23085083
1353134673,0.14575313,0.7009253,0.15332156
1353174532,0.293284,0.35880825,0.3479078
1353268922,0.2218995,0.52464,0.2534605
1353277271,0.28695464,0.41734278,0.29570267
1353311781,0.40576732,0.3095161,0.28471658
1353339291,0.43743783,0.30263636,0.2599258
1353339319,0.35767952,0.3484199,0.2939006
1353394411,0.28479773,0.35086796,0.36433437
1353405155,0.44995567,0.2766623,0.27338204
1353407978,0.16826963,0.19849494,0.63323545
1353421867,0.42576683,0.2613531,0.31288
1353753111,0.38337883,0.33272377,0.2838974
1353790481,0.3649979,0.35650945,0.27849266
1354083992,0.125681,0.742641,0.13167804
1354175560,0.30869973,0.40238208,0.28891817
1354191652,0.523774,0.23818143,0.23804449
1354260460,0.33455753,0.37761518,0.28782728
1354393027,0.37506,0.31457266,0.31036735
1354466660,0.2444228,0.43673944,0.31883785
1354543315,0.3041255,0.35115987,0.34471473
1354612716,0.48713037,0.25720152,0.25566807
1354733492,0.3304841,0.28713146,0.38238448
1354855047,0.21922511,0.4980227,0.2827522
1354957139,0.3481856,0.31439614,0.33741823
1354983657,0.525436,0.24477644,0.22978754
1355066200,0.73894864,0.11880684,0.14224456
1355079867,0.26474568,0.4336151,0.3016392
1355198692,0.55765146,0.23219512,0.21015336
1355245624,0.30349946,0.37109596,0.32540452
1355292852,0.19084847,0.187376,0.62177557
1355320625,0.22591658,0.20168485,0.57239854
1355326667,0.42158186,0.30782193,0.27059618
1355389626,0.09267215,0.104917996,0.8024099
1355397103,0.35094434,0.28906733,0.35998833
1355412389,0.60251087,0.19034691,0.2071423
1355470508,0.19801177,0.6279877,0.17400053
1355480656,0.09203181,0.7813823,0.12658586
1355575375,0.50784826,0.2233678,0.268784
1355798506,0.4601923,0.18856096,0.3512467
1355818701,0.3316749,0.35836774,0.30995736
1355859961,0.18692984,0.5358426,0.27722764
1356046198,0.13141222,0.121126994,0.7474608
1356117606,0.3837701,0.32388964,0.29234028
1356160412,0.34326398,0.34762058,0.30911544
1356359231,0.36998916,0.31627113,0.31373972
1356361415,0.41244197,0.31396183,0.2735962
1356522172,0.47326505,0.26845858,0.25827634
1356541894,0.32662442,0.3871149,0.28626072
1356727678,0.37886924,0.24299473,0.37813604
1356745313,0.32493004,0.2314708,0.44359913
1356855832,0.2756222,0.22527899,0.49909887
1356991321,0.20894687,0.21087733,0.5801758
1357009874,0.30064324,0.40206963,0.29728717
1357103461,0.39695933,0.28369716,0.31934357
1357139427,0.3767103,0.24305765,0.380232
1357152816,0.33368072,0.41055506,0.25576422
1357200205,0.25712493,0.40215433,0.3407207
1357390286,0.27860737,0.19469799,0.52669466
1357442109,0.35247922,0.39631298,0.25120783
1357448390,0.39788708,0.33975312,0.2623598
1357455531,0.30689344,0.4338148,0.2592917
1357655438,0.22404419,0.43591052,0.3400453
1357712980,0.6483516,0.16515104,0.18649736
1357737918,0.3917077,0.35008475,0.2582075
1357881952,0.43232867,0.28914234,0.27852905
1358160921,0.5309253,0.24349594,0.2255788
1358248949,0.34709573,0.3375106,0.31539375
1358381053,0.25623873,0.27487856,0.46888265
1358442968,0.31332925,0.33415616,0.35251454
1358469480,0.15600672,0.6707897,0.1732036
1358576949,0.28135654,0.28779125,0.43085226
1358637503,0.32303596,0.2742055,0.40275857
1358696276,0.2669478,0.4913242,0.24172804
1358809142,0.41862765,0.33392632,0.247446
1358889922,0.29473844,0.43796882,0.26729265
1358937087,0.2812979,0.22431172,0.49439043
1358958900,0.46560055,0.27036038,0.26403898
1358988479,0.38031384,0.23948461,0.38020155
1359118029,0.2854521,0.24236743,0.47218043
1359215871,0.11237957,0.10125919,0.7863613
1359292660,0.3791457,0.31701407,0.30384022
1359351860,0.33631775,0.2891969,0.37448534
1359364905,0.32785097,0.37597573,0.29617336
1359423408,0.38323864,0.32786128,0.2889001
1359434044,0.15946504,0.60581976,0.23471525
1359434641,0.39940223,0.32961404,0.2709838
1359485205,0.17877911,0.60604846,0.21517232
1359499132,0.21658553,0.20276037,0.58065414
1359503720,0.13894972,0.6856416,0.17540874
1359543246,0.29042962,0.3814023,0.32816812
1359632157,0.5341153,0.22369617,0.24218854
1359654569,0.3646991,0.2844135,0.35088748
1359663675,0.24799255,0.42193136,0.33007604
1359704361,0.47021863,0.29924268,0.23053874
1359820215,0.25671983,0.49286294,0.25041732
1359824581,0.34362373,0.27769327,0.37868303
1359866642,0.22184852,0.31080177,0.4673498
1359906785,0.2900661,0.4654957,0.24443811
1360124666,0.49353665,0.23749088,0.2689725
1360127393,0.076066956,0.0660953,0.85783774
1360358295,0.26255736,0.2788444,0.45859817
1360474143,0.6438295,0.1647137,0.19145681
1360599007,0.14714025,0.11194542,0.7409143
1360694269,0.3153644,0.36633405,0.31830153
1360856708,0.43022826,0.30449364,0.26527816
1360947759,0.5929327,0.21193857,0.19512874
1361007912,0.30179915,0.27027658,0.42792422
1361022238,0.26614952,0.43995517,0.2938952
1361160439,0.38298973,0.36197948,0.25503078
1361167972,0.7493902,0.09655112,0.15405862
1361199736,0.32901296,0.4218206,0.24916647
1361200216,0.2128181,0.5825797,0.2046022
1361251512,0.5069704,0.25956222,0.23346739
1361339214,0.38480207,0.30093852,0.31425944
1361351669,0.49843872,0.24913532,0.25242597
1361407764,0.3521299,0.33271566,0.3151544
1361410068,0.2594137,0.4798759,0.2607104
1361425402,0.39095533,0.34495354,0.2640911
1361515890,0.55329496,0.20906225,0.23764281
1361523952,0.45330414,0.31849504,0.22820085
1361633492,0.3647006,0.33552012,0.2997793
1361637600,0.10932636,0.7613549,0.12931867
1361647596,0.10003533,0.7794293,0.12053541
1361722392,0.1976786,0.17815807,0.6241633
1361825729,0.30756748,0.3325352,0.35989735
1362002413,0.23701431,0.21261956,0.55036604
1362019707,0.37893465,0.32678202,0.2942834
1362272523,0.36244977,0.36690542,0.27064478
1362338590,0.38105687,0.29782733,0.32111582
1362342387,0.2599936,0.44089043,0.29911602
1362605720,0.3890001,0.31033167,0.30066818
1362890960,0.5106996,0.1829404,0.30636
1362895301,0.53005683,0.24898644,0.22095677
1362945263,0.7855158,0.076308206,0.13817593
1363062490,0.20173852,0.5219979,0.27626356
1363099225,0.23072511,0.4943745,0.27490035
1363118024,0.4223675,0.27200252,0.30563
1363224626,0.42003095,0.2997702,0.28019878
1363445034,0.38635844,0.32523373,0.28840792
1363544693,0.7511667,0.10180563,0.14702775
1363559353,0.71684206,0.12583622,0.15732178
1363587149,0.13755117,0.13419943,0.7282493
1363707778,0.3198625,0.37458667,0.30555084
1363720614,0.36501437,0.35712877,0.27785686
1363739929,0.4304042,0.28248516,0.28711066
1363809692,0.22751962,0.4808845,0.29159585
1363826289,0.7150797,0.12991644,0.15500383
1364027594,0.41028523,0.3302033,0.25951144
1364099144,0.6028395,0.19954197,0.19761853
1364101318,0.3095835,0.2755068,0.41490978
1364209609,0.4832427,0.2576791,0.25907817
1364224988,0.5216361,0.25047436,0.22788951
1364306514,0.60277367,0.14482135,0.252405
1364479491,0.35966402,0.32869866,0.31163725
1364623382,0.564309,0.24301955,0.19267148
1364629972,0.22409011,0.31390312,0.46200678
1364634352,0.18506767,0.611714,0.20321833
1364669647,0.167087,0.62447256,0.20844041
1364690384,0.1097233,0.74704146,0.14323515
1364710980,0.33443213,0.3355362,0.33003166
1364713953,0.18806261,0.6169484,0.19498895
1364799134,0.3378392,0.4141554,0.24800548
1364968667,0.662972,0.16477862,0.17224945
1365086826,0.31844375,0.40297708,0.27857912
1365105112,0.20702492,0.22423664,0.56873846
1365152137,0.18287139,0.63816214,0.17896648
1365193563,0.52290773,0.238909,0.23818325
1365212412,0.30599073,0.4075192,0.28649014
1365214630,0.3859514,0.31504393,0.29900467
1365232163,0.47297144,0.3001389,0.22688968
1365261702,0.307887,0.36697116,0.32514182
1365275725,0.35765305,0.35774103,0.28460598
1365280092,0.2717742,0.46733922,0.26088664
1365285845,0.7965269,0.084403664,0.119069375
1365462534,0.5123241,0.21819247,0.26948348
1365538370,0.47679693,0.29481933,0.22838369
1365622443,0.2087394,0.580748,0.2105125
1365684454,0.3920588,0.32733855,0.28060272
1365740023,0.32986563,0.3504446,0.31968984
1365787044,0.42456076,0.2901827,0.28525648
1365791476,0.40931052,0.32769307,0.26299644
1365807678,0.24891503,0.2979333,0.45315167
1365819094,0.71996903,0.12028084,0.15975009
1365940587,0.46854025,0.2977261,0.23373368
1365946748,0.36936945,0.35666224,0.2739683
1366025183,0.21224628,0.4808091,0.30694464
1366051891,0.32535028,0.40542647,0.26922327
1366185382,0.09600735,0.092255056,0.81173766
1366257021,0.17854638,0.60317266,0.21828103
1366269031,0.28217334,0.32980317,0.38802356
1366313892,0.33996204,0.307818,0.35221997
1366344081,0.19161734,0.18049668,0.62788594
1366380150,0.31821987,0.33359453,0.3481855
1366441458,0.26201218,0.2914512,0.4465366
1366446533,0.43557182,0.32175624,0.2426719
1366464358,0.3513729,0.30093047,0.34769666
1366658583,0.54248375,0.23638897,0.22112729
1366940833,0.29925182,0.1554304,0.5453177
1367063253,0.21234794,0.5344044,0.25324765
1367132834,0.33089623,0.3296037,0.33950007
1367246996,0.2697332,0.4537417,0.27652514
1367439814,0.36652163,0.3476137,0.2858647
1367519457,0.09158866,0.078422815,0.82998854
1367533183,0.31315657,0.33207443,0.354769
1367565643,0.356032,0.279375,0.36459306
1367588397,0.11464953,0.7487724,0.13657805
1367642756,0.52509516,0.2421957,0.23270914
1367803584,0.33458874,0.42351744,0.2418939
1367803626,0.20922317,0.5383511,0.25242564
1367949282,0.24950683,0.54153115,0.20896202
1368014618,0.38369796,0.34660104,0.26970103
1368133136,0.0627999,0.83858895,0.09861122
1368203903,0.3743929,0.28165928,0.34394786
1368358577,0.15561412,0.1373886,0.70699733
1368510687,0.3534743,0.3019703,0.34455538
1368537694,0.5982594,0.19252533,0.20921525
1368727418,0.3471179,0.2943709,0.3585112
1368840348,0.14080405,0.13797173,0.72122425
1368921610,0.4855519,0.27431753,0.24013057
1369102574,0.36688527,0.3118268,0.3212879
1369126457,0.3798411,0.2602661,0.35989285
1369278644,0.67314166,0.14521615,0.18164219
1369304931,0.5421458,0.21569787,0.24215628
1369322842,0.29061198,0.42202443,0.28736365
1369436824,0.44400385,0.25773826,0.29825795
1369602624,0.34189534,0.33587968,0.32222497
1369624179,0.52857107,0.25100708,0.2204219
1369685454,0.31378376,0.4090236,0.27719256
1369689252,0.356952,0.3758861,0.267162
1369736016,0.32959378,0.34090427,0.329502
1369876600,0.25991398,0.4393142,0.3007718
1369876862,0.42946863,0.31598756,0.2545438
1369919504,0.6526326,0.16054572,0.18682168
1369949941,0.3637558,0.3242606,0.3119836
1369967538,0.50213236,0.2713748,0.22649288
1370105636,0.5156854,0.23198022,0.2523343
1370215186,0.30072036,0.2790958,0.42018378
1370270001,0.32413954,0.3185665,0.3572939
1370442197,0.27898216,0.32592893,0.39508882
1370635467,0.21619377,0.5009565,0.28284985
1370823547,0.3457176,0.30323204,0.35105035
1370850381,0.16653463,0.2362929,0.5971725
1370920761,0.39477384,0.33415368,0.27107245
1371024457,0.3179144,0.37228626,0.30979937
1371085016,0.35713646,0.3390267,0.30383688
1371311784,0.089517705,0.08882284,0.8216595
1371312578,0.3362326,0.3560651,0.30770233
1371433032,0.35038272,0.30321908,0.34639817
1371461791,0.34899768,0.25946626,0.3915361
1371514459,0.5133573,0.27363002,0.21301267
1371526703,0.2647757,0.26196608,0.47325823
1371570363,0.38531697,0.3128971,0.30178595
1371620459,0.3124013,0.35825682,0.3293418
1371703778,0.35173428,0.3560725,0.29219323
1371759082,0.40029877,0.3104726,0.28922865
1371799927,0.3698954,0.36702523,0.2630793
1371910286,0.11905872,0.7404101,0.14053114
1372046550,0.6027282,0.16834755,0.22892423
1372050018,0.24884246,0.254468,0.49668956
1372078772,0.35544965,0.29168814,0.35286218
1372172054,0.34453645,0.3418652,0.3135984
1372343019,0.22497444,0.51517504,0.25985047
1372383385,0.22751082,0.1806775,0.59181166
1372457336,0.31805837,0.37011063,0.311831
1372506436,0.29417485,0.36514306,0.34068218
1372545992,0.38810116,0.3139637,0.2979351
1372713324,0.35290647,0.30569142,0.34140208
1372713518,0.44510362,0.3225971,0.23229934
1372731951,0.45110995,0.28400406,0.264886
1372738709,0.31307268,0.37838686,0.3085405
1372784611,0.22873338,0.44422275,0.32704386
1372870539,0.36890224,0.30626565,0.3248321
1373118365,0.2676528,0.4363543,0.2959929
1373138184,0.105099045,0.76462555,0.13027546
1373153391,0.6177523,0.16033953,0.2219082
1373298244,0.18706745,0.5783198,0.23461284
1373323064,0.3214884,0.28436962,0.39414194
1373359616,0.27359778,0.3213233,0.40507895
1373361565,0.34899634,0.4374836,0.21352012
1373429891,0.22542007,0.51745695,0.25712302
1373475948,0.3239175,0.37244108,0.3036414
1373596537,0.38025168,0.3789667,0.24078171
1373702324,0.31658185,0.44569734,0.2377208
1373718902,0.46560094,0.29271647,0.24168263
1373761899,0.30416983,0.35249686,0.34333336
1373786765,0.36546993,0.22499871,0.40953133
1373882971,0.23611535,0.43688437,0.3270002
1374132196,0.40236968,0.29120526,0.30642512
1374197436,0.33675012,0.3354736,0.3277762
1374206336,0.59937155,0.19437245,0.206256
1374225581,0.46581444,0.25490728,0.27927828
1374252405,0.09868081,0.7881571,0.11316211
1374262526,0.2699003,0.17488758,0.5552122
1374278156,0.14963095,0.13842055,0.7119485
1374355269,0.051350795,0.87475187,0.073897295
1374449793,0.42078972,0.28230417,0.2969061
1374453894,0.111397006,0.745698,0.14290498
1374736198,0.7098549,0.11365476,0.17649034
1374758892,0.300041,0.364153,0.33580598
1374765523,0.33813334,0.3506461,0.31122056
1374766882,0.4452432,0.30685076,0.24790609
1374897084,0.3844628,0.3197164,0.29582077
1374998208,0.396009,0.34255323,0.2614378
1375087911,0.12795126,0.16541465,0.70663416
1375088356,0.17337587,0.6460007,0.18062355
1375168788,0.103285,0.7337872,0.1629278
1375290108,0.320504,0.3180443,0.36145172
1375332411,0.28874758,0.39548266,0.31576967
1375712417,0.6011151,0.20463419,0.19425072
1375815807,0.30692783,0.2305926,0.46247956
1375833661,0.37312803,0.33874243,0.2881296
1375887209,0.12626767,0.73832476,0.13540758
1375957715,0.3712175,0.3096753,0.31910717
1376002940,0.2785908,0.36925265,0.35215655
1376081398,0.36295033,0.34803116,0.28901854
1376120592,0.33134973,0.38059366,0.2880566
1376138468,0.20324996,0.1811845,0.61556554
1376139886,0.42827937,0.30887774,0.2628429
1376181302,0.2938457,0.3572924,0.34886187
1376238371,0.37969014,0.29860514,0.32170478
1376444207,0.5491782,0.19899744,0.25182438
1376450688,0.38294786,0.32404724,0.2930048
1376541121,0.32595724,0.30397886,0.3700639
1376591667,0.2882007,0.3248923,0.38690704
1376628358,0.12081991,0.7422658,0.13691425
1376805820,0.3758718,0.35247892,0.27164927
1376866371,0.2810125,0.32563612,0.39335138
1376973923,0.3649692,0.3099161,0.3251147
1377007320,0.46427387,0.30040586,0.23532018
1377093107,0.117711164,0.7484185,0.13387026
1377188079,0.6883218,0.14667287,0.16500525
1377211951,0.2710549,0.44410986,0.28483525
1377222510,0.13298023,0.6978979,0.16912183
1377319906,0.491542,0.24621977,0.26223817
1377353855,0.77279687,0.10077646,0.12642673
1377392116,0.16825518,0.64261603,0.1891288
1377440828,0.35417685,0.19796847,0.44785476
1377506550,0.28995782,0.29545712,0.41458502
1377514447,0.37240648,0.33970702,0.28788647
1377727363,0.45606902,0.31391445,0.23001656
1377736346,0.54231495,0.2026821,0.255003
1377907749,0.09990417,0.08999388,0.8101019
1377991435,0.2723635,0.3604865,0.36714998
1378221074,0.15092166,0.66170067,0.18737777
1378283437,0.34602046,0.34740347,0.30657604
1378305992,0.3043305,0.28461677,0.4110527
1378353646,0.3410316,0.29185432,0.367114
1378413659,0.39259124,0.29531187,0.31209683
1378477870,0.567993,0.20160991,0.23039714
1378553375,0.30842,0.3417785,0.34980145
1378679799,0.1451522,0.13933626,0.7155116
1378707040,0.26037735,0.31505886,0.4245637
1378730903,0.23495409,0.43628263,0.32876325
1378806288,0.22486542,0.4667268,0.3084077
1378834616,0.154212,0.1687862,0.6770018
1379085533,0.29853946,0.26947203,0.43198848
1379117522,0.32487914,0.26944122,0.40567964
1379238332,0.39180714,0.24886072,0.3593321
1379255720,0.11364811,0.69173044,0.19462143
1379345026,0.35905436,0.29826546,0.3426802
1379423973,0.42547235,0.2765766,0.29795095
1379455834,0.23240343,0.47446352,0.29313302
1379686272,0.539155,0.2349759,0.22586915
1379839810,0.5394002,0.24936141,0.2112384
1379872770,0.10212269,0.099561684,0.7983155
1379879097,0.2980517,0.38706204,0.31488624
1379923589,0.69314677,0.15302166,0.15383162
1380125976,0.58464175,0.22816202,0.18719631
1380174223,0.2321284,0.480117,0.28775454
1380212712,0.21274598,0.23939034,0.5478637
1380320360,0.66917574,0.15071762,0.1801066
1380342853,0.50420237,0.22267063,0.27312705
1380424796,0.553623,0.20597118,0.24040583
1380472670,0.20618421,0.2731585,0.52065724
1380723083,0.3155804,0.32444084,0.35997882
1380969369,0.44908443,0.26864982,0.28226575
1381005331,0.3413752,0.36543268,0.29319215
1381063356,0.32825744,0.36968532,0.3020572
1381162880,0.14148633,0.1414213,0.71709234
1381183667,0.22021236,0.54089516,0.2388925
1381224783,0.164332,0.162555,0.67311305
1381361920,0.5450984,0.22815202,0.22674952
1381380218,0.2253246,0.4307829,0.34389248
1381395223,0.15634117,0.16448745,0.6791714
1381471595,0.08454671,0.80377275,0.1116805
1381571216,0.40113238,0.3305256,0.26834205
1381596507,0.48053646,0.30413416,0.21532941
1381622363,0.26019943,0.4548951,0.2849055
1381629195,0.32036752,0.28154564,0.39808685
1381800546,0.2681611,0.2888886,0.44295037
1381852384,0.5328988,0.26694041,0.20016077
1381854934,0.16346349,0.15994373,0.6765928
1381913023,0.23399357,0.22378589,0.54222053
1381989362,0.21894662,0.20752582,0.5735275
1382062933,0.4402644,0.26417297,0.29556257
1382191981,0.37063885,0.28892398,0.3404372
1382241357,0.6179976,0.19725174,0.18475068
1382259273,0.10471893,0.11283308,0.78244793
1382285172,0.56307197,0.23177765,0.20515037
1382667243,0.27653044,0.3576658,0.36580378
1382685133,0.19304405,0.56059855,0.24635746
1382790397,0.33895108,0.38005552,0.28099343
1382836111,0.31337798,0.3451757,0.3414463
1383079961,0.64086854,0.18141235,0.17771901
1383093589,0.3687717,0.32978076,0.3014475
1383103329,0.23930964,0.25788283,0.5028075
1383316348,0.2244696,0.51926434,0.25626615
1383342697,0.42009032,0.3078103,0.27209938
1383371807,0.29131728,0.44294003,0.26574275
1383440897,0.21030578,0.4710236,0.31867063
1383441610,0.17203808,0.1935784,0.63438356
1383612884,0.16615538,0.20776339,0.6260813
1383673699,0.3327873,0.3184137,0.34879902
1383698196,0.31046382,0.4439691,0.24556704
1383733319,0.23412941,0.4274046,0.3384659
1383819396,0.28190836,0.13652109,0.58157057
1383882083,0.40579307,0.3622556,0.23195133
1383885599,0.23400411,0.47026408,0.29573187
1384086458,0.2168494,0.5492867,0.23386385
1384154033,0.34175107,0.314166,0.34408292
1384301483,0.33572587,0.406745,0.25752902
1384414325,0.5319008,0.2079897,0.2601095
1384446962,0.090279154,0.78987616,0.119844675
1384599808,0.197852,0.49000823,0.3121398
1384670250,0.24527206,0.5224694,0.23225853
1384708174,0.27613756,0.3002586,0.42360383
1385055371,0.21600954,0.34370244,0.44028798
1385062961,0.26166308,0.3874174,0.35091946
1385151673,0.29222187,0.36304495,0.34473315
1385191987,0.4972781,0.25640234,0.24631955
1385305704,0.32830834,0.37752318,0.29416853
1385328965,0.32055265,0.33292896,0.3465184
1385371007,0.36969718,0.28397372,0.34632903
1385438550,0.30603334,0.3315314,0.36243522
1385456715,0.33857265,0.38341767,0.27800974
1385519027,0.7065125,0.12450848,0.168979
1385548105,0.38958117,0.34256366,0.26785517
1385554312,0.47372845,0.28628904,0.23998252
1385621062,0.456078,0.23842895,0.30549303
1385708845,0.3533291,0.40505415,0.24161676
1385788959,0.14794542,0.118852355,0.73320216
1385906328,0.3258734,0.3636886,0.31043804
1385912508,0.46946248,0.2911963,0.23934121
1385935551,0.16604353,0.641499,0.19245754
1385960292,0.24571534,0.5134977,0.24078698
1386160930,0.49597913,0.2715235,0.23249736
1386174053,0.39182004,0.33765814,0.27052173
1386207179,0.6201839,0.1554386,0.22437751
1386474533,0.46283513,0.28271475,0.2544501
1386862104,0.37170437,0.36778563,0.26051003
1386892841,0.314026,0.37406406,0.3119099
1387021034,0.36728677,0.28003076,0.3526825
1387037457,0.50116205,0.2731635,0.22567447
1387075958,0.20632723,0.18894587,0.60472685
1387198269,0.24729715,0.48077157,0.27193135
1387212917,0.34343255,0.38288578,0.27368167
1387386267,0.14162524,0.7059442,0.15243061
1387494139,0.098936975,0.1036441,0.79741895
1387672484,0.2029704,0.18402936,0.6130003
1387710245,0.16437353,0.16188285,0.67374367
1387723024,0.41583335,0.31519735,0.2689693
1387749668,0.10185251,0.77855027,0.11959731
1387777340,0.38408792,0.3123775,0.30353454
1387802015,0.30879018,0.31537166,0.37583816
1387817526,0.2204728,0.5421788,0.23734836
1387822931,0.3216432,0.40252993,0.27582687
1387898471,0.6536426,0.14112757,0.20522982
1387962239,0.14102957,0.1351051,0.72386533
1388199580,0.36986765,0.3609185,0.2692139
1388215929,0.340125,0.38606873,0.27380624
1388235658,0.32599047,0.31384528,0.36016425
1388260361,0.38131443,0.34575844,0.2729271
1388327518,0.32867748,0.33525708,0.33606547
1388349971,0.17394614,0.18539725,0.64065665
1388367837,0.41184577,0.25271985,0.33543438
1388444603,0.37878513,0.29332408,0.32789075
1388499090,0.22388488,0.39243516,0.38367993
1388532581,0.41675043,0.24807759,0.33517194
1388563500,0.2886085,0.3334511,0.37794045
1388590318,0.55861145,0.23327196,0.20811659
1388635559,0.6315433,0.1933888,0.1750679
1388703915,0.3701424,0.36079022,0.26906744
1388752728,0.094166666,0.097159445,0.8086739
1388763840,0.451405,0.2877373,0.2608577
1388852853,0.43991432,0.26764885,0.29243693
1388869286,0.24477838,0.4260889,0.32913274
1388891897,0.5112924,0.17815168,0.31055596
1388916491,0.24778295,0.24281825,0.5093988
1389121302,0.24369264,0.48847383,0.26783344
1389175779,0.2894822,0.23468576,0.47583205
1389203250,0.07674331,0.8191636,0.1040931
1389324404,0.32457158,0.3502212,0.32520723
1389388289,0.38237745,0.2870092,0.33061332
1389420302,0.39598376,0.3200238,0.28399238
1389526596,0.38435662,0.34472492,0.27091843
1389555397,0.35715747,0.32922873,0.31361386
1389702873,0.18649545,0.6234994,0.19000517
1389761037,0.37423894,0.34373158,0.28202948
1389771253,0.55410445,0.2182369,0.22765864
1389833129,0.4051046,0.28566995,0.3092255
1389839332,0.09040618,0.07980912,0.8297847
1389982916,0.29628864,0.34444425,0.3592671
1389993673,0.20946743,0.21650383,0.57402873
1389996409,0.2832255,0.31938794,0.39738652
1390021705,0.22368647,0.20743611,0.5688774
1390058343,0.36613977,0.2543572,0.37950304
1390140583,0.31696054,0.3297328,0.35330668
1390173205,0.2628447,0.37948415,0.35767108
1390245807,0.1659365,0.6482949,0.18576866
1390262757,0.80786353,0.078959286,0.11317718
1390371900,0.68393433,0.14142029,0.17464538
1390402670,0.21893436,0.47111613,0.30994955
1390481895,0.2825349,0.3940119,0.32345322
1390493447,0.48856026,0.28534782,0.22609189
1390520637,0.30475283,0.42024592,0.2750012
1390586550,0.06571334,0.84183085,0.0924558
1390675075,0.2906864,0.39493677,0.3143768
1390682325,0.3835488,0.27668318,0.33976793
1390737462,0.3819143,0.32245556,0.29563022
1390859853,0.20868795,0.17693399,0.61437804
1390875319,0.30170986,0.4049344,0.2933557
1390997763,0.38800853,0.3367598,0.27523166
1390999847,0.3390057,0.37477258,0.28622177
1391020960,0.22720633,0.54154277,0.23125091
1391049455,0.46776783,0.3013976,0.23083459
1391123122,0.37950012,0.34169465,0.27880526
1391192374,0.26858383,0.45843777,0.27297837
1391235611,0.37248245,0.3405486,0.28696898
1391249935,0.39173254,0.3275992,0.2806682
1391284992,0.33477926,0.38957384,0.2756469
1391479423,0.17112756,0.6424438,0.18642864
1391489034,0.28608793,0.43555573,0.27835634
1391508231,0.2307304,0.2326817,0.5365879
1391544707,0.14851251,0.6779589,0.17352855
1391550068,0.34259203,0.3598551,0.29755285
1391846619,0.4001067,0.30792776,0.2919655
1391948810,0.26550728,0.24083188,0.49366078
1391984760,0.2185983,0.5675151,0.21388665
1392052816,0.5130231,0.253161,0.2338159
1392105266,0.2990297,0.35577142,0.3451988
1392137684,0.31836316,0.27642125,0.40521556
1392209547,0.4010838,0.3647189,0.23419729
1392226577,0.16830358,0.16503131,0.6666651
1392294259,0.4537256,0.31004503,0.23622939
1392334184,0.29144475,0.27486587,0.43368933
1392350283,0.15580104,0.6689777,0.17522132
1392665137,0.3137084,0.397113,0.28917858
1392697382,0.35105765,0.33510777,0.31383458
1392708666,0.3013881,0.3749401,0.32367185
1392728181,0.22291015,0.52433527,0.25275457
1392737564,0.2311793,0.5048045,0.26401618
1392788852,0.16539621,0.64761466,0.18698919
1392850145,0.31833696,0.28519124,0.39647183
1392861484,0.1948236,0.1935812,0.6115952
1392879960,0.17993307,0.19222668,0.6278402
1393082187,0.19636099,0.5800862,0.22355287
1393131655,0.38429847,0.33519354,0.28050795
1393150851,0.29902303,0.2913631,0.40961388
1393216869,0.24981049,0.41020265,0.33998686
1393294943,0.57208306,0.2067131,0.22120391
1393301925,0.33946168,0.35087496,0.30966341
1393332166,0.20816293,0.18516767,0.60666937
1393369450,0.60918766,0.19353941,0.19727285
1393453378,0.3547915,0.36547586,0.2797326
1393546074,0.7013361,0.1408422,0.15782173
1393665672,0.21111557,0.56097126,0.2279132
1393666410,0.31594416,0.34424993,0.3398059
1393713307,0.46553358,0.2702776,0.26418877
1393770185,0.1322355,0.7088728,0.15889171
1393770592,0.49343616,0.25568455,0.25087926
1393885138,0.42353916,0.33156526,0.24489567
1393910868,0.2920332,0.3265262,0.3814406
1393912780,0.775047,0.084510066,0.14044301
1394027934,0.35656893,0.36550373,0.27792734
1394197657,0.16393715,0.20271501,0.63334787
1394332158,0.18395649,0.5835535,0.23248999
1394372116,0.38746408,0.32164627,0.29088962
1394372783,0.27258727,0.2827931,0.44461963
1394383890,0.46302572,0.32817543,0.20879889
1394470149,0.41279033,0.34792876,0.23928092
1394472073,0.5559863,0.22715437,0.21685937
1394893882,0.46297047,0.29334024,0.2436894
1394987067,0.38115093,0.37426528,0.24458382
1395064630,0.22976282,0.52378505,0.24645211
1395149344,0.5606487,0.1869559,0.25239545
1395376174,0.29936716,0.4163104,0.28432253
1395405066,0.39534494,0.2838156,0.3208394
1395720449,0.42456368,0.321474,0.25396237
1395814015,0.20795302,0.47861585,0.31343108
1395814314,0.10560058,0.767168,0.12723145
1395914424,0.620969,0.19728516,0.1817458
1396132414,0.3946,0.33984244,0.26555756
1396184902,0.3378786,0.3308196,0.33130175
1396291716,0.20235607,0.42993993,0.36770397
1396340211,0.2995481,0.34238872,0.3580631
1396360807,0.39677668,0.2636045,0.33961883
1396403401,0.15295725,0.6823794,0.1646633
1396427428,0.07538432,0.06751815,0.8570976
1396435437,0.2760028,0.24539639,0.47860077
1396471416,0.6021084,0.15483269,0.24305892
1396535760,0.22747643,0.19855537,0.57396823
1396562178,0.19535267,0.2112746,0.5933728
1396586288,0.30437222,0.36272055,0.33290714
1396671661,0.26980522,0.26858255,0.46161214
1396766838,0.51445097,0.23514788,0.25040114
1396817700,0.35202703,0.32695654,0.32101637
1397024201,0.4534465,0.26501387,0.28153962
1397033328,0.21666865,0.47101656,0.3123148
1397165254,0.5104512,0.2586472,0.23090154
1397267815,0.09210178,0.09204074,0.8158575
1397391983,0.25986946,0.43695474,0.30317578
1397440601,0.31011721,0.3251759,0.36470693
1397575040,0.50400895,0.2198702,0.2761209
1397585358,0.32919937,0.32483834,0.3459622
1397633716,0.330394,0.33487746,0.33472857
1397685759,0.35383895,0.22568984,0.4204712
1397713062,0.37133723,0.2243759,0.40428686
1397736996,0.65845555,0.12295866,0.21858576
1397766259,0.22902973,0.47570908,0.29526126
1397801236,0.31326413,0.32104278,0.36569312
1397815785,0.2826653,0.37685055,0.34048417
1397820372,0.44326916,0.28594622,0.27078462
1397972502,0.3116124,0.33246773,0.3559198
1398294299,0.5619148,0.23396046,0.20412473
1398379091,0.20312096,0.6054026,0.19147648
1398402401,0.28092685,0.40617657,0.31289658
1398425146,0.36851844,0.297447,0.33403462
1398505432,0.4991775,0.20036882,0.3004537
1398516675,0.14404322,0.7000086,0.15594822
1398601871,0.72508264,0.099330075,0.1755873
1398892048,0.35205957,0.3823164,0.26562405
1398963070,0.18906637,0.33550963,0.47542405
1399038613,0.5657175,0.18567932,0.24860317
1399118561,0.4151068,0.34112117,0.24377196
1399179592,0.36376774,0.33577168,0.30046052
1399207456,0.25366613,0.50854367,0.23779023
1399212694,0.3718532,0.34374073,0.28440616
1399308027,0.33598125,0.32611606,0.3379026
1399548407,0.37283644,0.32632598,0.30083755
1399604564,0.3856373,0.33427957,0.28008315
1399781495,0.39320862,0.32255632,0.28423512
1399786270,0.31593674,0.30516827,0.378895
1399797650,0.15231098,0.14018136,0.7075076
1399825434,0.30074203,0.39862928,0.30062863
1399828751,0.29369506,0.382051,0.3242539
1399890296,0.5062011,0.23743935,0.25635955
1399999922,0.20318076,0.18099292,0.61582637
1400006593,0.45260456,0.28130752,0.26608795
1400019759,0.31399912,0.36621395,0.31978694
1400134100,0.51880324,0.2280236,0.2531732
1400186024,0.78284985,0.08784461,0.1293055
1400224931,0.32807538,0.34566358,0.32626104
1400253798,0.45030445,0.28674835,0.26294726
1400261150,0.25933725,0.30751595,0.43314677
1400342047,0.61119765,0.18800874,0.20079365
1400374774,0.31679946,0.39054745,0.29265308
1400437261,0.38383105,0.33096972,0.28519922
1400579835,0.5832455,0.20781799,0.20893654
1400587533,0.28710327,0.29837382,0.41452292
1400593666,0.3572084,0.26284042,0.37995115
1400640769,0.37507892,0.27134687,0.3535742
1400663003,0.31894922,0.2677403,0.41331047
1400695722,0.26028764,0.25054225,0.4891701
1400768435,0.34633565,0.30736434,0.3463
1400864005,0.3135075,0.37492082,0.31157175
1400931636,0.13738465,0.6910202,0.17159519
1400997982,0.5350547,0.16303691,0.3019084
1401073896,0.26341173,0.4690633,0.26752505
1401146477,0.1875728,0.21299218,0.59943503
1401159866,0.42885232,0.29253474,0.2786129
1401201675,0.547719,0.2221504,0.23013052
1401307085,0.3512955,0.32094046,0.327764
1401339621,0.12012587,0.73075676,0.1491174
1401407420,0.20584051,0.5662957,0.2278639
1401494497,0.23856412,0.23734482,0.52409106
1401683129,0.08837144,0.80221605,0.109412454
1401802131,0.10536121,0.09189005,0.80274874
1401827456,0.41394284,0.34096918,0.24508804
1401943697,0.36902684,0.37270638,0.2582667
1402064056,0.4080846,0.32188058,0.27003485
1402073117,0.3144918,0.45296606,0.23254214
1402271150,0.25874192,0.24917364,0.4920845
1402365571,0.378964,0.34642026,0.2746157
1402366185,0.37153015,0.34912986,0.27934006
1402376342,0.40175766,0.27175125,0.32649115
1402389420,0.14073344,0.116364725,0.7429018
1402391471,0.51942796,0.25056002,0.23001201
1402433250,0.19986731,0.31471896,0.48541364
1402504655,0.2658503,0.2260729,0.5080768
1402699423,0.5103724,0.24983907,0.23978858
1402902512,0.56655884,0.21872826,0.21471295
1402948402,0.38136402,0.30451304,0.31412295
1402949788,0.39494276,0.3426217,0.26243556
1403089014,0.24720466,0.23408394,0.5187114
1403204610,0.7257456,0.11507136,0.15918295
1403327321,0.31934074,0.3240076,0.3566517
1403380941,0.49714157,0.23496707,0.26789132
1403384460,0.2876992,0.22089541,0.49140543
1403427253,0.45294076,0.24960504,0.29745415
1403595657,0.27201232,0.22732383,0.5006639
1403644220,0.27835327,0.3726214,0.34902525
1403763143,0.4542648,0.28936705,0.25636822
1403902416,0.33160967,0.3507906,0.3175998
1404035663,0.30178323,0.3274689,0.3707479
1404053644,0.26000008,0.31681958,0.42318037
1404153349,0.18738137,0.57969946,0.2329192
1404163344,0.07720821,0.82356876,0.099223
1404258661,0.23361784,0.40331483,0.36306733
1404304939,0.48621956,0.23806468,0.27571574
1404483115,0.27150244,0.42086497,0.3076326
1404672215,0.2216364,0.36013302,0.41823062
1404938391,0.29041684,0.30478632,0.40479678
1405177760,0.39016864,0.35034963,0.25948164
1405201307,0.2487843,0.28588292,0.46533278
1405239571,0.10510425,0.7744953,0.120400466
1405347775,0.35445982,0.26878583,0.37675437
1405359044,0.34807318,0.35604316,0.29588372
1405413741,0.4447836,0.2878954,0.26732105
1405644566,0.41621286,0.28897968,0.29480743
1405650333,0.58891463,0.2090508,0.20203461
1405781589,0.31117064,0.43094954,0.25787985
1405965519,0.3485239,0.32703814,0.324438
1405973161,0.45483336,0.31059974,0.23456688
1406229150,0.2161259,0.34885174,0.43502235
1406269506,0.5214794,0.21118392,0.26733673
1406272189,0.21753994,0.500728,0.28173208
1406341563,0.24229081,0.33684307,0.4208661
1406377201,0.116831794,0.69260037,0.1905679
1406395675,0.32027,0.31682757,0.36290246
1406424749,0.27089232,0.3571791,0.37192857
1406597033,0.22099774,0.5174957,0.2615066
1406691554,0.14213952,0.1093472,0.7485133
1406693141,0.37230456,0.3536694,0.274026
1406694580,0.09430831,0.78195053,0.12374117
1406725272,0.4503507,0.25885528,0.29079404
1406827873,0.26109812,0.27867615,0.46022567
1406829456,0.50401473,0.22223881,0.2737464
1406861093,0.22327623,0.5139681,0.26275566
1406862971,0.43537816,0.30940667,0.25521517
1406927163,0.14806485,0.6531839,0.19875123
1407028432,0.46083853,0.22642115,0.31274036
1407068706,0.2038339,0.4784407,0.31772536
1407097238,0.12389254,0.72401637,0.15209106
1407114011,0.27853435,0.30395627,0.4175094
1407228058,0.2058917,0.5776952,0.21641314
1407307160,0.31507638,0.3190031,0.36592045
1407408316,0.5053136,0.26059136,0.23409507
1407513357,0.17104115,0.6321514,0.19680746
1407607738,0.33092493,0.31482378,0.35425133
1407649224,0.32740125,0.3117805,0.3608183
1407659950,0.3626564,0.3406925,0.2966511
1407684887,0.2400292,0.21135977,0.5486111
1407923596,0.36619562,0.35302088,0.2807835
1408143495,0.16676019,0.64550805,0.18773179
1408151365,0.1413065,0.12536307,0.7333304
1408173802,0.35240462,0.29533893,0.35225645
1408279353,0.30745247,0.27951667,0.4130308
1408332737,0.3089865,0.3962119,0.2948016
1408343105,0.2733819,0.4225806,0.3040375
1408353040,0.65169805,0.15924709,0.18905488
1408356137,0.2195391,0.2002806,0.5801802
1408395083,0.11031055,0.76465917,0.12503028
1408535252,0.34746027,0.35921985,0.2933199
1408581463,0.43282476,0.28349912,0.28367606
1408614180,0.4269569,0.31718984,0.25585335
1408700611,0.4740208,0.3264113,0.19956784
1408733107,0.38558385,0.28829697,0.32611918
1408841287,0.31763223,0.31410086,0.36826685
1408912893,0.2700196,0.38562945,0.344351
1409033412,0.67245406,0.14468493,0.18286107
1409180353,0.3181501,0.3428237,0.33902627
1409211183,0.2068916,0.58625835,0.20685005
1409228309,0.38034624,0.35205626,0.2675975
1409375268,0.7671095,0.10022741,0.1326631
1409461872,0.21409242,0.19011144,0.5957961
1409529590,0.31030437,0.4313286,0.258367
1409628720,0.11287174,0.11466933,0.7724589
1409658822,0.23921783,0.47160658,0.2891755
1409690310,0.25392276,0.3554062,0.39067107
1409775840,0.46976113,0.25916022,0.27107865
1409840576,0.4262009,0.3079515,0.26584762
1409867806,0.19733332,0.57556754,0.22709912
1409910141,0.18094695,0.51896864,0.3000844
1409938623,0.55376804,0.19942534,0.2468066
1410097361,0.4646813,0.2541025,0.28121617
1410106325,0.3605321,0.3511462,0.2883217
1410177206,0.35641158,0.36900538,0.2745831
1410349541,0.4142761,0.314401,0.27132294
1410555104,0.44543073,0.30317003,0.2513993
1410650699,0.3532466,0.3044391,0.34231427
1410706180,0.32859197,0.35779488,0.31361312
1410804470,0.29849738,0.26662004,0.4348826
1410956625,0.49912754,0.2622399,0.23863252
1411097149,0.4420487,0.32303783,0.23491347
1411139094,0.17832021,0.27031866,0.55136114
1411153915,0.1026147,0.77796495,0.11942035
1411188531,0.5139332,0.18359387,0.30247292
1411230948,0.29566398,0.376647,0.32768905
1411251756,0.20868759,0.23414001,0.55717236
1411583417,0.45220378,0.31520885,0.23258732
1411597873,0.29099214,0.30738956,0.4016183
1411768221,0.2802383,0.25381905,0.46594277
1411822936,0.20925194,0.21926403,0.571484
1412029220,0.120741986,0.12588252,0.7533754
1412032810,0.46439123,0.296305,0.23930378
1412036166,0.23138767,0.4614171,0.30719525
1412087126,0.17393972,0.62056875,0.20549159
1412161272,0.3604297,0.25655612,0.38301417
1412320610,0.26676118,0.36601415,0.3672247
1412363938,0.222136,0.24886109,0.52900296
1412403014,0.40275025,0.35877457,0.23847511
1412437124,0.24779332,0.1751182,0.5770885
1412448287,0.43450156,0.27654228,0.28895617
1412652609,0.8080602,0.0724735,0.11946621
1412692063,0.6396341,0.1515823,0.20878363
1412769985,0.48776898,0.27747807,0.2347529
1412779511,0.25650114,0.29669097,0.4468079
1412867663,0.33048666,0.3331325,0.3363809
1412983904,0.511797,0.2746265,0.21357657
1412985524,0.26842237,0.45455447,0.2770232
1413001075,0.52221787,0.26138654,0.21639557
1413125504,0.24792323,0.4793877,0.27268898
1413209912,0.15017746,0.13382785,0.71599466
1413238063,0.31343225,0.21797168,0.4685961
1413281898,0.3231149,0.31311014,0.36377487
1413334459,0.454765,0.28622857,0.25900647
1413373334,0.40095466,0.31225145,0.28679395
1413513734,0.4131258,0.30301052,0.2838636
1413663068,0.3977875,0.33919796,0.26301458
1413670660,0.2868817,0.3429127,0.3702056
1413744772,0.34546515,0.33272356,0.32181135
1413747691,0.23033363,0.22874397,0.54092246
1413833246,0.46805036,0.27101567,0.26093403
1413969072,0.24133427,0.4164296,0.34223616
1414036390,0.22635019,0.21711951,0.5565303
1414064927,0.52245957,0.23802777,0.23951268
1414125483,0.2068806,0.25030118,0.5428181
1414215305,0.42295113,0.30796936,0.26907954
1414253281,0.24382629,0.44773778,0.30843598
1414257811,0.31779775,0.2905652,0.39163706
1414322238,0.28376636,0.41178164,0.304452
1414367496,0.20903432,0.3795891,0.41137657
1414374374,0.23078036,0.52160287,0.24761672
1414459140,0.15598907,0.16411452,0.6798964
1414611051,0.16541359,0.6266051,0.20798135
1414765255,0.4203197,0.26248464,0.31719565
1414828450,0.39022335,0.38793144,0.22184522
1414977918,0.22771662,0.5120884,0.26019496
1415251431,0.3501722,0.37532702,0.2745008
1415328808,0.27505,0.33756608,0.3873839
1415548931,0.1445164,0.6566506,0.19883302
1415549578,0.4338566,0.29523847,0.27090487
1415561991,0.29063672,0.27707297,0.43229032
1415607931,0.56154567,0.22699235,0.21146198
1415806400,0.46103504,0.26701346,0.27195156
1415841234,0.22691955,0.16759485,0.60548556
1415873606,0.15110344,0.6888519,0.16004473
1415941304,0.2492097,0.32612813,0.42466214
1415964419,0.27034768,0.29409897,0.43555337
1416030202,0.27020884,0.41346502,0.31632617
1416426355,0.27315864,0.43393075,0.29291055
1416531481,0.33076558,0.31352055,0.35571387
1416547998,0.66695577,0.14698625,0.18605801
1416604253,0.2942155,0.2896973,0.41608718
1416627236,0.3722088,0.34213805,0.2856532
1416674908,0.1595942,0.63732773,0.203078
1416713501,0.27329835,0.42997864,0.29672313
1416824250,0.19220577,0.53082305,0.27697122
1416848801,0.38514456,0.39118138,0.22367397
1416917671,0.34959537,0.33616036,0.31424424
1416987693,0.57256734,0.20588937,0.22154327
1416989232,0.18340918,0.54129326,0.2752976
1417027237,0.16537614,0.14102866,0.6935952
1417038659,0.3776307,0.41784167,0.20452756
1417123276,0.21017309,0.5581567,0.23167022
1417169032,0.116986394,0.13385454,0.7491591
1417313726,0.267131,0.28420046,0.44866845
1417394534,0.3702023,0.3548032,0.2749945
1417458607,0.23353305,0.42419314,0.3422737
1417505395,0.3847861,0.374132,0.24108195
1417506157,0.5851783,0.20184673,0.21297497
1417558861,0.36175632,0.35532644,0.28291726
1417712717,0.22529511,0.19381188,0.58089304
1417763187,0.37068477,0.35813257,0.2711827
1417775022,0.21680859,0.49203742,0.29115394
1417877520,0.39139122,0.3107463,0.29786244
1417908666,0.21632217,0.2268392,0.55683863
1417928463,0.40159804,0.29820326,0.30019867
1417944884,0.23910773,0.29735306,0.4635392
1417963978,0.35746405,0.30522493,0.33731103
1418087452,0.28255716,0.3863488,0.33109406
1418111729,0.32118744,0.30857736,0.37023517
1418138977,0.46376473,0.27836403,0.25787118
1418154107,0.52811885,0.26879382,0.20308729
1418216387,0.39497072,0.17487843,0.43015087
1418241740,0.2718582,0.35271677,0.3754251
1418251813,0.65118223,0.12590688,0.22291082
1418523779,0.16637619,0.6580222,0.17560162
1418584730,0.21598984,0.43189675,0.3521134
1418603127,0.18789527,0.56023806,0.25186664
1418621230,0.70186174,0.1318403,0.16629794
1418637553,0.41930938,0.3218993,0.25879127
1418779531,0.21895316,0.4653668,0.31568
1418817543,0.20551734,0.5287345,0.26574814
1419017695,0.3428958,0.38295975,0.27414435
1419037010,0.16490448,0.6074634,0.22763212
1419135428,0.17574684,0.1841946,0.6400586
1419172742,0.5877698,0.20134778,0.21088247
1419304876,0.4255651,0.16544628,0.4089886
1419391644,0.3028789,0.37276408,0.32435697
1419555734,0.44304994,0.3010795,0.25587064
1419583301,0.39772952,0.3169523,0.2853182
1419665824,0.46212843,0.28968042,0.24819115
1419701384,0.22818902,0.3707739,0.40103713
1419727615,0.3642517,0.28637776,0.34937057
1419862961,0.21301469,0.55944216,0.22754316
1419883522,0.50650686,0.24560598,0.24788718
1419883694,0.3224211,0.36598027,0.31159863
1419900378,0.62738097,0.16928607,0.20333299
1419931148,0.35867372,0.30647323,0.33485305
1420282552,0.6406725,0.17353477,0.18579273
1420284504,0.2558524,0.4326109,0.31153673
1420307543,0.38411343,0.32417226,0.29171425
1420312090,0.45340014,0.31695098,0.22964893
1420331269,0.14781371,0.13647683,0.7157095
1420458467,0.38092938,0.34661946,0.27245122
1420462735,0.2610416,0.26860684,0.4703515
1420494169,0.2433106,0.32364678,0.43304268
1420670414,0.33773512,0.32620627,0.33605868
1420679926,0.33234194,0.3584444,0.3092137
1420915505,0.3697244,0.31581894,0.31445667
1421069299,0.3051052,0.40064263,0.29425225
1421092665,0.35465038,0.32282075,0.32252884
1421114857,0.27043915,0.37842074,0.35114005
1421153566,0.4503561,0.29813808,0.25150588
1421221820,0.34334671,0.35852987,0.2981234
1421277509,0.14459665,0.7017016,0.15370172
1421340164,0.1834161,0.6189845,0.1975994
1421354214,0.280853,0.39657423,0.32257268
1421600217,0.2901673,0.33314702,0.37668568
1421660520,0.12049385,0.1742248,0.70528144
1421801469,0.24691467,0.25222597,0.50085944
1421805369,0.35771644,0.34673366,0.2955499
1421832505,0.18006596,0.53030854,0.28962553
1421864021,0.32874492,0.29523343,0.37602162
1421951356,0.32484287,0.4197337,0.2554235
1421976493,0.37800583,0.24189685,0.38009724
1421985055,0.17684408,0.2179578,0.60519814
1422266323,0.08904768,0.81077325,0.10017905
1422295689,0.30077782,0.37933016,0.31989196
1422308035,0.16594374,0.21705215,0.6170041
1422367383,0.39408287,0.35984173,0.2460754
1422410442,0.21737584,0.21652536,0.56609875
1422466746,0.13549377,0.13026889,0.73423725
1422698064,0.3429666,0.35092303,0.30611038
1422932421,0.23209378,0.44238892,0.32551736
1423057514,0.3242803,0.33450156,0.3412181
1423240450,0.3077153,0.30575934,0.38652533
1423250591,0.35342374,0.32603404,0.3205422
1423256846,0.7229907,0.11895604,0.15805328
1423293474,0.19125204,0.16796416,0.64078385
1423300056,0.3377842,0.34157842,0.3206374
1423343971,0.32156506,0.39284134,0.28559354
1423356515,0.34485814,0.28828958,0.36685228
1423487404,0.261744,0.28415993,0.45409614
1423691433,0.10545024,0.7705133,0.124036476
1423697164,0.50531673,0.18563792,0.3090454
1423748019,0.35734698,0.38105726,0.26159576
1423778615,0.29185995,0.35256955,0.35557047
1423789262,0.13362226,0.71239364,0.1539841
1423800173,0.3587712,0.33538365,0.3058452
1423805405,0.7074299,0.12777951,0.16479063
1423873186,0.69754344,0.12421651,0.17824003
1423892450,0.37564787,0.32197642,0.3023757
1423911658,0.26338792,0.3552092,0.38140294
1423915872,0.14835414,0.70125437,0.15039152
1424053608,0.27536651,0.4421926,0.28244087
1424112235,0.15917595,0.6006682,0.24015582
1424271115,0.27223408,0.35423836,0.3735276
1424318370,0.5070879,0.2545273,0.23838477
1424360742,0.15266569,0.6420857,0.20524865
1424386744,0.52872515,0.17057048,0.30070436
1424404514,0.12827855,0.118743174,0.75297827
1424530625,0.25697625,0.36259803,0.38042572
1424545320,0.23841375,0.24025549,0.5213308
1424630854,0.5090613,0.22349207,0.26744667
1424672477,0.20535432,0.18213826,0.61250734
1424741644,0.081422314,0.81643534,0.10214229
1424772732,0.45827478,0.26784283,0.27388242
1424985834,0.31830537,0.3631975,0.3184971
1425100014,0.30295613,0.32628027,0.3707636
1425183902,0.25632998,0.27644098,0.46722907
1425252073,0.4158116,0.3405768,0.2436116
1425276265,0.5511538,0.23759934,0.21124683
1425276848,0.120048776,0.7221415,0.15780967
1425296441,0.33760783,0.31143382,0.3509584
1425474739,0.15078746,0.6670098,0.18220276
1425548304,0.29324263,0.3864006,0.32035682
1425711336,0.43188426,0.31413153,0.2539842
1425717849,0.31466654,0.30864915,0.3766843
1425743288,0.29373473,0.29432195,0.4119433
1425824350,0.73926073,0.11407864,0.14666066
1425853503,0.51979506,0.17396833,0.30623662
1425868378,0.4611309,0.27338374,0.26548538
1425978461,0.37436125,0.31176051,0.3138783
1425993325,0.26998934,0.33662206,0.39338863
1425998353,0.735754,0.12319963,0.14104642
1426087157,0.14890146,0.6670649,0.18403359
1426211643,0.23656614,0.5199284,0.24350552
1426353338,0.33993083,0.35955253,0.3005167
1426442280,0.14906363,0.6740112,0.17692526
1426489552,0.73985296,0.11601426,0.1441328
1426628373,0.4493833,0.24908751,0.30152926
1426730936,0.23409048,0.4336369,0.33227262
1426772748,0.29113987,0.41356862,0.29529157
1426776603,0.28182605,0.15282403,0.56534994
1426815370,0.5052111,0.26665246,0.22813646
1426865377,0.34318814,0.33450174,0.3223101
1426974466,0.24062698,0.24300212,0.51637095
1427018813,0.806175,0.08164052,0.11218446
1427188231,0.20057175,0.19073343,0.6086948
1427291432,0.21220484,0.1979885,0.5898067
1427409317,0.360671,0.32555044,0.3137786
1427477512,0.2882348,0.31918997,0.39257526
1427489505,0.3173173,0.42983085,0.2528518
1427573411,0.21890438,0.5372614,0.24383418
1427813073,0.25099805,0.28282467,0.46617737
1427830231,0.25374898,0.466377,0.27987406
1427979009,0.45623824,0.2861139,0.2576479
1427995444,0.3041172,0.3993554,0.29652745
1428044543,0.14561324,0.68828803,0.16609873
1428096975,0.49616963,0.29305282,0.21077757
1428143548,0.15575202,0.59068996,0.25355804
1428159031,0.14013724,0.7034774,0.15638539
1428166073,0.15376994,0.14569174,0.7005384
1428179316,0.36323068,0.3663015,0.27046782
1428323133,0.31454876,0.32893452,0.35651672
1428328520,0.38816524,0.31772867,0.29410607
1428357178,0.2150504,0.49495628,0.28999335
1428464001,0.42760783,0.31417397,0.2582182
1428694254,0.5292293,0.23315999,0.23761068
1428763053,0.17853525,0.45445684,0.36700788
1428895715,0.39240244,0.27393246,0.3336651
1428972820,0.42431185,0.33317685,0.24251121
1429170227,0.26113203,0.2298002,0.5090678
1429194601,0.39099136,0.28588712,0.3231215
1429272560,0.30759788,0.3271632,0.3652389
1429298084,0.40151584,0.3620449,0.23643924
1429306681,0.4531675,0.33281943,0.21401307
1429343475,0.35492328,0.17361629,0.4714605
1429431626,0.3562579,0.28793076,0.35581136
1429660037,0.6729033,0.15010409,0.17699264
1429712936,0.446586,0.25407174,0.29934227
1429742157,0.55819386,0.24395005,0.1978561
1429744998,0.08392689,0.8105661,0.105507
1429783071,0.36404714,0.2874034,0.34854943
1429833978,0.30886817,0.29720873,0.39392304
1429843729,0.37018904,0.32281345,0.30699745
1429854161,0.7167813,0.091575444,0.19164328
1429867107,0.0928716,0.0831239,0.8240045
1429905856,0.37672135,0.29043162,0.332847
1429990576,0.4984655,0.27379984,0.22773464
1430037269,0.47633326,0.26597837,0.25768837
1430061953,0.3343344,0.3321294,0.33353615
1430237296,0.30835545,0.3347423,0.35690224
1430269838,0.31577244,0.34821206,0.3360156
1430380609,0.31190196,0.41327524,0.27482283
1430393993,0.31692964,0.38458675,0.29848364
1430591288,0.2787451,0.24497096,0.47628394
1430675901,0.37001222,0.30168077,0.32830694
1430706633,0.14796299,0.11214482,0.73989224
1430720762,0.32966578,0.39474022,0.27559397
1430759000,0.4939781,0.25416303,0.2518589
1430803906,0.22928223,0.47543073,0.29528713
1430947451,0.3605258,0.37428242,0.2651918
1430961175,0.3118043,0.2299503,0.4582454
1431149709,0.25927663,0.40336347,0.33735994
1431194633,0.6923145,0.13130562,0.17637981
1431244268,0.2279409,0.5058099,0.2662492
1431426828,0.24271467,0.45704344,0.30024183
1431462641,0.3271592,0.31937754,0.35346326
1431495504,0.26271713,0.23955652,0.49772638
1431561240,0.3147386,0.4008192,0.2844422
1431593157,0.40608427,0.29406574,0.29984993
1431613453,0.37411755,0.29510865,0.33077383
1431888365,0.27937436,0.29043067,0.43019494
1431937265,0.2435311,0.23177405,0.52469486
1432032997,0.47770235,0.2903218,0.23197584
1432094757,0.4753055,0.3002201,0.22447442
1432169830,0.37286714,0.35809112,0.26904172
1432320829,0.2196176,0.49477994,0.2856025
1432420641,0.32224163,0.37166458,0.3060938
1432426958,0.3130268,0.42537192,0.2616013
1432430879,0.17633885,0.17434363,0.64931756
1432443034,0.23073189,0.2408557,0.5284124
1432482766,0.3610544,0.29988185,0.33906376
1432509592,0.34273905,0.38390496,0.27335602
1432525514,0.3187886,0.33069384,0.35051763
1432720212,0.34259826,0.20915155,0.44825014
1432729181,0.25511414,0.37184983,0.37303603
1432791243,0.30510172,0.31718263,0.37771568
1432828603,0.7289723,0.10697825,0.16404945
1432993472,0.10129638,0.76099724,0.13770632
1433021456,0.70240897,0.14275898,0.15483212
1433112707,0.15933304,0.15364042,0.6870265
1433151637,0.16440414,0.17321557,0.6623802
1433195148,0.37156236,0.3616807,0.26675695
1433329773,0.2888155,0.41261727,0.2985673
1433431585,0.2652393,0.38142905,0.35333166
1433442868,0.17692752,0.5923144,0.23075806
1433499660,0.16231786,0.65170413,0.18597797
1433502355,0.31463978,0.37301037,0.31234986
1433574411,0.23141462,0.27940506,0.4891804
1433690120,0.20771128,0.22359978,0.568689
1433752265,0.45762858,0.2689099,0.27346155
1433853630,0.34593484,0.35343432,0.30063087
1433968841,0.20322303,0.2531467,0.54363024
1434022910,0.42418474,0.22333083,0.35248446
1434045348,0.31141657,0.3800396,0.30854377
1434086091,0.3128372,0.39222342,0.29493934
1434326768,0.38208744,0.35782355,0.260089
1434404372,0.42385846,0.33244985,0.24369162
1434435996,0.5469751,0.23996788,0.21305707
1434446562,0.27444768,0.3336191,0.39193314
1434576734,0.39479458,0.29492956,0.31027582
1434577192,0.47692743,0.2636006,0.2594719
1434703282,0.30798066,0.31844008,0.37357923
1434791306,0.7407355,0.09938611,0.1598784
1434827997,0.32843098,0.34378695,0.32778212
1434862334,0.36945635,0.2972903,0.3332533
1434910009,0.2667475,0.40565506,0.32759744
1434990173,0.19860412,0.48208115,0.31931478
1434992319,0.1272143,0.117876194,0.7549096
1434992725,0.29587048,0.42509797,0.2790315
1435059722,0.25708342,0.4284974,0.31441918
1435074108,0.47225505,0.25935948,0.26838544
1435184130,0.36652353,0.36020312,0.27327338
1435200927,0.2245263,0.2725746,0.502899
1435265479,0.08572025,0.81263244,0.10164724
1435304873,0.3249245,0.334629,0.34044647
1435527197,0.2874976,0.42389286,0.28860956
1435579233,0.4322888,0.30068722,0.26702398
1435650370,0.33749083,0.2257781,0.43673107
1435713681,0.5508099,0.22309457,0.2260955
1435856484,0.32916555,0.27527,0.3955645
1435898196,0.4287995,0.3121654,0.2590351
1436082146,0.36402518,0.35355458,0.2824202
1436275158,0.25776675,0.30403617,0.43819708
1436296641,0.31471077,0.4205637,0.26472557
1436548192,0.73366,0.12007303,0.14626698
1436566226,0.14071648,0.64883435,0.21044914
1436610218,0.36765575,0.38940978,0.24293451
1436611893,0.21185169,0.469882,0.31826633
1436631749,0.07422751,0.8312385,0.09453392
1436857961,0.38394392,0.332717,0.28333905
1436887470,0.38838947,0.34668738,0.2649232
1436917573,0.36625198,0.2959317,0.33781636
1436924124,0.35950357,0.34062818,0.29986823
1437077538,0.619506,0.17354211,0.20695193
1437181218,0.354919,0.26304522,0.38203582
1437259090,0.15951735,0.611725,0.22875765
1437272536,0.26018572,0.24945721,0.49035707
1437321354,0.22916588,0.25561234,0.5152217
1437350757,0.32809216,0.25865868,0.4132492
1437355647,0.45656002,0.26511765,0.27832234
1437410638,0.32348153,0.33263603,0.34388244
1437425186,0.2565984,0.4060018,0.33739975
1437446456,0.7194649,0.094467804,0.18606734
1437491031,0.4129229,0.3266442,0.26043293
1437586926,0.5235295,0.2385044,0.23796608
1437617240,0.26946157,0.45120198,0.27933642
1437774850,0.30784947,0.41276678,0.2793839
1437845351,0.31936237,0.23638421,0.4442534
1437919999,0.5507323,0.22526653,0.22400112
1438041905,0.38954547,0.31920958,0.29124492
1438128121,0.3870903,0.3066556,0.3062542
1438182873,0.3079922,0.33200502,0.3600028
1438347181,0.32684797,0.3172533,0.35589874
1438353194,0.4125124,0.26065856,0.32682908
1438434643,0.27375963,0.29354027,0.43270016
1438485079,0.45547822,0.26725268,0.27726912
1438486745,0.09006858,0.078109704,0.8318217
1438613970,0.15709749,0.16543435,0.6774682
1438627570,0.4310824,0.28866017,0.2802575
1438992867,0.39547345,0.2601705,0.3443561
1439127472,0.25489938,0.2936338,0.45146686
1439152664,0.12355044,0.7410948,0.13535471
1439172174,0.38358548,0.31494144,0.30147302
1439208676,0.37947145,0.31721818,0.3033104
1439290553,0.22474693,0.50054634,0.27470684
1439338953,0.5112029,0.21289067,0.27590644
1439374665,0.3584951,0.3107312,0.33077368
1439394013,0.14467913,0.15660912,0.69871175
1439397573,0.31520513,0.42911902,0.2556759
1439501696,0.25222486,0.26778826,0.47998688
1439541777,0.37513104,0.31874025,0.3061287
1439568664,0.10836114,0.76749694,0.12414189
1439658989,0.13379064,0.7043376,0.1618718
1439782499,0.47852013,0.1872209,0.33425894
1439818115,0.17786808,0.63319385,0.18893805
1439856525,0.12707093,0.7492961,0.12363289
1439909253,0.3235145,0.35152864,0.32495692
1440122963,0.58501095,0.17290764,0.24208136
1440155085,0.32336068,0.28476962,0.39186972
1440168522,0.19363768,0.61960644,0.18675585
1440198907,0.15258686,0.5551907,0.2922224
1440282830,0.3887019,0.34121886,0.27007928
1440362807,0.13894184,0.70769304,0.1533652
1440554360,0.25025824,0.35228083,0.3974609
1440567911,0.40639126,0.32075265,0.27285606
1440801039,0.17094474,0.6462664,0.18278885
1440911235,0.28507137,0.35145044,0.3634782
1440955951,0.42193758,0.31262285,0.2654396
1440958322,0.46065587,0.27121428,0.2681299
1441056888,0.39615384,0.33128446,0.27256173
1441099138,0.18304296,0.6035542,0.21340284
1441137584,0.37594736,0.24920963,0.374843
1441148538,0.27119392,0.36983833,0.35896772
1441173111,0.7208378,0.12530975,0.15385243
1441304087,0.18910657,0.5816446,0.22924887
1441336513,0.27702293,0.3674149,0.35556224
1441391609,0.36937478,0.2993971,0.33122802
1441494860,0.09359215,0.08268611,0.8237217
1441511750,0.3198326,0.3149319,0.36523548
1441540958,0.2607883,0.30624095,0.4329708
1441836179,0.24031876,0.22239152,0.5372897
1441870881,0.40373558,0.31432816,0.2819362
1441882765,0.32168773,0.42348006,0.25483218
1442127966,0.3746461,0.3347501,0.29060385
1442253796,0.15108186,0.15284684,0.6960713
1442256199,0.3476897,0.377644,0.2746663
1442260472,0.29131067,0.22194023,0.4867491
1442290195,0.308794,0.43937337,0.25183263
1442561220,0.315662,0.35842878,0.32590923
1442635458,0.20827205,0.19859469,0.5931333
1442711069,0.3712596,0.34995803,0.2787824
1442900979,0.17302121,0.18558322,0.64139557
1443005806,0.43370187,0.3225779,0.24372025
1443024288,0.3630754,0.35929015,0.2776345
1443032341,0.40107995,0.33310184,0.26581827
1443084227,0.32509324,0.3244824,0.35042435
1443273729,0.40896085,0.29188368,0.29915556
1443285141,0.2682755,0.36520502,0.36651948
1443321183,0.27221164,0.27938503,0.4484033
1443328735,0.5405958,0.23472868,0.22467546
1443375222,0.43404683,0.33142868,0.23452443
1443429842,0.27167657,0.3652491,0.36307436
1443442512,0.2521775,0.3023221,0.44550037
1443654087,0.13981596,0.705945,0.15423904
1443674568,0.15226462,0.16429934,0.6834361
1443710886,0.31952557,0.32753888,0.35293564
1443727237,0.19337052,0.6149072,0.19172235
1443729346,0.32978386,0.33819267,0.33202347
1443768734,0.19992533,0.55725694,0.2428177
1443802372,0.22245087,0.4722759,0.3052732
1443818593,0.36431676,0.4077668,0.22791643
1443860815,0.5234844,0.24536248,0.23115312
1444070294,0.22105695,0.15021831,0.6287247
1444109002,0.37078944,0.35053205,0.27867854
1444121979,0.37905854,0.31763038,0.3033111
1444137248,0.26233986,0.43297967,0.3046804
1444145906,0.29544002,0.3159873,0.38857266
1444157431,0.32020676,0.20303147,0.47676176
1444176443,0.40650126,0.3063038,0.2871949
1444188270,0.75996006,0.0952012,0.14483875
1444219431,0.12677027,0.112787925,0.7604418
1444315865,0.23802502,0.17048864,0.5914864
1444706883,0.12722486,0.73095673,0.1418184
1444942191,0.16226545,0.16637996,0.67135453
1444948224,0.11724596,0.6997658,0.18298815
1445013422,0.33258796,0.2909463,0.3764658
1445120144,0.40056744,0.2798953,0.3195373
1445183180,0.23873873,0.44728804,0.31397322
1445274516,0.33496985,0.40590602,0.2591241
1445380273,0.4410071,0.29406673,0.26492614
1445382271,0.38667846,0.34274688,0.27057466
1445423520,0.19860794,0.64168715,0.15970491
1445591795,0.7451941,0.11072314,0.14408283
1445652686,0.24099047,0.48369008,0.2753194
1445683855,0.096916266,0.76905364,0.13403012
1445703996,0.441038,0.30008122,0.25888073
1445813076,0.23947354,0.25775746,0.502769
1446000452,0.46819383,0.2951595,0.23664665
1446006553,0.26597714,0.49201247,0.24201038
1446022858,0.28741795,0.30509257,0.40748948
1446059185,0.3725096,0.3252555,0.30223486
1446129524,0.36928502,0.37560195,0.25511312
1446186481,0.24066174,0.3819589,0.37737936
1446277750,0.60905814,0.17858571,0.21235609
1446418148,0.1115685,0.7655826,0.122848906
1446455294,0.2405548,0.46207076,0.29737452
1446619243,0.22177629,0.21904708,0.5591766
1446716783,0.2207521,0.40384474,0.37540326
1446823475,0.38849005,0.25053972,0.36097026
1446852302,0.21062918,0.1776455,0.61172533
1446934935,0.28257564,0.5036838,0.21374056
1446946826,0.2104471,0.54337907,0.24617377
1447051362,0.5400424,0.22683743,0.23312016
1447053421,0.29236585,0.38086206,0.3267721
1447166509,0.37170175,0.339173,0.28912526
1447185385,0.20838568,0.18720524,0.6044091
1447191243,0.2197175,0.2821034,0.49817917
1447212806,0.45406875,0.29857156,0.24735962
1447237864,0.28578466,0.43675572,0.27745962
1447285983,0.20805377,0.1908799,0.60106635
1447286920,0.13834807,0.6946524,0.16699956
1447385104,0.24441878,0.39130884,0.36427242
1447394467,0.6639332,0.15277499,0.18329181
1447424533,0.45598394,0.2650679,0.2789481
1447444197,0.42402488,0.30357203,0.27240303
1447468192,0.29589188,0.26689416,0.43721396
1447522962,0.33735272,0.32313952,0.33950767
1447577427,0.28191376,0.31391233,0.40417388
1447587465,0.24358518,0.30886918,0.44754556
1447732913,0.4424205,0.22211249,0.33546695
1447791269,0.36319923,0.34946397,0.28733674
1447804766,0.49977526,0.26831716,0.23190759
1447852109,0.38369033,0.32027477,0.29603484
1447852204,0.33380425,0.3005803,0.3656154
1447867415,0.73045564,0.11459491,0.15494941
1447896805,0.30200338,0.44258046,0.25541627
1447959071,0.34433714,0.32373092,0.3319319
1447998484,0.2927469,0.3986276,0.30862546
1448004269,0.47303346,0.2465597,0.2804068
1448104672,0.32826772,0.3378127,0.33391964
1448205571,0.27939627,0.4310501,0.28955367
1448239683,0.22246757,0.41989532,0.35763705
1448249306,0.33196172,0.29632077,0.3717175
1448266458,0.42995048,0.33721593,0.2328336
1448274582,0.34748217,0.2733455,0.37917233
1448304107,0.3864475,0.3618011,0.25175136
1448396868,0.7383024,0.103802346,0.1578952
1448401925,0.47189683,0.2167461,0.31135702
1448434031,0.099007644,0.775029,0.12596332
1448468165,0.22769532,0.4914607,0.28084403
1448506714,0.34136254,0.40061763,0.25801983
1448719568,0.18798466,0.18522204,0.6267933
1448844633,0.2735896,0.45850864,0.26790172
1448901255,0.35506022,0.28303388,0.3619059
1448944105,0.10130562,0.7739255,0.12476891
1448964072,0.46548,0.30218592,0.23233403
1449016169,0.10316281,0.7792986,0.1175386
1449026692,0.4551668,0.33318722,0.211646
1449076100,0.29558292,0.3296398,0.3747773
1449087308,0.36294678,0.30236018,0.33469307
1449197224,0.19435753,0.53934515,0.2662973
1449295660,0.409315,0.32251242,0.26817253
1449550731,0.15573178,0.64514995,0.19911827
1449576650,0.312322,0.37241092,0.3152671
1449610040,0.15322849,0.6472902,0.19948131
1449631259,0.50100327,0.27520564,0.22379117
1449653728,0.40122637,0.3528805,0.24589312
1449669209,0.35411528,0.3324119,0.3134728
1449784621,0.3287583,0.32986704,0.34137464
1449844063,0.30797347,0.3721396,0.31988695
1449933742,0.3094848,0.37790117,0.31261402
1449995580,0.3175397,0.36046487,0.32199544
1449998502,0.33907402,0.32102406,0.33990198
1450028060,0.1958836,0.16210131,0.64201504
1450448437,0.32379618,0.3959176,0.2802862
1450470352,0.30019122,0.38408786,0.31572092
1450518347,0.3061493,0.4164408,0.27740988
1450520175,0.2631241,0.29419723,0.4426787
1450521040,0.3655329,0.4209949,0.21347219
1450647967,0.59496874,0.21558683,0.18944444
1450866992,0.2382818,0.3493274,0.4123908
1450871500,0.12982075,0.72550744,0.14467181
1450932934,0.527259,0.24712035,0.22562064
1451017107,0.39334995,0.37031612,0.23633388
1451152380,0.39090493,0.27672538,0.33236974
1451341376,0.56552947,0.17286953,0.26160106
1451458914,0.15950379,0.13048194,0.7100143
1451514040,0.11183617,0.76383287,0.12433103
1451545611,0.24952841,0.22446842,0.5260032
1451597310,0.14982474,0.12014394,0.7300313
1451602441,0.27843657,0.28468585,0.43687758
1451648057,0.4738838,0.2966359,0.22948028
1451681485,0.5327707,0.2205006,0.24672873
1451694464,0.5994843,0.19066449,0.20985119
1451922783,0.40277594,0.32094264,0.27628145
1451930406,0.23290114,0.48317593,0.28392288
1452099658,0.18555832,0.5792247,0.23521698
1452124973,0.09524095,0.0979029,0.80685616
1452140874,0.31559217,0.39332718,0.29108065
1452271188,0.52439266,0.24743527,0.22817202
1452304381,0.34218356,0.3908502,0.26696625
1452306259,0.24421054,0.43139675,0.3243928
1452408656,0.42529655,0.18466519,0.39003828
1452455106,0.2043538,0.5100247,0.2856215
1452605611,0.21835473,0.44298723,0.33865806
1452635414,0.41803604,0.3252635,0.25670046
1452666494,0.3841157,0.33123064,0.28465372
1452805160,0.14975204,0.6610226,0.18922536
1452935039,0.24462861,0.5039289,0.25144243
1452941756,0.10718143,0.771871,0.12094764
1452953620,0.28506094,0.3403866,0.37455246
1453014744,0.37133282,0.3406885,0.2879787
1453020441,0.28949353,0.45698258,0.25352398
1453172489,0.25539935,0.16948266,0.575118
1453275667,0.45969963,0.2988397,0.2414607
1453410688,0.3104729,0.23837583,0.4511513
1453500703,0.12573491,0.12462718,0.74963784
1453782649,0.3548136,0.33389693,0.31128952
1453890739,0.10023834,0.09917121,0.8005905
1453922989,0.5449663,0.18723029,0.2678034
1453945940,0.21395577,0.54150695,0.24453728
1453966150,0.19028975,0.19301161,0.61669856
1454065805,0.37154657,0.3759053,0.2525482
1454155465,0.2844493,0.335283,0.38026765
1454292919,0.4504336,0.28191447,0.26765192
1454674653,0.33628753,0.3915397,0.2721728
1454675642,0.30212507,0.39567712,0.30219778
1454676323,0.53978604,0.23438562,0.22582828
1454683520,0.1578785,0.14563787,0.6964836
1454749780,0.48053586,0.27003554,0.24942859
1454812018,0.16675809,0.6536642,0.17957775
1454905096,0.3270041,0.34327608,0.3297198
1454959116,0.46315777,0.28529936,0.25154284
1454993109,0.11538839,0.72095865,0.16365288
1454998671,0.51896584,0.25445858,0.2265756
1455101204,0.37680015,0.33039105,0.29280886
1455124015,0.15307543,0.12143513,0.7254894
1455161464,0.24246028,0.26409036,0.49344933
1455170812,0.3866184,0.32174918,0.29163238
1455276491,0.4013139,0.3223513,0.2763348
1455343712,0.3424542,0.34024304,0.3173028
1455390930,0.12269231,0.736061,0.1412467
1455428622,0.2515388,0.49986425,0.24859689
1455473686,0.32895276,0.3296988,0.3413484
1455479887,0.72620803,0.11917889,0.1546131
1455517700,0.15473053,0.6666893,0.17858016
1455596688,0.42670932,0.31699824,0.2562924
1455597957,0.2568655,0.3429673,0.40016717
1455606913,0.10823286,0.14013469,0.75163245
1455687882,0.35526553,0.30955306,0.33518144
1455757891,0.2808113,0.21106043,0.5081282
1455766910,0.27265778,0.49402785,0.23331429
1455801967,0.13426308,0.71606714,0.14966984
1456004514,0.26723897,0.34343323,0.38932773
1456028759,0.16395599,0.6493482,0.18669581
1456186013,0.6174808,0.19123927,0.19127996
1456229078,0.28383866,0.32249302,0.39366826
1456324792,0.39783353,0.3173985,0.28476796
1456456190,0.23650678,0.2602819,0.5032114
1456500989,0.4576226,0.29253706,0.24984036
1456586760,0.21820612,0.5316704,0.25012347
1456599378,0.36165792,0.38965473,0.24868734
1456709068,0.2348568,0.2398082,0.525335
1456804775,0.36678323,0.384024,0.24919279
1456938572,0.3409681,0.41827688,0.24075499
1456993998,0.22365667,0.45465705,0.32168624
1457195518,0.35567036,0.36240694,0.28192276
1457201321,0.3582055,0.33217663,0.3096179
1457220335,0.28715158,0.41211143,0.30073702
1457231314,0.24076624,0.42550436,0.33372942
1457237917,0.22954217,0.54808307,0.2223748
1457370254,0.70362735,0.12891798,0.16745466
1457428626,0.27757263,0.38465294,0.3377745
1457475845,0.2858959,0.4232417,0.29086244
1457489961,0.19670345,0.55834097,0.24495555
1457562864,0.3468486,0.3632618,0.28988966
1457575965,0.24268319,0.47005495,0.28726187
1457576449,0.34344715,0.36149752,0.29505533
1457778041,0.22556624,0.53936505,0.2350687
1457808206,0.16309735,0.14533679,0.69156593
1457810821,0.14650863,0.6734733,0.18001816
1457986634,0.29269725,0.3462136,0.3610891
1458215415,0.28106755,0.3222838,0.39664865
1458217979,0.60770273,0.19114643,0.20115091
1458233838,0.3605211,0.31582665,0.3236523
1458259549,0.14308828,0.14887409,0.7080377
1458284684,0.44976595,0.2952508,0.25498328
1458343383,0.2658759,0.46175942,0.2723647
1458360622,0.3090173,0.47005928,0.22092335
1458376709,0.35344157,0.33726057,0.3092979
1458412720,0.19001633,0.1537793,0.6562044
1458448200,0.30139306,0.37279803,0.3258089
1458569591,0.057102,0.85344136,0.08945667
1458722598,0.54996705,0.2363937,0.2136392
1458726906,0.25962684,0.49645087,0.24392235
1458803002,0.5155993,0.22604117,0.25835955
1459028427,0.40200135,0.2821797,0.31581894
1459091276,0.20116504,0.43095297,0.36788207
1459114057,0.18669239,0.6158462,0.19746134
1459531399,0.4121318,0.33033854,0.2575296
1459600663,0.5541504,0.20677659,0.239073
1459641443,0.3058307,0.38574627,0.308423
1459897848,0.29906917,0.35641214,0.34451872
1460011774,0.24712768,0.39690846,0.35596386
1460030713,0.67604053,0.15163228,0.17232719
1460111897,0.44145063,0.31108868,0.24746071
1460120830,0.18390976,0.20182331,0.61426693
1460223481,0.29697797,0.42584863,0.27717343
1460515574,0.11984065,0.7376874,0.14247192
1460763692,0.2009143,0.5765085,0.22257724
1460777313,0.36794734,0.2697887,0.36226386
1460820187,0.4654497,0.2890122,0.24553816
1460930535,0.20652196,0.5301509,0.26332715
1460966532,0.25956792,0.27720612,0.46322596
1461058523,0.4186196,0.318927,0.26245338
1461069229,0.26426864,0.39514965,0.34058174
1461105030,0.2318975,0.23506594,0.5330366
1461107858,0.6917848,0.13171431,0.17650083
1461302100,0.5444864,0.25443682,0.20107675
1461351531,0.38256973,0.34781715,0.26961318
1461438052,0.24661225,0.3513488,0.402039
1461606875,0.42223352,0.3258235,0.25194302
1461607431,0.35784706,0.34722728,0.29492566
1461725677,0.44294316,0.28961888,0.26743796
1461801004,0.5485604,0.23100889,0.22043075
1461803093,0.52042025,0.20313048,0.27644935
1461831098,0.39965618,0.2981972,0.30214667
1461982918,0.19532852,0.5616974,0.2429741
1462183596,0.34515747,0.36733148,0.28751108
1462308585,0.2955639,0.42215022,0.28228587
1462400563,0.23573095,0.5060324,0.25823665
1462439817,0.28569207,0.41436365,0.29994434
1462573751,0.4602833,0.32264394,0.21707276
1462665238,0.5091681,0.2197144,0.2711175
1462822892,0.3594614,0.3653095,0.27522913
1462856338,0.3101379,0.41779873,0.27206343
1462920557,0.09656847,0.77898836,0.12444309
1462937526,0.5463924,0.22542661,0.22818102
1463103549,0.35832697,0.35020036,0.29147264
1463226054,0.14424065,0.7032908,0.15246856
1463238106,0.49962366,0.26392362,0.23645273
1463241444,0.315997,0.33204734,0.35195568
1463310747,0.23799603,0.5555634,0.20644055
1463363777,0.33745626,0.39115825,0.27138543
1463408806,0.34163457,0.34917867,0.30918685
1463538653,0.26768434,0.41125754,0.32105818
1463555532,0.41737524,0.34604692,0.2365778
1463691562,0.46179873,0.29720604,0.24099524
1463741748,0.20671813,0.13167001,0.6616118
1463842068,0.1140721,0.11791151,0.76801634
1464173919,0.29182813,0.43322447,0.27494732
1464313188,0.25274855,0.43653446,0.310717
1464314579,0.50493926,0.27081707,0.22424364
1464325571,0.12042999,0.7121967,0.16737333
1464423400,0.09368251,0.08863314,0.81768435
1464441625,0.2675399,0.4602737,0.27218637
1464645516,0.34131068,0.4119451,0.24674423
1464698232,0.24553369,0.2379199,0.5165464
1464755661,0.31251654,0.30569604,0.3817874
1464833182,0.3590176,0.39152423,0.24945813
1464839546,0.24522059,0.4261528,0.32862657
1464850086,0.1942784,0.22599788,0.5797238
1464876285,0.39974883,0.25983503,0.34041607
1464889236,0.27401015,0.4094088,0.316581
1464981528,0.45090634,0.3310447,0.218049
1464989400,0.3568801,0.33871672,0.30440325
1465145020,0.15991785,0.6689925,0.17108971
1465195501,0.21806596,0.5334703,0.24846373
1465271516,0.5664121,0.17445849,0.25912946
1465276384,0.2905701,0.31748176,0.39194813
1465290540,0.2773623,0.30132887,0.42130885
1465323109,0.39242575,0.34548143,0.26209286
1465325584,0.32778558,0.3141357,0.35807875
1465472990,0.56989753,0.18784836,0.2422541
1465557184,0.2945127,0.32128006,0.38420728
1465598380,0.42206636,0.3593,0.21863365
1465789912,0.47197616,0.30448636,0.22353742
1465790708,0.19660053,0.58294356,0.22045599
1466131665,0.4854781,0.2655896,0.24893233
1466165862,0.23562714,0.51187235,0.25250047
1466222115,0.30936676,0.41445634,0.27617693
1466245725,0.25440666,0.5557473,0.18984605
1466334250,0.25751537,0.22094986,0.5215348
1466392803,0.29558918,0.40027004,0.3041408
1466405986,0.2654633,0.34640816,0.38812852
1466521585,0.44627002,0.3332641,0.22046588
1466547692,0.39388648,0.32309097,0.2830226
1466560776,0.501923,0.27361253,0.22446448
1466612810,0.31317928,0.3409712,0.34584954
1466741693,0.3143144,0.3832457,0.30243987
1466835436,0.37640852,0.39388335,0.2297081
1466995205,0.15284857,0.6563901,0.19076136
1467136925,0.21963261,0.50440717,0.27596024
1467158055,0.3400934,0.33857316,0.3213334
1467194255,0.21664861,0.30949274,0.4738586
1467274378,0.64409286,0.16322841,0.19267876
1467428834,0.24062145,0.39734754,0.36203104
1467738484,0.20074661,0.17979588,0.6194575
1467868124,0.38031122,0.3313169,0.2883719
1467910517,0.1182378,0.73666406,0.14509812
1467910916,0.5574575,0.21707189,0.22547059
1467929109,0.45308712,0.310653,0.23625986
1467936994,0.3503387,0.35002986,0.2996314
1468013589,0.08871343,0.7922466,0.11904001
1468083829,0.51558244,0.23555984,0.24885777
1468117969,0.5754895,0.24282797,0.18168247
1468190282,0.10698969,0.10157299,0.7914373
1468217140,0.5933769,0.2103587,0.19626442
1468236178,0.4442443,0.24306552,0.31269014
1468451882,0.33276108,0.3990518,0.2681871
1468530338,0.08759527,0.08889144,0.8235133
1468624709,0.42513955,0.26579756,0.3090629
1468683192,0.29608396,0.3961678,0.30774826
1468824610,0.3254354,0.36102661,0.31353796
1468837828,0.39259848,0.346585,0.26081645
1468963550,0.3423612,0.37510934,0.28252932
1469163634,0.1828456,0.62793124,0.18922319
1469352417,0.1960634,0.17968164,0.62425494
1469579917,0.35379606,0.31928527,0.32691863
1469662202,0.4507359,0.26129916,0.2879649
1469693662,0.29269323,0.26648244,0.4408243
1469798461,0.55858016,0.21676984,0.22464998
1469905239,0.28000015,0.43505433,0.28494546
1469926157,0.16466658,0.6651788,0.17015472
1469997254,0.3770076,0.35092452,0.27206784
1470001672,0.111637615,0.105947785,0.7824146
1470008425,0.22887854,0.41196102,0.35916048
1470135466,0.34733775,0.38429698,0.2683653
1470179272,0.08015024,0.8191448,0.100704946
1470262618,0.32021537,0.33006874,0.34971583
1470358638,0.38871947,0.31505764,0.29622295
1470505657,0.5961106,0.1814938,0.22239561
1470529293,0.6698255,0.14610969,0.18406479
1470536757,0.22542985,0.48386317,0.2907069
1470573700,0.2369496,0.57508636,0.18796407
1470582129,0.43211967,0.27864078,0.28923953
1470632360,0.5332233,0.23707703,0.22969966
1470853639,0.3719292,0.3101887,0.3178821
1470858439,0.34060973,0.34713763,0.3122526
1470942814,0.39449897,0.30688727,0.2986138
1471073707,0.40005925,0.34400997,0.25593075
1471074014,0.38556603,0.32246572,0.2919683
1471132823,0.46696728,0.22840926,0.30462345
1471139289,0.34121972,0.31577286,0.34300742
1471265874,0.40380365,0.3303864,0.26580998
1471268624,0.39310104,0.3118352,0.29506376
1471273241,0.17415333,0.18244654,0.6434001
1471365560,0.7669025,0.10465536,0.12844214
1471434093,0.6154056,0.16641788,0.21817653
1471474809,0.51615095,0.24733114,0.2365179
1471525304,0.101679616,0.10468136,0.793639
1471543805,0.2406719,0.30270725,0.4566209
1471563669,0.21503448,0.4970452,0.28792033
1471628453,0.24044196,0.27107027,0.48848772
1471678715,0.21934219,0.49471343,0.28594452
1471695906,0.11833258,0.12544745,0.75622004
1471713571,0.4731312,0.29948792,0.22738081
1471831526,0.47438663,0.27325085,0.2523625
1471931601,0.3336803,0.38122094,0.2850988
1471950276,0.40289003,0.31373522,0.28337473
1472005738,0.42841756,0.3087802,0.2628022
1472051998,0.33286324,0.310457,0.3566798
1472189638,0.13270767,0.7184679,0.14882438
1472264995,0.24835512,0.42688823,0.32475668
1472353401,0.15676121,0.15338345,0.6898553
1472356212,0.21566139,0.54401857,0.24032006
1472454750,0.36148095,0.33476537,0.3037537
1472479800,0.45950457,0.27347454,0.26702085
1472483847,0.479883,0.26481247,0.25530452
1472549789,0.25068998,0.23378813,0.51552194
1472576981,0.25015107,0.47604197,0.2738069
1472614161,0.37170047,0.30975318,0.31854635
1472643897,0.3487242,0.41918334,0.23209259
1472698280,0.35288805,0.32750916,0.31960282
1472832402,0.30649805,0.35482296,0.33867905
1472865337,0.33522516,0.34328273,0.32149217
1472926704,0.5561499,0.19361277,0.25023735
1472942520,0.6435606,0.18306625,0.17337313
1473031259,0.4790662,0.29558617,0.22534758
1473082325,0.79824954,0.07621835,0.12553215
1473158736,0.62959784,0.16571592,0.20468628
1473218627,0.21303673,0.18557769,0.6013856
1473352218,0.19983141,0.5736019,0.22656669
1473441771,0.18650463,0.57297057,0.24052478
1473492501,0.31564125,0.4272884,0.25707033
1473497966,0.24549356,0.24130176,0.5132047
1473551948,0.21331519,0.5265638,0.260121
1473556591,0.3964385,0.29833797,0.30522352
1473676317,0.07399193,0.8295834,0.09642467
1473730148,0.19473965,0.56849945,0.2367609
1473753913,0.5111552,0.27827284,0.21057191
1473760067,0.57226974,0.22322552,0.20450479
1473923033,0.17965513,0.57620656,0.24413827
1473937061,0.18301867,0.62602055,0.19096082
1474115426,0.33295634,0.3065328,0.3605109
1474143082,0.45903704,0.31549397,0.225469
1474277259,0.39229327,0.32454786,0.2831589
1474314415,0.35654566,0.36547607,0.27797827
1474329832,0.3148882,0.37899014,0.30612165
1474418969,0.21822222,0.52360797,0.2581698
1474468008,0.10136283,0.100002006,0.7986351
1474536973,0.33032572,0.40037328,0.26930097
1474622758,0.25426868,0.25739777,0.48833352
1474891450,0.8504662,0.056642484,0.092891335
1474918659,0.29986566,0.29472014,0.40541416
1474982314,0.33166727,0.23794048,0.43039232
1475002576,0.3410326,0.4592307,0.19973673
1475156380,0.22291064,0.54908746,0.22800194
1475190582,0.44584548,0.31265897,0.24149555
1475227311,0.32623798,0.3168014,0.3569606
1475346356,0.36729968,0.28259858,0.35010177
1475377205,0.24680994,0.27510393,0.4780861
1475414909,0.37478745,0.28734344,0.33786914
1475428984,0.24221751,0.4481126,0.30966988
1475497466,0.34394985,0.24255604,0.4134941
1475666594,0.28432798,0.3492011,0.36647084
1475698410,0.26885268,0.4098218,0.3213255
1475714846,0.33793813,0.34941518,0.31264672
1475805146,0.7307817,0.09522363,0.1739947
1475813571,0.31675968,0.38154858,0.30169177
1475826790,0.29355222,0.32840785,0.37803987
1476020733,0.75702,0.11740636,0.1255736
1476216165,0.35386807,0.3269949,0.31913713
1476256679,0.34591913,0.37672916,0.27735165
1476431807,0.27805507,0.36426863,0.35767633
1476446078,0.6313743,0.1827288,0.18589692
1476454327,0.30421418,0.36670107,0.32908475
1476506854,0.7527093,0.10591537,0.14137538
1476510112,0.27180824,0.4337079,0.2944838
1476537456,0.1797947,0.62688816,0.19331716
1476558039,0.32325372,0.25346532,0.4232809
1476697387,0.43250316,0.3015398,0.26595703
1476702277,0.6756861,0.14963706,0.17467685
1476729719,0.34774578,0.28988945,0.36236483
1476756914,0.55629855,0.20106664,0.24263486
1476795362,0.3713715,0.31820345,0.31042507
1476805311,0.08361117,0.8062809,0.11010787
1476818143,0.29535475,0.38598034,0.3186649
1476896310,0.39232093,0.35226065,0.25541833
1476967817,0.36400306,0.37435284,0.2616441
1476988458,0.11447027,0.10351285,0.7820169
1477166316,0.19110954,0.20228769,0.6066027
1477181263,0.4290275,0.3003085,0.27066398
1477204544,0.26033953,0.4410126,0.29864785
1477254658,0.34751707,0.36024082,0.29224217
1477326277,0.184447,0.20994422,0.6056087
1477405162,0.24900235,0.34919047,0.40180713
1477474706,0.48362225,0.29535258,0.22102515
1477517505,0.2729356,0.28215185,0.4449125
1477669199,0.3478766,0.4024612,0.24966218
1477685182,0.44811696,0.28090033,0.2709827
1477751980,0.3135046,0.2935106,0.3929848
1477789027,0.31438524,0.16789736,0.51771736
1477821668,0.4122709,0.31020132,0.27752772
1477883264,0.48263198,0.28801617,0.22935185
1477904549,0.279547,0.40466702,0.3157859
1478080480,0.29238892,0.4772745,0.23033658
1478108047,0.154475,0.2155684,0.6299566
1478250634,0.655408,0.17508823,0.16950375
1478360078,0.3150914,0.31433424,0.37057433
1478432692,0.41796938,0.2927393,0.28929126
1478625468,0.23725465,0.5258693,0.23687609
1478645220,0.27960432,0.4324674,0.28792834
1478669098,0.43023735,0.32008874,0.24967383
1478735511,0.44033223,0.31360415,0.24606365
1478841605,0.4574962,0.22513425,0.3173696
1478912929,0.1642892,0.65606064,0.1796501
1478990035,0.2521444,0.45028323,0.29757243
1479017887,0.19566768,0.5620595,0.24227284
1479037571,0.52005655,0.21376944,0.26617396
1479232751,0.20868008,0.24597563,0.54534435
1479293673,0.18680887,0.50939965,0.30379143
1479319046,0.81101775,0.07584873,0.11313349
1479445704,0.34249628,0.2361345,0.4213691
1479503347,0.45090905,0.30356482,0.24552618
1479532136,0.34627223,0.3200228,0.33370498
1479781022,0.38240302,0.38375178,0.23384519
1479796282,0.26567426,0.25082308,0.48350275
1479797018,0.29175082,0.33195245,0.3762967
1480096307,0.41816983,0.3394698,0.2423604
1480202930,0.33520648,0.25075632,0.41403714
1480223808,0.30649805,0.35482296,0.33867905
1480304353,0.5577696,0.2176226,0.22460786
1480312704,0.34117317,0.25244316,0.4063836
1480338630,0.36216015,0.36259887,0.27524102
1480395000,0.30658895,0.39427978,0.29913133
1480496966,0.39198202,0.37403643,0.23398158
1480630717,0.44726136,0.28586227,0.26687637
1480780953,0.4168573,0.28995758,0.29318514
1480799350,0.3889216,0.2870161,0.32406232
1481179774,0.10060012,0.78392804,0.11547181
1481183805,0.3746515,0.3002731,0.3250754
1481309995,0.35372406,0.330557,0.31571895
1481469002,0.6463281,0.15972702,0.19394493
1481497817,0.33984357,0.3264756,0.3336808
1481659681,0.2891105,0.37666354,0.33422595
1481674230,0.5668208,0.20432347,0.22885571
1481747470,0.39942613,0.3233135,0.27726036
1481773295,0.6053929,0.20672223,0.18788494
1481948101,0.62687194,0.15265308,0.22047497
1481991751,0.14901124,0.68693143,0.16405737
1482041285,0.768473,0.08884894,0.14267801
1482219434,0.17668502,0.59593874,0.22737627
1482337399,0.2977249,0.3334096,0.36886552
1482379888,0.46487314,0.29142517,0.24370164
1482454909,0.3507932,0.32384515,0.32536164
1482462929,0.25425684,0.28452703,0.46121618
1482467653,0.26743722,0.46082118,0.27174166
1482518513,0.30703983,0.40952045,0.28343973
1482720536,0.36165637,0.24208961,0.39625397
1482744845,0.13721924,0.15069847,0.7120823
1482787651,0.8147135,0.07891576,0.10637065
1482789987,0.5086302,0.21952797,0.27184182
1482845240,0.45774367,0.2753652,0.26689112
1482962359,0.17472097,0.17679638,0.6484826
1483028275,0.37342516,0.37930185,0.24727295
1483096064,0.31419677,0.33258423,0.353219
1483185283,0.13102163,0.70122594,0.16775244
1483252836,0.26210073,0.39910784,0.33879146
1483281879,0.25851148,0.291797,0.4496915
1483468960,0.30962554,0.4167516,0.27362296
1483480798,0.6348884,0.18851589,0.17659572
1483780916,0.14568093,0.71400523,0.14031391
1483819973,0.26195318,0.38969883,0.348348
1483841468,0.32248914,0.3855484,0.29196253
1483845202,0.35705277,0.34430796,0.2986392
1483862884,0.34218696,0.37522012,0.28259292
1483926406,0.5155657,0.2484235,0.23601079
1483993167,0.34398255,0.3952527,0.2607647
1484073794,0.24050672,0.48655224,0.2729411
1484364356,0.2938502,0.37234464,0.3338052
1484371658,0.24048498,0.2214564,0.5380586
1484391941,0.26602036,0.39012688,0.34385273
1484483956,0.52239746,0.15842912,0.31917346
1484716703,0.41774184,0.30379644,0.2784617
1484786749,0.36459887,0.33991948,0.29548165
1484818777,0.6458475,0.1644464,0.18970619
1484852887,0.3155477,0.38476062,0.29969162
1485080075,0.42371064,0.3374231,0.23886633
1485115590,0.24938546,0.21117517,0.5394393
1485250249,0.09772337,0.7787054,0.12357123
1485254315,0.4165528,0.29590976,0.2875375
1485267511,0.2985951,0.21248707,0.48891786
1485269632,0.18915206,0.60286474,0.2079832
1485271978,0.44196388,0.29250842,0.26552773
1485420019,0.34810773,0.37947845,0.2724138
1485421832,0.33979896,0.40358108,0.25661996
1485508512,0.14472266,0.6926631,0.16261424
1485530943,0.28800052,0.36257526,0.34942424
1485568397,0.33463544,0.37691662,0.28844798
1485601978,0.4669384,0.28222385,0.25083774
1485680625,0.3089883,0.37335995,0.31765178
1485680685,0.13516313,0.121030696,0.7438062
1485734716,0.3144501,0.26275733,0.4227926
1485802424,0.22023986,0.5104019,0.2693583
1485811953,0.39985853,0.18499446,0.415147
1485817729,0.6078574,0.1726377,0.21950491
1485934446,0.2993201,0.42412347,0.27655646
1485936987,0.37189993,0.25600207,0.3720981
1485942194,0.30251387,0.33297682,0.36450928
1485953556,0.18670315,0.19129205,0.6220048
1486062208,0.2731352,0.22711027,0.49975455
1486097170,0.52631116,0.21077411,0.26291475
1486124275,0.7067425,0.11517613,0.17808141
1486197657,0.30826327,0.38386044,0.30787635
1486325821,0.2561209,0.45829135,0.28558776
1486394904,0.48043272,0.2143342,0.30523306
1486443386,0.38885388,0.35383257,0.25731355
1486465505,0.33264825,0.29399142,0.3733603
1486534071,0.30118093,0.28802502,0.41079402
1486588998,0.39117846,0.35463738,0.25418413
1486731060,0.11918153,0.12501743,0.7558011
1486734089,0.2988342,0.34704337,0.3541224
1486797551,0.27753392,0.43228224,0.29018387
1486816158,0.16916063,0.64463913,0.1862002
1486855190,0.48088798,0.26005507,0.2590569
1487145204,0.19767632,0.2611044,0.54121923
1487224347,0.18959914,0.19549493,0.6149059
1487259674,0.44011253,0.3139483,0.24593918
1487289828,0.1785253,0.6296819,0.19179285
1487294285,0.36920127,0.33673352,0.2940652
1487379727,0.14319748,0.11591383,0.7408887
1487498318,0.26714757,0.4136578,0.31919459
1487512474,0.26136768,0.39613864,0.34249377
1487518907,0.5005961,0.2454063,0.2539976
1487536388,0.16641718,0.6056497,0.2279331
1487688532,0.32945788,0.34125435,0.3292877
1487794465,0.322947,0.39026812,0.28678486
1487887141,0.1050635,0.7484374,0.1464991
1487895367,0.34298,0.332746,0.3242741
1487962819,0.46988255,0.26121247,0.26890507
1488065958,0.3125991,0.35799527,0.32940567
1488090695,0.24276665,0.40925637,0.34797698
1488106583,0.19231835,0.21630362,0.591378
1488128255,0.31254184,0.35063913,0.33681905
1488197777,0.23461033,0.49646276,0.2689269
1488291673,0.45345092,0.26679492,0.27975422
1488299482,0.23315811,0.50191003,0.26493186
1488356237,0.47821355,0.28155336,0.24023299
1488513448,0.22811764,0.22467579,0.5472065
1488555719,0.24875371,0.41187695,0.33936936
1488639428,0.83170366,0.062822856,0.10547347
1488642470,0.45422268,0.20977475,0.3360025
1488797794,0.42010075,0.3328796,0.24701962
1488824069,0.30074468,0.37588766,0.32336763
1488827969,0.23164727,0.2904756,0.4778771
1488849978,0.3297984,0.2806786,0.38952306
1488921106,0.14727047,0.6163316,0.2363979
1489017939,0.29469264,0.44884664,0.25646076
1489033021,0.11186306,0.7549055,0.13323146
1489251483,0.3052323,0.32617414,0.36859354
1489270114,0.3776571,0.31687492,0.30546805
1489327802,0.29497752,0.32413277,0.38088974
1489341217,0.29197782,0.4030701,0.3049521
1489386583,0.45637134,0.27409792,0.26953074
1489492767,0.13920887,0.6888257,0.17196542
1489564696,0.47906515,0.25850743,0.26242745
1489581310,0.113459535,0.7420417,0.14449877
1489592008,0.34154686,0.32919338,0.3292597
1489687292,0.20033394,0.24405675,0.5556093
1489777227,0.36785066,0.3580764,0.2740729
1489796800,0.2570054,0.24836302,0.4946315
1489930029,0.25975928,0.45723066,0.28301
1490025464,0.3142773,0.32956028,0.3561625
1490064998,0.23059863,0.4999055,0.2694959
1490258669,0.27203184,0.3173186,0.41064957
1490293298,0.420443,0.3016733,0.27788362
1490309705,0.58990437,0.20628671,0.20380884
1490333147,0.24714017,0.41692248,0.33593738
1490351249,0.19138962,0.5546179,0.2539924
1490403547,0.11480879,0.76262856,0.12256269
1490412221,0.2865337,0.31441322,0.39905313
1490417928,0.24080303,0.2852707,0.47392622
1490466138,0.59242654,0.19819364,0.20937985
1490494206,0.32386997,0.42357013,0.2525599
1490540396,0.3343963,0.41021523,0.25538847
1490566130,0.30643257,0.45420998,0.23935752
1490699511,0.33220145,0.33244187,0.33535668
1490741381,0.32103512,0.28056747,0.39839736
1490956006,0.38440424,0.29871097,0.3168848
1490963250,0.3188337,0.41394398,0.26722226
1491056071,0.37139475,0.3243818,0.30422345
1491083435,0.6624962,0.13619918,0.20130458
1491129918,0.2941052,0.4363609,0.26953396
1491464564,0.34358695,0.3410853,0.31532773
1491597335,0.19983786,0.5250696,0.2750925
1491809434,0.7813409,0.088184796,0.13047431
1491884203,0.28765932,0.3294991,0.38284162
1491887725,0.3925401,0.3669668,0.24049307
1491920119,0.24424198,0.40051672,0.3552413
1491922788,0.12520958,0.732475,0.14231539
1491948372,0.1423636,0.12608829,0.73154813
1492156199,0.38695693,0.33989605,0.273147
1492313211,0.19708402,0.4767193,0.32619676
1492340156,0.19537999,0.56555057,0.23906945
1492361274,0.16886257,0.3828284,0.44830903
1492451179,0.48009008,0.28335983,0.23655018
1492537097,0.1397687,0.117297634,0.74293363
1492596790,0.18881688,0.20528108,0.6059021
1492598402,0.5690935,0.20245312,0.2284533
1492658572,0.637378,0.1725455,0.19007657
1492697719,0.22826348,0.39584905,0.3758875
1492699742,0.18534388,0.5922356,0.22242059
1492858639,0.3090967,0.31503192,0.37587136
1493002064,0.39018887,0.3171198,0.29269132
1493035865,0.24288835,0.4569341,0.3001775
1493050030,0.55472124,0.21695156,0.22832716
1493088073,0.33268428,0.37289548,0.2944203
1493206165,0.5150275,0.22518747,0.25978506
1493301995,0.3304136,0.40926188,0.26032454
1493348304,0.38152644,0.33652633,0.28194723
1493548595,0.26568544,0.40430015,0.3300144
1493587681,0.26194364,0.26987368,0.46818268
1493609851,0.43837953,0.23539136,0.3262291
1493627611,0.20608418,0.56030434,0.23361151
1493871011,0.16604428,0.11236466,0.7215911
1493959196,0.40647006,0.2921523,0.30137765
1493974534,0.08501546,0.07763152,0.83735305
1494015614,0.2763997,0.3586026,0.3649977
1494368966,0.26536337,0.41020286,0.32443383
1494461353,0.37605694,0.3095718,0.3143713
1494656531,0.36011678,0.32265446,0.3172287
1494677601,0.18138139,0.59663194,0.22198671
1494727532,0.236366,0.38526133,0.3783726
1494755516,0.5544355,0.18655121,0.25901327
1494914031,0.45278057,0.2655763,0.28164306
1494928309,0.33101183,0.32657364,0.3424145
1494953670,0.39077777,0.33272034,0.2765019
1494982303,0.22406991,0.49195853,0.28397155
1494983903,0.6556555,0.16185972,0.18248473
1495000082,0.6248986,0.18164097,0.19346039
1495016174,0.6470279,0.16438611,0.18858606
1495104052,0.39556792,0.2562488,0.34818324
1495159171,0.6360986,0.18546553,0.17843585
1495237110,0.12165567,0.10275038,0.7755939
1495274403,0.273657,0.42539108,0.3009519
1495324476,0.3094791,0.34833813,0.3421828
1495329354,0.41354984,0.31976807,0.26668206
1495359329,0.2680055,0.37108552,0.36090901
1495359855,0.3514476,0.35191658,0.29663584
1495361948,0.21406081,0.42674515,0.35919398
1495406024,0.28444436,0.35844025,0.35711542
1495497926,0.21459332,0.53801423,0.2473925
1495572148,0.4228268,0.28680852,0.29036468
1495619235,0.33054736,0.40314814,0.26630452
1495882774,0.18978631,0.19462605,0.61558765
1495901768,0.08884653,0.7880509,0.123102546
1496063118,0.45124987,0.31973052,0.22901955
1496091119,0.20382547,0.5537808,0.2423938
1496207286,0.23157842,0.5308839,0.23753767
1496266833,0.39178342,0.361664,0.24655253
1496387486,0.38108438,0.33979365,0.2791219
1496408698,0.53412527,0.2334428,0.23243187
1496562719,0.25754297,0.30948877,0.43296823
1496711845,0.22335932,0.53404427,0.24259648
1496776430,0.5127944,0.21639039,0.27081522
1496807017,0.30918944,0.29514748,0.395663
1497280650,0.3714023,0.36877516,0.25982252
1497370658,0.63761497,0.18532519,0.17705981
1497448699,0.24531496,0.22710799,0.5275771
1497580769,0.6571067,0.15991916,0.18297409
1497584626,0.323217,0.2600784,0.41670462
1497760383,0.43737558,0.3077826,0.25484183
1497763390,0.05761408,0.86087316,0.08151276
1497865662,0.3145614,0.40836716,0.2770715
1497911862,0.34912276,0.29675087,0.35412642
1498077061,0.10248458,0.1044255,0.7930899
1498112150,0.347218,0.33403936,0.31874266
1498262173,0.33448604,0.3265626,0.3389514
1498300114,0.31462812,0.34346884,0.3419031
1498358216,0.3762874,0.34182617,0.2818865
1498367412,0.14738558,0.1418314,0.71078295
1498457024,0.3639824,0.28518006,0.3508375
1498606052,0.3552079,0.29639688,0.3483952
1498837921,0.2085958,0.18438627,0.6070179
1498847178,0.13446698,0.72392815,0.14160489
1498879216,0.79874784,0.08613973,0.115112364
1498882785,0.10492607,0.7779658,0.11710818
1498913605,0.20189595,0.5971208,0.20098314
1498929995,0.3712371,0.35690302,0.27185985
1498977780,0.19202767,0.20022668,0.60774565
1498988581,0.15317132,0.14353007,0.70329857
1499064875,0.33293813,0.38203204,0.28502992
1499071926,0.25381434,0.4179436,0.32824206
1499109074,0.33975288,0.34918645,0.3110607
1499224360,0.3946065,0.3050217,0.30037177
1499295074,0.5736836,0.23888327,0.18743315
1499298901,0.28942657,0.35893843,0.3516349
1499430225,0.078714,0.07022026,0.85106575
1499571531,0.31671458,0.3651058,0.3181796
1499591190,0.51446015,0.25320882,0.23233095
1499619749,0.3738765,0.36845693,0.25766656
1499643754,0.117438726,0.11335721,0.7692041
1499701436,0.1365033,0.6760072,0.1874895
1499701893,0.34392014,0.3725683,0.28351158
1499707688,0.26396137,0.44843087,0.28760785
1499733678,0.32866225,0.24070701,0.43063068
1499758065,0.33762398,0.3515707,0.31080532
1499844766,0.31297168,0.34050363,0.34652466
1499855572,0.41028523,0.3302033,0.25951144
1499887959,0.2853154,0.36680996,0.34787464
1499948738,0.19500144,0.5064359,0.29856262
1500015293,0.6627862,0.1000804,0.23713335
1500023508,0.2822222,0.4167068,0.30107102
1500235216,0.496007,0.30171022,0.2022828
1500283498,0.30502334,0.35269073,0.3422859
1500294489,0.3381897,0.3827816,0.2790287
1500309264,0.145897,0.69911194,0.15499102
1500447919,0.25340784,0.38188756,0.36470458
1500503650,0.3127952,0.3699384,0.31726646
1500533698,0.17214516,0.19532679,0.632528
1500588399,0.19133869,0.57726157,0.23139973
1500628643,0.54672307,0.23710454,0.21617244
1500653616,0.0681402,0.06634718,0.8655127
1500687906,0.38254097,0.38462943,0.23282963
1500689485,0.3656842,0.31556255,0.31875327
1500811409,0.43826634,0.31594682,0.24578685
1500850984,0.31217083,0.2505706,0.4372585
1501008540,0.14831294,0.14319238,0.70849466
1501024156,0.348774,0.30191383,0.3493122
1501041282,0.46406937,0.28128782,0.2546428
1501121004,0.41359943,0.35181585,0.2345847
1501125676,0.5693997,0.20728233,0.22331798
1501224649,0.31442216,0.3374085,0.3481693
1501280830,0.49110577,0.22366066,0.28523356
1501684083,0.45456678,0.27713,0.26830322
1501744210,0.5083347,0.247743,0.24392231
1501766500,0.2774137,0.3111181,0.41146815
1501853860,0.48593503,0.28895998,0.225105
1502201584,0.3813215,0.32116705,0.29751146
1502253114,0.2598598,0.281904,0.4582362
1502267284,0.72227836,0.12023,0.15749165
1502341756,0.41948023,0.31267083,0.2678489
1502356861,0.356811,0.34312466,0.30006433
1502381163,0.199018,0.58102083,0.21996121
1502563502,0.18200727,0.27826297,0.5397297
1502652551,0.13739932,0.13813674,0.72446394
1502670378,0.39710358,0.3323414,0.27055508
1502714461,0.37234,0.3292165,0.29844347
1502720069,0.7002138,0.115921214,0.18386503
1502923231,0.2571857,0.19675429,0.5460601
1502965203,0.11163943,0.7571067,0.13125381
1503005007,0.36679772,0.33991155,0.29329076
1503082298,0.5659876,0.23762083,0.19639154
1503085127,0.16262947,0.13858166,0.6987889
1503116999,0.3848967,0.29839227,0.31671104
1503270270,0.20984007,0.4021214,0.38803852
1503328582,0.31913128,0.45424294,0.22662573
1503372133,0.50706995,0.2615487,0.23138131
1503432435,0.36021927,0.28370833,0.35607237
1503438274,0.42271844,0.3415218,0.23575981
1503587299,0.47475308,0.27232394,0.2529229
1503598506,0.11972117,0.10167947,0.7785994
1503853032,0.34121972,0.31577286,0.34300742
1503861933,0.43520606,0.3239945,0.2407995
1503878284,0.30997214,0.34922758,0.3408003
1503939551,0.28469485,0.32532248,0.38998273
1504058533,0.40816736,0.32825586,0.2635768
1504104102,0.32296777,0.33448088,0.34255126
1504154727,0.6502305,0.13682412,0.21294528
1504379369,0.27500078,0.2259217,0.49907747
1504412172,0.48935142,0.28364888,0.22699973
1504450129,0.13252737,0.7133278,0.15414484
1504473621,0.40198395,0.36236367,0.2356524
1504517733,0.42563817,0.28480715,0.28955477
1504598168,0.14732791,0.668575,0.18409705
1504618613,0.5665129,0.2007353,0.23275182
1504623753,0.59035325,0.20595726,0.20368944
1504953825,0.25657502,0.31288496,0.43054006
1504983499,0.24661177,0.34737962,0.4060086
1505080914,0.42971903,0.30378425,0.26649678
1505196339,0.36196637,0.3149677,0.3230659
1505524798,0.4268461,0.28042564,0.29272822
1505552343,0.31203696,0.38349205,0.30447108
1505689958,0.43478072,0.3249494,0.24026984
1505733120,0.2149639,0.24447043,0.54056567
1505739728,0.30675986,0.34770083,0.3455393
1505760371,0.10667764,0.7596658,0.13365659
1505775208,0.16617826,0.19144563,0.6423761
1505780367,0.07994466,0.8040909,0.1159644
1506175274,0.35105845,0.23875651,0.41018498
1506175427,0.24865226,0.26276693,0.4885808
1506289747,0.65823746,0.1651067,0.17665586
1506414136,0.24456005,0.47911894,0.27632105
1506521225,0.5571714,0.22367631,0.2191522
1506568577,0.28279784,0.33414438,0.3830578
1506607259,0.6999848,0.12998718,0.17002809
1506703353,0.095415905,0.10464404,0.79994005
1506820469,0.39770752,0.32557145,0.27672094
1506890350,0.4133781,0.27775422,0.3088677
1507029210,0.2492924,0.42408755,0.32662004
1507138714,0.06918016,0.0717637,0.8590562
1507182811,0.41615987,0.2681231,0.315717
1507188408,0.34631154,0.35813135,0.29555714
1507198566,0.11723962,0.18165737,0.70110303
1507404477,0.49911797,0.28074846,0.22013365
1507408700,0.28762347,0.410182,0.30219457
1507512831,0.056535244,0.85817575,0.08528904
1507523575,0.3043543,0.2705025,0.42514318
1507549345,0.12628064,0.113627754,0.76009166
1507648745,0.23041247,0.21668015,0.5529074
1507709932,0.3828991,0.29871163,0.3183893
1507718084,0.495696,0.25516683,0.24913718
1507743299,0.1891002,0.61444306,0.1964568
1507752106,0.10816525,0.76866883,0.12316598
1507760512,0.28236002,0.26429918,0.45334074
1507845676,0.27857476,0.3399884,0.38143685
1507901581,0.30180088,0.2428568,0.4553423
1508103705,0.12815435,0.6990369,0.1728087
1508106085,0.29121837,0.36625755,0.3425241
1508212955,0.30922523,0.26962382,0.42115092
1508226331,0.4458063,0.3054601,0.2487336
1508472249,0.2155519,0.1974539,0.5869942
1508663882,0.22821593,0.24182157,0.5299625
1508667545,0.26151237,0.2868928,0.4515949
1508736364,0.2611294,0.2910542,0.44781646
1508815135,0.31499532,0.3442411,0.3407635
1508823480,0.3517872,0.3173588,0.330854
1508878309,0.4728584,0.26894933,0.2581923
1509008782,0.16422252,0.6639694,0.17180802
1509023246,0.5619014,0.2011148,0.23698375
1509074466,0.30437225,0.34308204,0.3525457
1509132555,0.37782547,0.3294746,0.2926999
1509183665,0.23723598,0.46452922,0.29823473
1509190229,0.32309034,0.35605463,0.32085505
1509228591,0.16229036,0.58798105,0.24972862
1509306344,0.35090676,0.35243338,0.29665998
1509374546,0.6402094,0.13875706,0.2210335
1509459483,0.106740475,0.11613079,0.7771287
1509527944,0.4246695,0.29843327,0.27689722
1509730800,0.3745261,0.3271393,0.29833457
1509898027,0.6885045,0.13438408,0.17711139
1509947650,0.29041117,0.32106206,0.38852674
1510095995,0.16457075,0.603316,0.23211327
1510216646,0.7172119,0.12918888,0.15359916
1510223473,0.28582636,0.3567042,0.35746947
1510232772,0.23380938,0.2493627,0.51682794
1510303905,0.32136306,0.34819812,0.3304388
1510355450,0.21048814,0.5328652,0.2566466
1510497363,0.36781985,0.3824426,0.24973759
1510547483,0.1111714,0.10725657,0.78157204
1510660333,0.17796281,0.46631223,0.35572505
1510676826,0.08343352,0.81555563,0.101010785
1510677307,0.45752853,0.25624844,0.28622296
1510732063,0.31986767,0.39405116,0.28608114
1510739996,0.3143405,0.38050345,0.30515608
1510827012,0.23914027,0.51973206,0.2411277
1510844234,0.6463465,0.1718457,0.18180786
1510860841,0.35561794,0.36198893,0.2823931
1510881661,0.24941091,0.50304836,0.24754073
1510916381,0.6235358,0.19393438,0.18252979
1510940584,0.1884506,0.18604745,0.62550193
1511095709,0.48535904,0.16178589,0.3528551
1511121320,0.32204267,0.33979222,0.3381652
1511158900,0.22673608,0.5280561,0.24520789
1511202082,0.7914391,0.07424852,0.13431232
1511218616,0.29413322,0.33382618,0.37204057
1511228396,0.2830815,0.34473425,0.37218425
1511233801,0.38979036,0.28159642,0.3286132
1511321198,0.6267474,0.16225654,0.21099603
1511347659,0.33733612,0.2766483,0.3860155
1511441860,0.22244042,0.27600968,0.5015499
1511499236,0.1008348,0.7779445,0.12122069
1511620109,0.22644033,0.4894021,0.2841576
1511637369,0.27506116,0.42493173,0.30000708
1511646457,0.3902408,0.30416608,0.30559316
1511689026,0.21676339,0.20830326,0.5749333
1511752227,0.51011944,0.2516045,0.23827608
1511986847,0.44618666,0.2813515,0.27246192
1511987356,0.28740916,0.34849826,0.3640926
1512036033,0.2775878,0.24108133,0.48133084
1512076194,0.18966572,0.49631518,0.3140191
1512089957,0.4308598,0.29705772,0.27208245
1512135050,0.22728315,0.49441314,0.2783037
1512207463,0.11161113,0.1350017,0.75338715
1512247569,0.49108988,0.26595485,0.24295525
1512249460,0.15248115,0.67268586,0.17483294
1512443862,0.36687806,0.37711683,0.25600502
1512512102,0.41715842,0.3191468,0.26369476
1512514439,0.393346,0.28151798,0.32513598
1512655073,0.36021668,0.3543985,0.2853848
1512695692,0.30247906,0.31951198,0.37800896
1512771208,0.22339407,0.19496417,0.5816418
1512947637,0.44033486,0.26899928,0.2906659
1513002550,0.6458422,0.17207564,0.18208213
1513014644,0.41407967,0.2312728,0.35464752
1513049021,0.29533634,0.41472393,0.28993964
1513052051,0.29308337,0.40393302,0.30298364
1513140630,0.31232166,0.1265518,0.5611265
1513146500,0.23963675,0.38041642,0.3799468
1513171026,0.60343075,0.18642977,0.21013948
1513204349,0.28134158,0.33096015,0.38769823
1513262633,0.10089093,0.08944068,0.8096684
1513309064,0.3528274,0.34556326,0.3016094
1513369985,0.56426346,0.22875485,0.20698169
1513405948,0.2884315,0.31527513,0.39629337
1513473754,0.27054933,0.46183497,0.26761568
1513483824,0.5492183,0.21720085,0.23358074
1513520425,0.211289,0.50743735,0.28127357
1513624993,0.60689545,0.17757301,0.21553154
1513678923,0.34339583,0.3636854,0.29291874
1513773651,0.18038726,0.43698823,0.38262448
1513888316,0.420999,0.3335255,0.24547549
1513917216,0.2574878,0.51054114,0.23197103
1514001349,0.36883527,0.3557048,0.2754599
1514038247,0.4117983,0.30135342,0.2868483
1514050590,0.7670651,0.100249566,0.13268529
1514434817,0.24802706,0.4092965,0.34267646
1514465396,0.32160702,0.36273453,0.3156585
1514547798,0.3276188,0.20400229,0.46837884
1514570986,0.35156366,0.37509817,0.2733381
1514619514,0.3519475,0.30784172,0.34021077
1514730926,0.47585005,0.25985637,0.26429364
1514956624,0.38950786,0.32329306,0.28719905
1514958013,0.43896228,0.3098937,0.251144
1515069149,0.31272012,0.38967335,0.29760656
1515085544,0.3478759,0.40493685,0.24718724
1515194969,0.43418455,0.33252376,0.23329163
1515591121,0.19286221,0.17469157,0.6324462
1515596444,0.4124789,0.3108972,0.27662393
1515614389,0.32264674,0.3331359,0.34421742
1515634766,0.34049714,0.34971118,0.30979168
1515637166,0.4322843,0.31045562,0.25726005
1515640780,0.23433205,0.34679776,0.41887012
1515673229,0.33391863,0.3133849,0.35269642
1515774627,0.37133133,0.29363462,0.335034
1515954651,0.6732133,0.14283536,0.18395135
1516158349,0.11405584,0.74951917,0.13642503
1516225383,0.34728938,0.3009055,0.3518051
1516337724,0.34275883,0.34507123,0.3121699
1516395716,0.44241834,0.30341774,0.25416395
1516397428,0.38401812,0.32424876,0.2917331
1516514336,0.30924532,0.2950644,0.39569032
1516545128,0.1467431,0.117854565,0.73540235
1516546377,0.53597707,0.21640205,0.2476208
1516587559,0.17032357,0.61524653,0.21442993
1516653100,0.4641883,0.24917226,0.28663942
1516727875,0.30756518,0.35217687,0.3402579
1516766796,0.46685234,0.308884,0.22426373
1516797322,0.23194376,0.5337423,0.23431398
1516818500,0.44383347,0.29587954,0.260287
1516928323,0.32899442,0.2781464,0.39285913
1517001334,0.28848764,0.32653952,0.38497287
1517005915,0.23346165,0.27936944,0.4871689
1517021709,0.18868588,0.58903354,0.22228056
1517088078,0.31242874,0.47234207,0.21522923
1517133609,0.54759973,0.21646123,0.23593904
1517283704,0.2624864,0.29825154,0.43926212
1517313462,0.40377292,0.31148696,0.28474003
1517342923,0.1458826,0.678274,0.17584337
1517393005,0.6868487,0.13123399,0.18191738
1517413408,0.24548934,0.20859675,0.545914
1517457480,0.32971993,0.22144502,0.44883496
1517502019,0.25695023,0.40537876,0.33767107
1517909329,0.250188,0.4261488,0.32366326
1517920704,0.21614142,0.21668631,0.5671723
1518219878,0.20035434,0.5689215,0.23072407
1518282581,0.2941096,0.43551,0.27038044
1518305208,0.34748375,0.39092028,0.26159605
1518369374,0.80877733,0.07321497,0.11800762
1518371001,0.5126877,0.2945745,0.19273785
1518389055,0.47337168,0.26085034,0.26577803
1518434714,0.21946701,0.547168,0.23336494
1518467151,0.18688728,0.24962832,0.5634844
1518560675,0.49972525,0.2820631,0.21821162
1518678531,0.69462556,0.110247314,0.19512714
1518731506,0.22653843,0.23840582,0.53505576
1518766533,0.33500957,0.32242116,0.34256923
1518799982,0.32897666,0.3590191,0.31200415
1518950756,0.41462696,0.33578643,0.24958667
1518964750,0.2687829,0.40979674,0.3214204
1519135004,0.5352603,0.24103901,0.22370066
1519139508,0.5426769,0.22732805,0.229995
1519164906,0.24875808,0.26272678,0.48851514
1519449556,0.43704414,0.30325225,0.25970358
1519450988,0.27402037,0.38610077,0.33987886
1519693368,0.62028646,0.12908724,0.25062633
1519767520,0.24103148,0.39999527,0.3589733
1519883784,0.29297978,0.46160093,0.24541932
1519889326,0.31084198,0.26667225,0.42248577
1519971857,0.40566203,0.28266776,0.31167027
1520369416,0.33958438,0.3558394,0.30457622
1520450492,0.3242303,0.3495945,0.3261752
1520511711,0.6572683,0.1720105,0.17072119
1520528408,0.32094744,0.31231907,0.36673343
1520558870,0.40743056,0.20208183,0.3904876
1520627680,0.18156351,0.16718866,0.65124786
1520657619,0.55699503,0.20213498,0.24086994
1520768066,0.42768446,0.30081993,0.27149564
1520825762,0.5076167,0.2530303,0.2393529
1520888300,0.27962098,0.25401178,0.4663672
1520902388,0.4059422,0.32503596,0.2690218
1520911187,0.42827994,0.3020656,0.26965448
1520944314,0.46549267,0.29110566,0.24340162
1520990598,0.2837687,0.25818372,0.45804763
1521030386,0.32067856,0.3597822,0.3195393
1521099176,0.30142915,0.3997838,0.29878712
1521111150,0.28611627,0.37299705,0.3408867
1521301511,0.61466086,0.17985639,0.20548277
1521341084,0.30339608,0.37750956,0.31909445
1521516278,0.39933667,0.34559366,0.25506967
1521647061,0.26172444,0.30475745,0.43351808
1521799271,0.33436158,0.37619418,0.28944427
1521890360,0.3094562,0.29933465,0.39120924
1521937389,0.21205454,0.5147071,0.27323833
1522025671,0.50521827,0.25362417,0.24115749
1522058581,0.6217386,0.19419804,0.18406337
1522076707,0.28017905,0.3707659,0.34905502
1522423329,0.41202256,0.30327472,0.28470266
1522439651,0.23153274,0.49236524,0.27610207
1522449476,0.48307243,0.23813786,0.2787897
1522698074,0.37271902,0.25671944,0.37056157
1522705410,0.1278514,0.71740705,0.1547416
1522795622,0.4549568,0.28677016,0.25827307
1522815986,0.17553353,0.45438585,0.37008065
1522836970,0.3634742,0.3731985,0.26332733
1522857725,0.5382825,0.25039843,0.21131901
1522997425,0.3795754,0.3438013,0.2766233
1523009899,0.14525256,0.653126,0.20162137
1523100513,0.2826144,0.33327544,0.3841102
1523225679,0.14954121,0.672304,0.1781548
1523306892,0.6186145,0.18767321,0.1937123
1523353410,0.37657374,0.3647737,0.25865257
1523525552,0.33222377,0.3053414,0.36243483
1523536665,0.3425949,0.34136015,0.31604496
1523581682,0.4152545,0.32899213,0.25575328
1523694132,0.1952908,0.5769966,0.22771248
1524059431,0.5455852,0.20287928,0.25153553
1524096997,0.40466866,0.31340468,0.28192672
1524302927,0.11161112,0.08991979,0.7984691
1524348158,0.57246804,0.2253368,0.20219518
1524349988,0.14921662,0.13983239,0.710951
1524374288,0.2784882,0.426036,0.2954758
1524389910,0.40025526,0.314081,0.2856637
1524543158,0.30202624,0.41050014,0.2874737
1524591448,0.17619838,0.6428378,0.18096375
1524611475,0.18069597,0.13870949,0.6805945
1524669777,0.20530792,0.56246907,0.23222297
1524730373,0.18282679,0.17295961,0.6442136
1524830027,0.28859073,0.42532238,0.2860868
1524855296,0.7722102,0.09126201,0.13652778
1524859658,0.4343554,0.24939278,0.31625175
1524888173,0.36705494,0.36235112,0.27059394
1524906909,0.26986322,0.23981339,0.49032342
1525101201,0.3213256,0.36065677,0.31801772
1525155019,0.17522268,0.13427621,0.6905011
1525165665,0.42619652,0.24201658,0.3317869
1525216628,0.30740577,0.36599338,0.3266008
1525376422,0.15126254,0.65475976,0.19397764
1525433883,0.7228626,0.12776418,0.14937322
1525491700,0.18385649,0.576313,0.2398305
1525500913,0.37451223,0.3661899,0.25929785
1525517155,0.30610856,0.40654054,0.28735086
1525691491,0.49139643,0.26543155,0.243172
1526082039,0.6808239,0.15146412,0.16771191
1526233914,0.37847412,0.35922787,0.26229802
1526255942,0.32503513,0.27831197,0.39665288
1526294126,0.09633831,0.7725948,0.13106693
1526327941,0.6125995,0.17856847,0.20883209
1526545799,0.48973572,0.22340702,0.28685725
1526563982,0.624993,0.11404775,0.26095918
1526626264,0.36126286,0.3391666,0.29957053
1526631137,0.19175583,0.27948797,0.5287562
1526653708,0.13130651,0.5938998,0.27479365
1526691548,0.22344159,0.31494135,0.46161708
1526827441,0.37144879,0.3838263,0.244725
1526906748,0.40368336,0.32279128,0.27352536
1526969475,0.6006515,0.1749589,0.22438954
1527002556,0.18354581,0.6276886,0.18876556
1527005368,0.37633902,0.3458674,0.2777936
1527041910,0.12624297,0.71309257,0.1606644
1527053760,0.5651368,0.208558,0.2263052
1527064372,0.3436092,0.33909237,0.3172984
1527155920,0.2961775,0.41252235,0.29130015
1527156169,0.376325,0.34148744,0.28218755
1527192180,0.20991716,0.59200996,0.1980729
1527227542,0.4887737,0.27098268,0.24024358
1527266017,0.3327764,0.31798896,0.3492346
1527285751,0.30728012,0.39798602,0.29473376
1527395079,0.34549874,0.40820634,0.24629492
1527439633,0.29618737,0.28962642,0.41418615
1527471634,0.3638414,0.24225971,0.3938989
1527545731,0.09204493,0.78693306,0.121022
1527554219,0.47977898,0.20274034,0.31748077
1527700339,0.2512033,0.45444882,0.2943479
1527750838,0.1711177,0.18117644,0.64770585
1527802091,0.2865074,0.22605692,0.48743567
1527951198,0.18925248,0.1949747,0.61577284
1528009010,0.7733845,0.100863785,0.12575173
1528058976,0.124300905,0.7440139,0.13168514
1528185909,0.20615649,0.5351097,0.25873378
1528196735,0.46564093,0.2657518,0.2686073
1528217841,0.30615738,0.28006378,0.41377875
1528316581,0.17802854,0.5999483,0.22202317
1528425454,0.30133063,0.3317507,0.36691874
1528460317,0.38292623,0.35625577,0.26081792
1528604817,0.4283494,0.33864635,0.23300429
1528707692,0.39063096,0.34185383,0.26751524
1528854515,0.3823443,0.3250325,0.29262313
1528866551,0.5208102,0.2596991,0.21949069
1528883502,0.37437186,0.36206046,0.26356772
1528981660,0.39088973,0.27722636,0.3318839
1529064889,0.4943506,0.24793486,0.25771457
1529235155,0.7821884,0.09474776,0.12306377
1529272443,0.4085817,0.27218238,0.3192359
1529348510,0.32873338,0.3784502,0.29281643
1529350394,0.14057586,0.6974443,0.16197978
1529518378,0.36399195,0.34060335,0.29540464
1529604460,0.31826708,0.34215197,0.33958107
1529696193,0.41959256,0.3258662,0.25454122
1529803301,0.28807157,0.40946677,0.30246174
1529866973,0.4253657,0.31677738,0.25785694
1530232937,0.7471412,0.11603884,0.13681997
1530246498,0.39819098,0.30247152,0.2993375
1530504165,0.38121828,0.35591725,0.26286444
1530535957,0.36387542,0.32923484,0.30688974
1530589756,0.6870204,0.14693822,0.16604131
1530641411,0.21925946,0.24245639,0.5382842
1530663998,0.65983707,0.13429645,0.20586652
1530708455,0.28449813,0.21754558,0.4979563
1530797787,0.8210022,0.07336545,0.10563235
1530924498,0.3917914,0.28235823,0.3258504
1530968534,0.37519354,0.35583246,0.26897395
1531027580,0.46671087,0.30081016,0.23247898
1531039297,0.2006101,0.55435395,0.24503599
1531118601,0.36665034,0.30192924,0.33142042
1531184023,0.28956035,0.3400612,0.3703785
1531186290,0.4718645,0.287946,0.24018952
1531462308,0.34172675,0.29829893,0.35997427
1531480435,0.24751575,0.17417778,0.57830644
1531490513,0.44077525,0.34200504,0.21721973
1531662818,0.21260986,0.20667331,0.5807168
1531686659,0.3221831,0.33146897,0.34634793
1531735982,0.38216862,0.28479686,0.33303455
1531790100,0.10601666,0.7975736,0.09640973
1531853750,0.47338647,0.27330503,0.2533085
1531858557,0.48610935,0.2613933,0.2524973
1531876671,0.16918972,0.14250402,0.6883063
1531899161,0.3675218,0.29280135,0.33967683
1531984200,0.6475131,0.17117289,0.181314
1532072527,0.42147404,0.3361573,0.24236867
1532156281,0.22475946,0.4665458,0.30869472
1532372060,0.4270768,0.29968724,0.27323598
1532499430,0.09438163,0.81118757,0.0944308
1532504020,0.67581093,0.13755,0.18663904
1532684934,0.39296183,0.30763614,0.29940203
1532894493,0.3571645,0.3904963,0.25233915
1532902771,0.37223262,0.32789603,0.2998714
1532994835,0.40407774,0.28276014,0.31316215
1533009688,0.22490212,0.2002736,0.5748243
1533047029,0.46312556,0.2745909,0.26228347
1533072745,0.24869473,0.46296334,0.2883419
1533266390,0.19987053,0.5497136,0.2504158
1533399404,0.07469105,0.068225116,0.85708386
1533598664,0.106968835,0.10290153,0.79012966
1533708644,0.18695427,0.6236097,0.18943596
1533750038,0.24440145,0.46189815,0.2937003
1533797984,0.50194275,0.25632372,0.24173349
1533862320,0.7062876,0.13892184,0.15479048
1533878511,0.27888197,0.45910558,0.2620124
1533990996,0.21762891,0.21910156,0.5632695
1533992469,0.32100314,0.37215737,0.30683947
1534167246,0.23722099,0.37459892,0.3881801
1534333275,0.45026076,0.21813641,0.3316029
1534339378,0.46841902,0.29414824,0.23743273
1534342263,0.13342696,0.12974033,0.7368327
1534402659,0.3350349,0.36941516,0.29554993
1534510456,0.3494063,0.31109267,0.33950096
1534653188,0.256984,0.51431423,0.22870176
1534713269,0.4606625,0.2960014,0.24333604
1534802115,0.40516284,0.33780283,0.25703442
1534806399,0.18855517,0.26969525,0.54174966
1534868674,0.8003099,0.083041675,0.11664847
1534982842,0.4510763,0.26841855,0.28050515
1535052185,0.2686511,0.45132044,0.28002846
1535079472,0.12830363,0.117499605,0.75419676
1535115932,0.10021262,0.7820079,0.11777951
1535137484,0.47074267,0.24775611,0.28150117
1535144208,0.324542,0.35737628,0.3180818
1535147814,0.23311724,0.48434916,0.28253362
1535473666,0.34568524,0.39950523,0.25480947
1535584419,0.14111297,0.6459243,0.21296267
1535700632,0.14794068,0.14220266,0.7098566
1535765243,0.14510338,0.6929633,0.16193324
1535792913,0.23519467,0.42493767,0.3398676
1535806294,0.20423795,0.21361169,0.58215034
1535933694,0.3569576,0.36348453,0.27955782
1535978461,0.09171724,0.77706486,0.13121782
1536180227,0.22460583,0.54103863,0.23435555
1536182259,0.5618686,0.2241853,0.2139462
1536253733,0.34945217,0.31872576,0.33182204
1536365366,0.45199117,0.30315885,0.24485001
1536577081,0.49971494,0.25273758,0.24754746
1536633816,0.15666662,0.6553552,0.18797824
1536686767,0.27716902,0.16998364,0.5528473
1536704536,0.3606006,0.32459784,0.3148016
1536726993,0.2890558,0.36243397,0.34851024
1536742701,0.39349395,0.30852047,0.29798558
1536767653,0.30139157,0.36195835,0.33665007
1536913543,0.33076936,0.34211567,0.32711497
1537002164,0.21928063,0.18329887,0.5974205
1537013662,0.37012938,0.16021152,0.4696591
1537103384,0.42874023,0.3263925,0.2448673
1537112653,0.47790712,0.29649076,0.22560215
1537117262,0.4080674,0.29741713,0.29451546
1537182322,0.2744052,0.32046357,0.40513122
1537184599,0.27406952,0.29136696,0.43456352
1537221859,0.16439648,0.22777982,0.6078237
1537235635,0.111755826,0.7601581,0.12808599
1537441725,0.3706475,0.27239856,0.35695398
1537544737,0.61187494,0.19343185,0.1946933
1537593110,0.38919312,0.37586904,0.2349378
1537593405,0.3538366,0.36141816,0.28474528
1537599213,0.30564973,0.33770692,0.3566434
1537624706,0.37970996,0.35668483,0.2636052
1537627166,0.43163276,0.30395624,0.264411
1537851284,0.41161445,0.2708467,0.31753883
1537860135,0.49864304,0.25747204,0.24388488
1537913922,0.43759122,0.26817214,0.29423666
1538019213,0.22996314,0.21484405,0.5551929
1538050999,0.24591228,0.2632658,0.49082193
1538179462,0.74384415,0.113212295,0.14294353
1538192042,0.23367564,0.3446288,0.4216956
1538212165,0.29731312,0.36053282,0.342154
1538261711,0.2358858,0.47382948,0.29028466
1538264638,0.37467673,0.35909367,0.2662296
1538444137,0.3075945,0.39461726,0.2977883
1538468471,0.2606699,0.38993776,0.3493923
1538540608,0.46694136,0.27341655,0.25964212
1538571078,0.6910971,0.117599465,0.19130345
1538685785,0.24682067,0.22791086,0.52526844
1538799156,0.3583585,0.3774159,0.26422557
1538869052,0.43105748,0.23525959,0.33368292
1538901277,0.596336,0.1499859,0.25367808
1538961179,0.33532432,0.36545438,0.29922137
1539100235,0.22316901,0.2616479,0.51518303
1539183762,0.16817854,0.32562578,0.50619566
1539294587,0.16830967,0.14909512,0.6825953
1539331555,0.62020254,0.19286656,0.18693087
1539352932,0.06337584,0.8424788,0.09414534
1539375588,0.44951487,0.20454541,0.34593973
1539377535,0.3894311,0.2946817,0.31588724
1539417046,0.2311475,0.50634044,0.26251206
1539430733,0.122617856,0.71778977,0.15959238
1539498625,0.15812972,0.48656666,0.35530365
1539590958,0.20489623,0.17854588,0.6165579
1539605809,0.43842188,0.30748653,0.25409162
1539686471,0.14289635,0.16991065,0.687193
1539702339,0.15117083,0.6868584,0.16197078
1539855068,0.1772703,0.6160199,0.20670986
1539880174,0.1090707,0.75439984,0.1365294
1539939826,0.3472881,0.33346537,0.3192466
1539951181,0.530962,0.24526796,0.22377008
1539956334,0.25599003,0.3574883,0.38652167
1540010313,0.5338637,0.21056333,0.25557297
1540145922,0.1728195,0.53187203,0.2953084
1540257178,0.3266098,0.40225735,0.27113292
1540270329,0.29635733,0.36726853,0.33637416
1540272698,0.14614697,0.6742136,0.17963946
1540323056,0.26840165,0.33237487,0.39922354
1540400885,0.26346985,0.26934496,0.46718523
1540544990,0.30410346,0.27793783,0.41795868
1540569892,0.12052147,0.7277589,0.15171966
1540575492,0.39398596,0.34297213,0.26304188
1540588713,0.23814805,0.35238618,0.40946576
1540910703,0.29487625,0.40964666,0.29547715
1540946637,0.487672,0.18928732,0.32304063
1541054416,0.34065512,0.42168477,0.23766012
1541141951,0.34241623,0.30639207,0.35119167
1541182730,0.2927678,0.26699206,0.44024011
1541215717,0.22946273,0.42731348,0.3432238
1541217915,0.41851702,0.28045368,0.30102926
1541232162,0.4515945,0.27254564,0.27585986
1541247007,0.26763713,0.48148915,0.2508737
1541304453,0.10202228,0.76045895,0.13751875
1541396482,0.3824384,0.3120593,0.30550227
1541487598,0.28161994,0.34622622,0.3721539
1541488452,0.15562293,0.6670794,0.17729771
1541498731,0.35846022,0.3442524,0.29728734
1541518737,0.4005912,0.26355678,0.335852
1541584741,0.4668755,0.2565994,0.27652505
1541642647,0.35073212,0.33839586,0.31087202
1541658215,0.30454773,0.34697393,0.34847826
1541685390,0.27362952,0.3220749,0.4042956
1541722295,0.3247256,0.4248219,0.2504525
1541744629,0.31891063,0.37362474,0.30746463
1541812836,0.2678738,0.36733735,0.3647889
1541844689,0.23592559,0.2535983,0.5104761
1541902405,0.16696441,0.14039527,0.6926403
1541938405,0.3356557,0.39286685,0.27147746
1542059307,0.064848356,0.84194106,0.0932106
1542068390,0.37143674,0.28986526,0.33869797
1542150850,0.23940663,0.5048619,0.25573152
1542254114,0.22414483,0.19380182,0.5820533
1542277632,0.44506842,0.2550715,0.29986
1542366581,0.35548192,0.27341363,0.37110448
1542419911,0.37815943,0.32056352,0.30127698
1542552594,0.37939957,0.26747933,0.3531211
1542591009,0.19376855,0.16202845,0.644203
1542714472,0.084531315,0.08243504,0.8330336
1542757381,0.46741295,0.25379223,0.27879488
1542765029,0.22223361,0.50835925,0.26940715
1542866962,0.355679,0.36014283,0.2841782
1543004491,0.4811286,0.29268816,0.22618325
1543074530,0.433651,0.30479628,0.26155275
1543117139,0.16539873,0.16807736,0.6665239
1543157848,0.3932357,0.30844125,0.29832304
1543216802,0.4471162,0.19629727,0.35658652
1543420221,0.25195864,0.4622094,0.28583193
1543500331,0.39645213,0.3012806,0.30226734
1543671359,0.31952074,0.38883138,0.29164782
1543800364,0.3824625,0.3806312,0.2369063
1543895287,0.40571567,0.29172412,0.30256027
1543923915,0.39406306,0.34146255,0.26447436
1544017151,0.26754814,0.44068646,0.29176542
1544045953,0.22521555,0.5335498,0.24123472
1544050616,0.64943695,0.14676113,0.20380197
1544083540,0.18208113,0.56187814,0.25604066
1544214684,0.21876466,0.5647144,0.21652098
1544357594,0.3371865,0.30146053,0.36135298
1544420415,0.5813397,0.21644902,0.20221132
1544576407,0.17994614,0.5514502,0.26860368
1544748788,0.38147008,0.3708252,0.24770473
1544795350,0.2851048,0.4290677,0.2858276
1544830034,0.15624967,0.6713033,0.17244698
1544873196,0.6287291,0.1884835,0.18278742
1544908485,0.14205122,0.13904066,0.7189082
1545061118,0.28549054,0.26882896,0.44568053
1545284886,0.59714895,0.19029318,0.21255785
1545365707,0.33554485,0.38474736,0.27970776
1545388639,0.5499216,0.21068807,0.23939039
1545402210,0.22993287,0.46374062,0.30632645
1545488398,0.3837786,0.3203522,0.2958692
1545516776,0.3377114,0.33396912,0.3283195
1545631722,0.17559734,0.6160681,0.20833457
1545678846,0.41572985,0.29955885,0.28471127
1545731189,0.20353188,0.5143281,0.2821401
1545776787,0.33263883,0.26479745,0.4025637
1545802492,0.3885879,0.35596576,0.25544634
1545927872,0.53785485,0.2460593,0.21608587
1545991328,0.2931321,0.34977463,0.35709327
1546122676,0.41721594,0.334267,0.24851707
1546206990,0.27546528,0.34179685,0.38273782
1546259483,0.29627255,0.36404794,0.33967957
1546296516,0.38424516,0.308905,0.30684984
1546577432,0.4272044,0.28493017,0.28786534
1546655768,0.34986982,0.40398118,0.24614896
1546662619,0.56748176,0.22267841,0.20983995
1546702704,0.5218163,0.21948475,0.25869897
1546878008,0.28343597,0.3663527,0.35021126
1546899210,0.27145165,0.34584555,0.3827028
1547141067,0.3018325,0.37964663,0.31852087
1547263065,0.37314424,0.34736958,0.27948615
1547300247,0.13422063,0.66249233,0.20328699
1547334606,0.5373167,0.24580157,0.21688172
1547353162,0.15057866,0.12943292,0.7199884
1547453082,0.27726272,0.20944305,0.5132942
1547474589,0.35950437,0.34350353,0.2969921
1547538713,0.38854754,0.30152303,0.30992934
1547546041,0.10210811,0.101131596,0.7967603
1547596992,0.61659294,0.10727437,0.27613264
1547703662,0.44903228,0.30031133,0.25065643
1547841983,0.2953938,0.36009973,0.34450656
1547978648,0.2603336,0.36743173,0.37223464
1548000079,0.2921974,0.31818524,0.38961735
1548201497,0.78757036,0.085198514,0.1272311
1548398824,0.32175544,0.38425177,0.29399276
1548552219,0.44771966,0.2820379,0.27024245
1548556538,0.39461413,0.27726376,0.32812205
1548807188,0.13274553,0.70170367,0.16555078
1548873900,0.27496877,0.38052872,0.34450245
1548902860,0.47864807,0.2552619,0.26608995
1549039617,0.3287951,0.32889545,0.34230945
1549044417,0.13536072,0.68877894,0.1758603
1549082635,0.42163503,0.30934194,0.26902297
1549118230,0.36186442,0.31082466,0.32731092
1549153878,0.37025362,0.3286786,0.30106777
1549570847,0.36394593,0.3557722,0.28028187
1549649312,0.24532482,0.37697154,0.37770367
1549754612,0.5468778,0.21635908,0.23676305
1549887134,0.3885548,0.3390907,0.27235436
1549924721,0.5998405,0.19968656,0.20047286
1549949173,0.42107394,0.26163337,0.31729275
1549973929,0.33321556,0.3367002,0.33008417
1550033628,0.27719104,0.34101236,0.3817966
1550205100,0.32030222,0.30907154,0.37062627
1550303111,0.33944228,0.21049385,0.4500639
1550330610,0.30884483,0.3482464,0.34290874
1550476767,0.3178891,0.41202393,0.27008685
1550514150,0.33454308,0.37603214,0.28942484
1550656612,0.50677216,0.24667883,0.24654897
1550723982,0.4614151,0.2985138,0.24007107
1550750614,0.16266705,0.6359179,0.20141506
1550795672,0.55296427,0.25663805,0.19039774
1550807865,0.15850703,0.6668735,0.17461942
1550821548,0.30182236,0.37777838,0.32039934
1550844379,0.22661485,0.5904839,0.18290122
1550858787,0.33913344,0.28000796,0.3808586
1551062178,0.25174952,0.2071247,0.54112583
1551084385,0.37159252,0.34988108,0.27852643
1551129623,0.3063524,0.37660363,0.31704396
1551177751,0.35851952,0.2753392,0.3661413
1551260564,0.4161486,0.31804708,0.26580432
1551390040,0.41044638,0.25829557,0.33125803
1551548454,0.62926215,0.15705056,0.21368724
1551629992,0.44868645,0.32735133,0.22396225
1551665202,0.31720525,0.4770483,0.2057464
1551696258,0.23198368,0.24196152,0.5260548
1551706273,0.57853115,0.17904976,0.24241906
1551761603,0.582716,0.2201081,0.19717592
1551797389,0.6386635,0.18185943,0.1794772
1551910009,0.65829694,0.15512325,0.18657985
1552024088,0.607171,0.2045891,0.18823992
1552058837,0.36526325,0.3552012,0.27953553
1552072085,0.34141138,0.3523133,0.30627534
1552094317,0.16119419,0.6512767,0.1875291
1552209818,0.245347,0.23660955,0.51804346
1552224995,0.090446204,0.8063245,0.10322929
1552285905,0.2516473,0.4380286,0.31032407
1552340367,0.39689758,0.2999417,0.3031608
1552398744,0.15573005,0.12604854,0.71822137
1552410386,0.33751038,0.31626144,0.34622818
1552546118,0.2852654,0.4365179,0.27821678
1552549145,0.22747566,0.13218129,0.6403431
1552662924,0.44284672,0.29571068,0.26144266
1552940599,0.283928,0.2541578,0.46191418
1553037139,0.280149,0.37802535,0.34182557
1553058080,0.37590605,0.33287847,0.29121557
1553184403,0.33978936,0.39877763,0.26143306
1553201456,0.098544054,0.7855186,0.11593731
1553218294,0.20275125,0.18736826,0.6098805
1553221477,0.31309834,0.3632437,0.323658
1553319303,0.36302432,0.30711818,0.32985747
1553364331,0.49336222,0.25606236,0.25057545
1553373252,0.27501917,0.41836783,0.30661303
1553398156,0.77425987,0.08869821,0.13704188
1553445593,0.12865955,0.7277944,0.14354607
1553452988,0.17351387,0.14646228,0.6800239
1553519118,0.29201692,0.4096802,0.29830286
1553584105,0.19022663,0.6103305,0.19944283
1553636563,0.31011114,0.33295453,0.35693434
1553645528,0.33188674,0.2964046,0.3717087
1553679197,0.6403844,0.14948614,0.21012948
1553679503,0.15057889,0.69849,0.15093116
1553690962,0.26520702,0.44712982,0.28766313
1553725051,0.34640777,0.24355057,0.41004163
1553877406,0.3211454,0.3347256,0.34412912
1553882021,0.18160777,0.13019206,0.6882002
1553909298,0.5047005,0.27435294,0.22094655
1554004383,0.1368848,0.69583505,0.1672802
1554007503,0.25215968,0.32142374,0.4264166
1554034790,0.2653426,0.21792732,0.51673007
1554040007,0.3303458,0.39334488,0.2763094
1554069666,0.29806626,0.37037474,0.33155897
1554071754,0.28586596,0.36007413,0.35406
1554102919,0.20652083,0.5973827,0.1960964
1554123495,0.18061695,0.5737819,0.24560116
1554287998,0.5164444,0.18529902,0.29825652
1554312766,0.2932897,0.2546441,0.45206618
1554318228,0.21490985,0.17086306,0.61422706
1554476691,0.08680991,0.80029994,0.112890124
1554476853,0.36736894,0.36905786,0.26357317
1554496873,0.36793527,0.32672766,0.30533698
1554560078,0.26007363,0.26490438,0.475022
1554700928,0.3836417,0.30481085,0.31154746
1554781189,0.2693634,0.46117428,0.26946232
1554798788,0.2917867,0.2756735,0.43253973
1554872879,0.38138226,0.32319385,0.29542392
1554876073,0.16020179,0.64651066,0.19328754
1554895376,0.14150001,0.66751647,0.19098352
1554904678,0.16354923,0.6267782,0.20967257
1554913886,0.25929487,0.31718576,0.4235194
1554955387,0.5859963,0.22406563,0.189938
1555000630,0.34879422,0.3759837,0.27522215
1555004370,0.26264,0.24599886,0.49136114
1555074341,0.22633065,0.39937112,0.37429821
1555077172,0.3285704,0.24691166,0.4245179
1555149570,0.44295952,0.29336584,0.2636747
1555273690,0.41670087,0.3273894,0.25590968
1555313488,0.3276465,0.35503134,0.31732213
1555347282,0.6643085,0.12620132,0.20949018
1555416303,0.78522426,0.09676115,0.11801464
1555417683,0.40506846,0.29370588,0.3012256
1555746061,0.10178351,0.09804241,0.80017406
1555915481,0.6631257,0.1557708,0.18110344
1556095792,0.23914076,0.47004315,0.2908161
1556148778,0.2572579,0.24906881,0.49367324
1556254751,0.48054326,0.272422,0.24703477
1556304914,0.28864846,0.35619876,0.35515282
1556433798,0.1540019,0.6591924,0.18680575
1556478096,0.42319566,0.29794347,0.27886093
1556521592,0.40540603,0.30671808,0.28787592
1556559670,0.32031798,0.29244277,0.38723928
1556711386,0.6126662,0.20067412,0.1866597
1556781410,0.5730928,0.21619874,0.21070836
1556795265,0.33675012,0.3354736,0.3277762
1556848365,0.26907036,0.30032712,0.43060246
1556867544,0.38925147,0.2620655,0.34868303
1556900097,0.38968378,0.28263667,0.32767957
1556923438,0.26832652,0.43014035,0.3015332
1557020354,0.3488867,0.34800234,0.3031109
1557032898,0.23966745,0.27864805,0.48168457
1557079066,0.49932036,0.25801924,0.24266042
1557212012,0.29359427,0.3914903,0.31491542
1557305710,0.4207655,0.29907387,0.28016064
1557309636,0.3310693,0.3778032,0.29112756
1557357677,0.29711846,0.39758393,0.30529764
1557365103,0.30979723,0.39587948,0.29432324
1557427436,0.49802196,0.24309815,0.2588799
1557518374,0.27246156,0.3447172,0.3828212
1557643953,0.68778217,0.14934261,0.16287526
1557681714,0.31437203,0.33238617,0.3532418
1557683071,0.26333115,0.31555858,0.42111024
1557738162,0.2589793,0.29392782,0.4470929
1557865792,0.3409649,0.4044897,0.25454545
1557870038,0.09400156,0.09542104,0.81057733
1558066838,0.22182459,0.54042697,0.23774847
1558184144,0.33603752,0.37013206,0.29383045
1558191336,0.47251436,0.20363538,0.32385024
1558232164,0.28189814,0.42234883,0.29575306
1558259444,0.32778093,0.30647385,0.36574516
1558291472,0.46746662,0.25865176,0.27388158
1558431148,0.54849446,0.23883781,0.21266776
1558499019,0.38698265,0.33247083,0.28054652
1558568018,0.21160665,0.50230116,0.28609216
1558571254,0.28602034,0.41890347,0.29507625
1558571802,0.35753533,0.33993334,0.3025313
1558587124,0.15804994,0.14628248,0.6956675
1558597395,0.1310129,0.70545286,0.16353418
1558658653,0.4469883,0.25823778,0.29477397
1558767157,0.64055425,0.1341155,0.22533022
1558777899,0.4856424,0.29261187,0.22174571
1558912027,0.21475735,0.4848781,0.30036452
1558920207,0.40686136,0.3476925,0.24544623
1558927094,0.39739606,0.31060064,0.2920032
1558936179,0.27060416,0.54139584,0.18800002
1558951820,0.32364967,0.34218594,0.33416438
1558959570,0.41671667,0.3242803,0.259003
1558982800,0.5403682,0.21140969,0.24822202
1559075212,0.3911733,0.2929592,0.31586742
1559452129,0.33317885,0.2969005,0.36992067
1559458337,0.2987424,0.40691483,0.2943428
1559497425,0.38431185,0.33123723,0.28445086
1559520639,0.27068308,0.31401384,0.41530308
1559534124,0.31503224,0.3857523,0.29921547
1559655202,0.509202,0.27574584,0.21505214
1559661876,0.33873752,0.37705225,0.2842102
1559682009,0.28528118,0.42079517,0.29392365
1559706200,0.23664095,0.513451,0.24990812
1559720207,0.22904465,0.23304208,0.5379133
1559913144,0.32214582,0.34811068,0.32974347
1559979735,0.34195927,0.34639558,0.3116451
1560144111,0.4048055,0.29031315,0.3048814
1560148499,0.47457722,0.24704887,0.2783739
1560169397,0.42121652,0.31533846,0.26344505
1560559027,0.4462686,0.2643799,0.28935155
1560594781,0.41102627,0.30317312,0.2858006
1560687262,0.44554088,0.3246601,0.22979899
1560700239,0.41465196,0.1989276,0.3864205
1560788435,0.34473696,0.31045762,0.34480545
1560799471,0.27392465,0.22007069,0.50600463
1560835496,0.21158148,0.20625333,0.58216524
1560872156,0.41203457,0.32049105,0.26747432
1560897439,0.401682,0.32590994,0.272408
1560900362,0.4361807,0.31741527,0.2464041
1560969594,0.12981026,0.7163986,0.15379111
1561095959,0.6540552,0.16815785,0.17778707
1561122774,0.30674213,0.3771938,0.31606412
1561254392,0.16471511,0.15720202,0.6780828
1561345296,0.19083382,0.1874002,0.621766
1561349153,0.48238242,0.23405538,0.28356215
1561410669,0.5130083,0.27138308,0.21560857
1561509906,0.21747378,0.5546562,0.22787005
1561527695,0.2718472,0.45079187,0.277361
1561600123,0.27846637,0.41420838,0.30732512
1561633757,0.06734637,0.06135574,0.87129784
1561920988,0.27105522,0.2789147,0.45003
1562046644,0.28008357,0.32542887,0.3944875
1562168146,0.13194364,0.7181404,0.149916
1562226463,0.13300635,0.7141001,0.15289348
1562495095,0.2277583,0.4230156,0.34922612
1562500237,0.21988218,0.28904158,0.49107614
1562519912,0.35263485,0.34155214,0.305813
1562683773,0.19704571,0.6182448,0.18470946
1562778298,0.6122407,0.21051988,0.17723942
1562780380,0.40978745,0.30670685,0.2835057
1562795825,0.4644276,0.23741199,0.2981604
1562985594,0.28299075,0.39533913,0.3216701
1563013826,0.405751,0.328639,0.26561004
1563056235,0.15395679,0.6935648,0.15247847
1563096379,0.25328818,0.44408333,0.30262852
1563145088,0.6294979,0.1800944,0.19040774
1563211594,0.39014655,0.34728378,0.26256973
1563241046,0.3526193,0.32634926,0.3210314
1563306175,0.2503496,0.4398941,0.30975625
1563323824,0.5383758,0.22289057,0.23873362
1563380516,0.34595087,0.37659925,0.2774499
1563464106,0.24505998,0.30730173,0.44763827
1563872364,0.2826195,0.32592925,0.39145127
1563978488,0.35812575,0.37789288,0.2639815
1563979586,0.3925737,0.30813545,0.29929084
1564030860,0.1770595,0.4978016,0.32513887
1564198698,0.1652396,0.63554335,0.1992171
1564226033,0.20605601,0.1723501,0.62159383
1564227615,0.29249603,0.41925472,0.28824922
1564239543,0.35239813,0.35747346,0.29012838
1564267187,0.5954944,0.18635356,0.21815203
1564270024,0.32596055,0.33108896,0.34295052
1564292169,0.11192221,0.743805,0.14427282
1564309273,0.38479882,0.31248412,0.30271712
1564395560,0.101301394,0.7798261,0.118872456
1564409630,0.38518104,0.36434793,0.2504711
1564503224,0.34037143,0.34583884,0.31378978
1564581222,0.3684189,0.31033754,0.32124358
1564677098,0.64109993,0.14972132,0.2091788
1564711501,0.49381226,0.26471284,0.24147496
1564719155,0.2999491,0.4127001,0.2873508
1564727138,0.50223583,0.26168057,0.23608358
1564828312,0.29093054,0.40600747,0.30306205
1564918885,0.24994335,0.29045594,0.4596007
1564984305,0.5388147,0.217401,0.24378422
1565286697,0.3064662,0.37175056,0.32178327
1565293604,0.3512915,0.31021,0.3384985
1565296683,0.07510769,0.82632905,0.09856327
1565307318,0.5859337,0.1798009,0.2342654
1565547006,0.79070014,0.08532473,0.123975076
1565590519,0.28461963,0.38526487,0.33011544
1565624242,0.2075589,0.20222564,0.59021544
1565632056,0.26921898,0.37553737,0.35524368
1565678084,0.25225332,0.4695663,0.27818045
1565786808,0.7878562,0.08605822,0.12608549
1565815814,0.32102862,0.22178261,0.45718876
1565824391,0.36453325,0.36354664,0.27192006
1565932246,0.6063643,0.09923951,0.29439622
1565932437,0.505107,0.18526907,0.30962393
1565949492,0.273245,0.35531953,0.37143552
1565969052,0.122375354,0.71845645,0.15916817
1565997086,0.22930615,0.48143202,0.28926185
1566007232,0.3585519,0.31944713,0.32200098
1566079937,0.464952,0.25477785,0.28027013
1566307653,0.1920464,0.5259686,0.28198498
1566333063,0.40886492,0.29155424,0.29958084
1566605226,0.31758294,0.40785986,0.27455717
1566783308,0.39163095,0.3407535,0.2676156
1566906056,0.07904798,0.07427104,0.84668094
1566954372,0.14877014,0.694437,0.15679291
1566998417,0.38245788,0.3306088,0.28693327
1567104185,0.39953294,0.29459637,0.30587068
1567149902,0.108178094,0.7787954,0.11302649
1567277540,0.08254792,0.81159717,0.105854996
1567424993,0.1152174,0.7546737,0.13010892
1567471829,0.13918526,0.12474027,0.73607457
1567620147,0.42897385,0.3087046,0.26232147
1567627585,0.34039462,0.2636894,0.39591593
1567769102,0.472764,0.26890367,0.2583323
1567830034,0.31352735,0.3754315,0.31104118
1567884189,0.38473305,0.34589633,0.2693706
1568002876,0.2695085,0.43896854,0.29152298
1568040670,0.46959835,0.2671539,0.2632478
1568044811,0.09672209,0.08434351,0.8189345
1568062166,0.30952427,0.35185733,0.3386184
1568170498,0.8345271,0.062011853,0.10346104
1568296694,0.3620615,0.23439129,0.40354726
1568335656,0.6029396,0.17295535,0.22410506
1568434256,0.27899665,0.38277566,0.3382278
1568478348,0.23875524,0.4801235,0.28112137
1568492487,0.4033193,0.30827442,0.28840634
1568501452,0.4964145,0.27372834,0.22985709
1568625656,0.6457648,0.15968606,0.1945491
1568646123,0.42272717,0.36812174,0.20915113
1568703646,0.5629696,0.23245054,0.20457982
1568735071,0.31188786,0.3502361,0.33787608
1568877174,0.2593066,0.32845753,0.41223586
1569194084,0.31129324,0.41583356,0.27287322
1569385777,0.37029076,0.28304866,0.3466606
1569413239,0.12818888,0.7046352,0.16717593
1569453883,0.45595178,0.16017282,0.38387543
1569527028,0.44462875,0.29394037,0.26143077
1569547253,0.5559944,0.22550502,0.21850052
1569564995,0.26416165,0.2421265,0.4937118
1569598885,0.5595275,0.22811912,0.21235329
1569740030,0.26223636,0.2743982,0.46336547
1569789202,0.15577863,0.6675827,0.17663871
1569819771,0.62765706,0.14882298,0.22352003
1569845106,0.34436077,0.28357986,0.37205943
1569852153,0.34520024,0.3062194,0.3485804
1569856595,0.41056925,0.32710057,0.26233026
1569901954,0.31913412,0.30471227,0.37615365
1569988008,0.39227837,0.34621766,0.261504
1570005821,0.42747515,0.2703872,0.30213764
1570026514,0.14262457,0.6710783,0.18629713
1570086213,0.20150414,0.5845857,0.21391012
1570415022,0.13406481,0.10614716,0.75978804
1570523015,0.3072108,0.4814215,0.21136764
1570574380,0.12967749,0.69302446,0.177298
1570768895,0.35310507,0.38325956,0.26363543
1571039670,0.1322223,0.7177061,0.15007168
1571188414,0.5177785,0.24997534,0.23224615
1571303336,0.19260947,0.5847986,0.22259203
1571333066,0.33616024,0.39140224,0.2724375
1571413855,0.3901946,0.285072,0.32473338
1571421959,0.2131119,0.4416462,0.34524196
1571475596,0.24869588,0.42204818,0.3292559
1571543941,0.39540827,0.34557816,0.25901353
1571552797,0.5627727,0.18344179,0.25378543
1571605354,0.36382413,0.3033139,0.33286196
1571686421,0.14957552,0.67417616,0.17624833
1571748016,0.27710345,0.34844294,0.3744536
1571798971,0.3056719,0.42063677,0.27369133
1571869710,0.26450312,0.35295898,0.382538
1571929442,0.444646,0.30318388,0.25217012
1572015236,0.34656438,0.24935977,0.4040758
1572221135,0.47314543,0.2504184,0.27643615
1572376204,0.1298967,0.6698298,0.20027351
1572378622,0.37196222,0.33287886,0.29515886
1572470569,0.50741535,0.2639045,0.22868018
1572532364,0.22353,0.22458643,0.55188364
1572553183,0.11863336,0.71229094,0.16907567
1572825440,0.24809901,0.38139892,0.3705021
1572883570,0.11599631,0.7318812,0.1521225
1572914742,0.14244448,0.6805184,0.17703713
1573041293,0.41767848,0.31410223,0.26821923
1573161678,0.12757093,0.73675895,0.13567007
1573212317,0.40409026,0.27990663,0.31600317
1573520031,0.4049376,0.30179816,0.29326418
1573535615,0.39719945,0.26549882,0.33730173
1573539082,0.7035649,0.1406008,0.1558344
1573875860,0.24190214,0.40177932,0.35631856
1574037377,0.6024157,0.20343965,0.19414459
1574177759,0.33987895,0.4174248,0.24269624
1574360470,0.27784067,0.51049495,0.21166442
1574464447,0.4013088,0.3245231,0.27416807
1574536110,0.436879,0.25464842,0.3084726
1574662905,0.34789222,0.2956621,0.3564457
1574701586,0.29566917,0.2999262,0.40440467
1574759770,0.2821732,0.2951567,0.42267016
1574775583,0.21508363,0.2229481,0.56196827
1574858835,0.44529817,0.27945074,0.2752511
1574866503,0.29011607,0.1398672,0.57001674
1574930326,0.4224722,0.37456927,0.2029585
1575052556,0.21985017,0.24302185,0.537128
1575244496,0.29113153,0.31180108,0.39706737
1575251701,0.20497602,0.5583971,0.23662677
1575308048,0.20242372,0.55492544,0.24265084
1575364240,0.2910516,0.3180688,0.39087954
1575430052,0.36224136,0.3202061,0.31755248
1575456255,0.28093642,0.35110766,0.3679559
1575539869,0.23375122,0.5415116,0.22473724
1575555457,0.25966477,0.2164614,0.5238738
1575598780,0.23147802,0.25593632,0.5125856
1575814848,0.20881815,0.44781345,0.34336847
1575867410,0.4076039,0.30083323,0.29156286
1575868665,0.29743135,0.41351226,0.28905642
1575966256,0.25010478,0.3732013,0.37669393
1576478815,0.29021677,0.39142534,0.3183579
1576617046,0.24240626,0.40444374,0.35314998
1576658222,0.21016774,0.5020349,0.2877973
1576667106,0.42098987,0.32792768,0.25108242
1576677757,0.49056906,0.21443722,0.29499373
1576689479,0.3787,0.33854142,0.28275847
1576701999,0.37516528,0.26029927,0.3645355
1576739802,0.23948498,0.42352974,0.33698532
1576777248,0.21200411,0.19244505,0.5955509
1576832390,0.3876734,0.36615658,0.24617004
1576944944,0.5112673,0.25518638,0.2335463
1576959078,0.30619267,0.36347187,0.33033553
1577004924,0.4907305,0.26866502,0.24060445
1577045507,0.45787916,0.2911102,0.25101063
1577083695,0.28275388,0.3630756,0.35417053
1577088239,0.25148812,0.39827612,0.35023573
1577183290,0.33952767,0.3029748,0.35749748
1577250774,0.45141086,0.29526076,0.25332826
1577508368,0.26974067,0.26936966,0.4608897
1577605262,0.5172883,0.25933853,0.2233731
1577675130,0.18762274,0.39839435,0.41398287
1577762101,0.3962484,0.30324945,0.30050212
1577790242,0.32824343,0.3861047,0.28565186
1577806978,0.2658454,0.4490639,0.2850907
1577839236,0.4378139,0.30915737,0.25302875
1577844014,0.1440626,0.70256335,0.15337403
1577883326,0.52891725,0.2255465,0.24553628
1578075430,0.22320062,0.29535297,0.48144642
1578364134,0.46214426,0.27537125,0.26248452
1578374094,0.31658196,0.3188501,0.36456794
1578411592,0.408111,0.26472685,0.3271622
1578641876,0.33123136,0.3978365,0.27093217
1578656497,0.27562508,0.45054552,0.2738293
1578708985,0.32978407,0.45094216,0.21927378
1578886460,0.5177914,0.25968358,0.22252502
1578912396,0.6964278,0.13626328,0.16730893
1578953865,0.4322998,0.25227425,0.31542596
1579217754,0.2939739,0.3810229,0.32500327
1579308266,0.33026126,0.38009048,0.28964835
1579331830,0.34689307,0.35462183,0.2984851
1579331845,0.39664227,0.26533937,0.33801842
1579445562,0.54022217,0.24872775,0.2110501
1579455262,0.27723342,0.21356113,0.50920546
1579478372,0.1844061,0.26798615,0.5476077
1579535336,0.38033596,0.3731836,0.24648035
1579576872,0.45201334,0.27857172,0.26941505
1579624624,0.33674115,0.36093053,0.3023284
1579784333,0.35353753,0.36380416,0.28265825
1579829176,0.39994794,0.32021788,0.2798342
1579830540,0.2127807,0.22471128,0.562508
1579920550,0.13049576,0.71249026,0.15701403
1579923608,0.4772561,0.32346702,0.19927695
1579935000,0.3721536,0.33387178,0.29397464
1580014003,0.24588537,0.5162532,0.23786145
1580108096,0.37162447,0.36194223,0.26643324
1580232758,0.53338563,0.2569765,0.20963793
1580246490,0.22476575,0.40103492,0.37419933
1580267370,0.29619625,0.3484247,0.35537905
1580319186,0.66596866,0.1343147,0.19971663
1580329423,0.19268133,0.5576199,0.24969874
1580337118,0.4037191,0.29096028,0.30532065
1580414987,0.3044779,0.30031812,0.39520395
1580562923,0.10577834,0.7627903,0.13143136
1580582369,0.41463792,0.34657958,0.23878245
1580619484,0.36122382,0.30805427,0.33072197
1580712475,0.5755771,0.20734262,0.21708034
1580864148,0.08051679,0.8147725,0.10471074
1580970194,0.3197059,0.38780522,0.29248887
1580975952,0.58932644,0.20977296,0.20090063
1581003581,0.339672,0.31570247,0.34462562
1581116645,0.49371263,0.23654924,0.2697382
1581177564,0.32606652,0.34148195,0.33245158
1581245541,0.33095187,0.31064102,0.35840708
1581317758,0.29261032,0.4415093,0.2658804
1581369027,0.12041533,0.77514833,0.104436375
1581399217,0.35822305,0.3091864,0.33259055
1581469972,0.1592545,0.163601,0.67714447
1581483125,0.17916426,0.17310202,0.64773375
1581527303,0.35450837,0.33664083,0.30885082
1581537748,0.3676132,0.29166007,0.34072673
1581550549,0.25409818,0.47721466,0.26868716
1581559622,0.27381027,0.4734517,0.25273797
1581630968,0.47772852,0.28628564,0.23598583
1581677926,0.3205644,0.42806098,0.2513747
1581766713,0.3919178,0.37271085,0.2353713
1581989089,0.30391526,0.3638246,0.3322602
1582090564,0.5120883,0.19131452,0.2965971
1582256615,0.29230648,0.28342944,0.42426407
1582275057,0.39440843,0.3232613,0.2823303
1582285515,0.22008441,0.5169528,0.26296273
1582297086,0.21591634,0.49605936,0.2880243
1582350819,0.36052763,0.36932078,0.27015162
1582450780,0.44695488,0.29892263,0.25412256
1582794382,0.20994925,0.5711132,0.21893753
1582802158,0.17614762,0.59382784,0.23002453
1582902417,0.56298786,0.22347456,0.21353751
1582928543,0.11473827,0.74668294,0.13857885
1582968476,0.50772876,0.28514528,0.20712592
1583075693,0.37612635,0.33506283,0.28881082
1583128758,0.7134495,0.11970734,0.1668431
1583233073,0.5594511,0.19059274,0.24995616
1583301684,0.2619651,0.47956508,0.25846973
1583311513,0.1385276,0.7130435,0.14842892
1583331605,0.23314507,0.5046343,0.2622206
1583336579,0.4366611,0.2652492,0.29808977
1583472637,0.3490841,0.3558597,0.29505625
1583637741,0.3257376,0.4335511,0.24071126
1583682428,0.15029934,0.6795329,0.17016776
1583689516,0.31972715,0.38523403,0.29503885
1583752046,0.48690265,0.3053569,0.20774049
1583778064,0.37925932,0.33901504,0.28172565
1583803423,0.08869337,0.8181714,0.09313531
1583808444,0.3218631,0.391151,0.28698587
1583858119,0.57462686,0.16911682,0.2562563
1583962668,0.25004023,0.37392908,0.37603062
1584042913,0.5697036,0.22286455,0.20743194
1584108159,0.3560844,0.29161015,0.35230538
1584154088,0.46027327,0.26784924,0.2718776
1584319326,0.3214779,0.39988658,0.27863547
1584353583,0.25271294,0.19249322,0.55479383
1584392939,0.23829046,0.37128878,0.39042076
1584473523,0.4006712,0.29266742,0.30666137
1584565672,0.29738522,0.38548812,0.31712663
1584566839,0.31794694,0.2796272,0.40242586
1584601353,0.27832037,0.34224725,0.37943232
1584614778,0.34745026,0.3780715,0.2744782
1584726091,0.4020313,0.27751574,0.32045305
1584755738,0.2741822,0.41407737,0.31174043
1584769560,0.60908484,0.17752244,0.21339267
1584783914,0.23960419,0.4428326,0.3175632
1584828913,0.29562846,0.33506134,0.36931026
1584893532,0.32178277,0.316093,0.36212426
1585131832,0.41086763,0.31291515,0.2762172
1585151294,0.44023734,0.29912677,0.26063594
1585380248,0.3084371,0.30017018,0.3913927
1585410302,0.45212787,0.30504122,0.2428309
1585442353,0.36500198,0.26510885,0.36988926
1585465618,0.34713286,0.2856376,0.36722955
1585533801,0.06893418,0.072681226,0.8583846
1585563968,0.30229023,0.36650777,0.331202
1585646412,0.2695758,0.4448395,0.2855847
1585739881,0.20973696,0.4977971,0.29246598
1585770712,0.2596709,0.21746024,0.5228688
1585788708,0.3104406,0.3719291,0.31763023
1585874780,0.62095374,0.187021,0.19202532
1585895321,0.383192,0.32878587,0.28802213
1585897717,0.34302056,0.25773513,0.39924434
1585993730,0.4789847,0.29529735,0.22571792
1586069044,0.25303277,0.17570308,0.5712642
1586278347,0.45934892,0.28293702,0.25771406
1586375920,0.45095903,0.29672807,0.25231296
1586391092,0.4518167,0.32152292,0.22666036
1586598952,0.4844473,0.2336103,0.2819425
1586608645,0.37245312,0.33139795,0.296149
1586618014,0.44685572,0.2416502,0.31149408
1586784827,0.22417077,0.50184804,0.27398112
1586857881,0.3165586,0.3285821,0.35485935
1586859701,0.5145862,0.23834236,0.2470715
1586863487,0.47434038,0.20025586,0.32540375
1586944136,0.12106609,0.13805488,0.74087906
1587034462,0.4735699,0.22558919,0.30084088
1587107095,0.2827196,0.40994665,0.30733377
1587121711,0.284971,0.33908215,0.37594685
1587129029,0.45432407,0.25423646,0.29143944
1587169170,0.46844658,0.2689163,0.26263705
1587194833,0.6613624,0.15127164,0.18736587
1587229964,0.34399006,0.36807328,0.2879367
1587237591,0.31213954,0.3734918,0.31436864
1587369139,0.35226673,0.3040239,0.34370935
1587433367,0.25596932,0.35018975,0.39384103
1587512829,0.28136402,0.2064297,0.51220626
1587651194,0.27580163,0.445079,0.27911937
1587697011,0.376165,0.31647137,0.30736363
1587753938,0.59283435,0.12733339,0.27983224
1587855609,0.51785517,0.25605932,0.22608556
1587940698,0.22723645,0.26343688,0.50932664
1588105720,0.4398803,0.25737306,0.30274656
1588126229,0.49654934,0.2414042,0.26204643
1588239586,0.27549917,0.41468775,0.3098131
1588393459,0.3117079,0.3980798,0.2902122
1588462653,0.3477369,0.27606624,0.37619683
1588657712,0.28607076,0.28455687,0.42937243
1588917103,0.20632896,0.5579905,0.23568052
1588948633,0.15408812,0.66694194,0.17896998
1589137289,0.25235024,0.44181457,0.3058352
1589226234,0.47186542,0.26887897,0.25925568
1589332090,0.09249482,0.7852182,0.12228702
1589367898,0.30956456,0.37788013,0.31255525
1589379263,0.42354545,0.30775797,0.2686966
1589543088,0.58679575,0.16370277,0.2495015
1589666648,0.5902165,0.20511843,0.20466506
1589676425,0.40331715,0.3669363,0.22974654
1589721142,0.41020995,0.2845401,0.30524993
1589757642,0.4048034,0.33726627,0.2579304
1589764093,0.43381745,0.29837853,0.26780415
1589767457,0.33990842,0.3632979,0.29679373
1589888986,0.5558743,0.24287908,0.2012466
1589910225,0.17143476,0.20474227,0.623823
1589939299,0.5708825,0.18520035,0.24391708
1589947497,0.30549437,0.34122524,0.35328034
1590024084,0.15175661,0.6620775,0.1861659
1590067936,0.5764889,0.2251391,0.19837207
1590075784,0.19414274,0.41666964,0.38918772
1590080958,0.2750125,0.3723069,0.3526805
1590114635,0.3034883,0.41774446,0.2787672
1590208245,0.27568987,0.39313447,0.33117574
1590236491,0.4062193,0.34821525,0.24556544
1590408602,0.23033205,0.23148264,0.5381853
1590591449,0.34848583,0.36488867,0.28662547
1590598939,0.5734019,0.21760862,0.20898941
1590633590,0.106435776,0.76041585,0.13314831
1590762114,0.29163638,0.2969886,0.41137493
1591114772,0.35160717,0.35284817,0.2955447
1591210425,0.50199574,0.26607123,0.23193295
1591251663,0.11048892,0.09408804,0.795423
1591287203,0.39685702,0.31880462,0.28433838
1591366972,0.29094023,0.3589764,0.35008338
1591413411,0.4955661,0.26622182,0.23821206
1591437507,0.19225222,0.35746026,0.45028752
1591464186,0.4530273,0.26192853,0.2850442
1591469791,0.47666878,0.29000983,0.23332134
1591483485,0.32314333,0.40757617,0.26928052
1591502560,0.15481243,0.17177539,0.6734122
1591772042,0.30730954,0.40271854,0.28997186
1591777615,0.4002176,0.26511604,0.3346663
1591894259,0.18433864,0.5428963,0.2727651
1591920465,0.47848028,0.24345383,0.27806586
1591924742,0.37028018,0.35879043,0.2709294
1591966528,0.09774773,0.0947999,0.80745244
1591976733,0.41349176,0.32825297,0.2582553
1592037539,0.05755127,0.86408323,0.078365505
1592133882,0.2667472,0.27769792,0.4555549
1592439919,0.3030554,0.31830376,0.37864086
1592475350,0.3061107,0.33092228,0.36296704
1592486474,0.36221775,0.3851091,0.2526731
1592574381,0.41227043,0.35992497,0.22780463
1592720903,0.29314104,0.33031318,0.37654576
1592986657,0.4435003,0.3201167,0.23638289
1593155533,0.36553168,0.36000967,0.27445862
1593343512,0.28470486,0.5027545,0.21254057
1593347505,0.13717285,0.6465204,0.21630675
1593435069,0.43502983,0.2921336,0.27283657
1593661639,0.3502995,0.30878508,0.34091544
1593699969,0.4644607,0.29931936,0.23621994
1593832383,0.36538675,0.30305806,0.3315552
1593840431,0.22339278,0.4245852,0.352022
1593899320,0.6251774,0.19407156,0.18075114
1593997946,0.23575614,0.35812622,0.40611762
1594022931,0.26431704,0.21430025,0.52138275
1594144248,0.22956769,0.20290105,0.5675312
1594221095,0.5796984,0.19424343,0.22605817
1594311609,0.52131337,0.20073332,0.2779533
1594311882,0.46962312,0.18761101,0.34276593
1594444499,0.23651901,0.4255999,0.33788106
1594445523,0.3761457,0.3799911,0.24386314
1594498127,0.53549516,0.23980416,0.22470067
1594519552,0.13821705,0.13365866,0.7281243
1594545725,0.32123396,0.3583193,0.32044673
1594627991,0.30895153,0.4122193,0.27882922
1594831514,0.28196448,0.24255227,0.47548333
1595032271,0.1242846,0.6679798,0.2077356
1595083276,0.24684006,0.27326357,0.4798964
1595202470,0.19778484,0.17605688,0.6261583
1595280977,0.5339249,0.24866326,0.21741188
1595360794,0.18550016,0.45493755,0.35956237
1595377227,0.15788935,0.16078952,0.6813211
1595552836,0.41393873,0.3247786,0.2612827
1595828709,0.22569402,0.20313196,0.57117397
1596022201,0.20619951,0.182006,0.6117945
1596027091,0.17848,0.60875255,0.21276745
1596027900,0.21872312,0.2332711,0.54800576
1596032728,0.08357693,0.8029483,0.11347479
1596139116,0.23148657,0.22836994,0.54014343
1596201323,0.21938573,0.60365194,0.1769624
1596381647,0.15969531,0.40111765,0.43918705
1596472780,0.36678728,0.35444692,0.2787658
1596604971,0.22883436,0.4917183,0.27944735
1596671229,0.1538596,0.647567,0.19857341
1596685760,0.5787423,0.20196466,0.21929303
1596745329,0.28556177,0.28327852,0.4311597
1596860418,0.41759124,0.34894544,0.23346326
1596862780,0.20400412,0.6087302,0.18726557
1596897776,0.704012,0.13368979,0.16229823
1597293371,0.42354402,0.31833726,0.2581187
1597465855,0.40390602,0.26325375,0.33284014
1597487201,0.41421297,0.2854386,0.30034846
1597490157,0.2246619,0.4908371,0.28450108
1597666545,0.09827492,0.08037096,0.82135415
1597775889,0.44864643,0.2730079,0.2783456
1597899743,0.123440996,0.12773934,0.7488196
1597928032,0.50985146,0.26695898,0.22318965
1597955185,0.30708295,0.29428613,0.39863092
1598071968,0.40362144,0.27916974,0.3172089
1598179612,0.27490634,0.24929056,0.47580314
1598242270,0.33817217,0.4008136,0.26101422
1598262407,0.34414306,0.35218456,0.30367246
1598311169,0.4727033,0.26180083,0.26549584
1598313063,0.28665,0.47166356,0.24168642
1598356979,0.15465215,0.6729191,0.1724288
1598443492,0.5168076,0.24830022,0.23489213
1598453987,0.3801749,0.35369503,0.26613003
1598463363,0.48681554,0.2709912,0.2421932
1598470203,0.3732441,0.35639578,0.27036017
1598528295,0.1863223,0.5325097,0.28116804
1598706843,0.22558974,0.20785405,0.5665562
1598780276,0.23466194,0.45660728,0.30873087
1598872081,0.26356092,0.24611297,0.49032617
1598955966,0.7062904,0.13706377,0.15664579
1599096814,0.43548143,0.28925532,0.2752633
1599123199,0.29358953,0.27002615,0.43638438
1599267076,0.31316566,0.31801218,0.36882216
1599297569,0.4304071,0.24712302,0.32246986
1599309540,0.3104127,0.39192206,0.29766524
1599338338,0.23029658,0.3960193,0.37368405
1599565242,0.7295168,0.11909038,0.1513928
1599568522,0.34488147,0.26850116,0.38661733
1599722393,0.21501166,0.24059874,0.5443896
1599794379,0.26666722,0.41198784,0.32134494
1599855449,0.76965576,0.108226866,0.12211738
1600080586,0.39607894,0.3296587,0.27426246
1600117485,0.32835197,0.3537056,0.3179424
1600132077,0.103221886,0.769843,0.12693506
1600161023,0.1833731,0.3738906,0.4427363
1600360079,0.39915794,0.29717335,0.30366874
1600374126,0.56549925,0.24903485,0.18546592
1600546568,0.39968234,0.32568178,0.27463585
1600627615,0.2524232,0.42248207,0.3250948
1600632475,0.117821164,0.68615896,0.1960199
1600700048,0.4717717,0.29624885,0.23197941
1600997639,0.29047012,0.34432784,0.36520207
1601059626,0.13920395,0.6909577,0.16983834
1601116493,0.55428326,0.22040547,0.2253113
1601148012,0.3042243,0.37104002,0.32473564
1601191587,0.41555485,0.28350708,0.30093813
1601310078,0.4476361,0.27967745,0.27268645
1601400546,0.35301974,0.349773,0.2972072
1601578381,0.35185593,0.35903475,0.28910932
1601664239,0.32404193,0.32223293,0.35372505
1601791999,0.068819016,0.8361856,0.094995424
1601858576,0.46519515,0.29062298,0.24418195
1601966183,0.49552956,0.29613912,0.20833135
1601990898,0.43051302,0.30443278,0.2650542
1602025984,0.27672702,0.41154745,0.31172553
1602086526,0.6707465,0.105723485,0.22353
1602205437,0.33153504,0.35192302,0.316542
1602242007,0.34327644,0.36968023,0.28704327
1602446510,0.14960477,0.67425287,0.17614238
1602454146,0.19702867,0.5357985,0.2671729
1602546889,0.44491437,0.31546253,0.239623
1602570873,0.34754944,0.40217137,0.25027922
1602580450,0.74983877,0.106899686,0.14326154
1602619419,0.30764604,0.28454277,0.4078112
1602730606,0.2116223,0.5220823,0.26629534
1602883850,0.23494275,0.43364206,0.3314152
1602885927,0.13081963,0.726729,0.14245138
1602959815,0.3291437,0.27832198,0.39253426
1603000115,0.38236246,0.32552543,0.29211214
1603072180,0.12023086,0.73539954,0.14436956
1603089665,0.46080264,0.31392688,0.22527047
1603211318,0.20561095,0.1876732,0.6067158
1603272196,0.4237792,0.31505015,0.26117072
1603293209,0.35547638,0.20919496,0.43532863
1603477085,0.3621162,0.31408057,0.3238033
1603477366,0.2763366,0.24810639,0.47555697
1603497276,0.2746335,0.4337967,0.29156983
1603505794,0.43164212,0.29618275,0.27217513
1603573542,0.34069678,0.3322765,0.32702675
1603615529,0.43655452,0.2761563,0.2872892
1603683361,0.30540767,0.35188708,0.3427052
1603729573,0.35376233,0.35558775,0.29064995
1603768828,0.3886883,0.35817835,0.25313336
1603783520,0.40156648,0.29222858,0.30620492
1603870571,0.4781259,0.26601738,0.2558567
1603902456,0.08522119,0.79407597,0.12070287
1603913256,0.34583455,0.30838573,0.34577972
1603938600,0.2728699,0.4659788,0.26115128
1603947372,0.23576373,0.2806188,0.48361745
1603959339,0.314348,0.36226642,0.32338563
1603969099,0.33608127,0.32787028,0.33604845
1603995633,0.35109413,0.32211423,0.3267916
1604031501,0.54859704,0.24407999,0.20732291
1604038678,0.1571786,0.65065604,0.1921653
1604084168,0.16195945,0.15246187,0.6855787
1604197781,0.4929175,0.23123766,0.2758448
1604264801,0.4006787,0.17548485,0.42383644
1604326362,0.3318808,0.36689386,0.30122542
1604354080,0.19675665,0.17978561,0.62345773
1604451525,0.43930113,0.2536704,0.3070285
1604488772,0.42055434,0.31162414,0.26782155
1604561491,0.26487216,0.34544814,0.38967967
1604632236,0.272482,0.39150292,0.336015
1604667371,0.20428434,0.5764716,0.21924397
1604734870,0.22490536,0.5167041,0.25839055
1604849371,0.29688773,0.36516726,0.33794504
1605039407,0.33565453,0.39830375,0.2660418
1605077531,0.34991804,0.32419935,0.3258826
1605132608,0.3238047,0.35294518,0.32325014
1605149851,0.23443289,0.26546898,0.50009805
1605169614,0.2577713,0.5014875,0.24074118
1605254659,0.20553058,0.29731148,0.49715796
1605468502,0.14199896,0.6860004,0.17200065
1605475658,0.36983737,0.3579194,0.27224317
1605698283,0.18062718,0.18267167,0.63670105
1605719150,0.09681662,0.7780824,0.125101
1605752317,0.10613821,0.11788003,0.7759818
1605822431,0.5863549,0.19300069,0.22064438
1605823400,0.4767575,0.2598151,0.26342744
1605905924,0.2883265,0.38495392,0.32671955
1605947033,0.5651946,0.22923443,0.20557098
1605992008,0.36245653,0.3844979,0.25304556
1605996051,0.16630907,0.6215849,0.21210606
1605997061,0.6371991,0.18684033,0.17596051
1606003020,0.26475257,0.3032101,0.43203723
1606066599,0.37472647,0.3606138,0.2646597
1606083607,0.39594254,0.36361766,0.24043983
1606266296,0.31831503,0.39557263,0.28611246
1606296406,0.1778021,0.2017349,0.62046295
1606319405,0.29608086,0.34611467,0.35780448
1606353997,0.33768064,0.37343812,0.2888812
1606390545,0.4457007,0.303589,0.25071028
1606395278,0.087708324,0.08346775,0.828824
1606407543,0.18354993,0.54894596,0.26750413
1606413043,0.35678786,0.33260277,0.31060928
1606738061,0.34193674,0.37359977,0.28446352
1606811323,0.26422867,0.42340818,0.31236312
1606831933,0.45014942,0.1833294,0.3665212
1606898230,0.30971447,0.35102114,0.33926433
1606954393,0.33036515,0.33226973,0.33736515
1606954938,0.39617828,0.2969643,0.3068575
1607052168,0.2083469,0.5060976,0.28555548
1607078665,0.36738783,0.34193683,0.29067537
1607125870,0.24673598,0.4127572,0.34050685
1607191102,0.2512549,0.437336,0.31140906
1607248697,0.53549725,0.21917124,0.24533159
1607365369,0.7729797,0.10038589,0.12663446
1607408957,0.52782047,0.22768004,0.2444995
1607438312,0.25215828,0.42721632,0.32062536
1607649966,0.6905081,0.16283956,0.14665234
1607875755,0.38839075,0.33221105,0.27939817
1607876205,0.35992157,0.3817819,0.25829655
1607969247,0.47008604,0.24628201,0.28363204
1608032905,0.7512267,0.10349937,0.14527391
1608034386,0.23836991,0.37224182,0.38938832
1608142299,0.09467328,0.78933895,0.115987726
1608192009,0.26631352,0.22234043,0.511346
1608239763,0.38499472,0.37422436,0.24078095
1608397523,0.18676892,0.62591153,0.18731953
1608468480,0.24344164,0.39200318,0.36455524
1608513743,0.28381655,0.1994317,0.5167517
1608550087,0.43808997,0.30931464,0.25259545
1608594032,0.38944623,0.29229033,0.31826347
1608662642,0.42280707,0.2696088,0.3075842
1608781465,0.28456762,0.35703978,0.3583926
1608875178,0.5360703,0.18457192,0.27935782
1608906901,0.5817105,0.22204082,0.19624865
1608912898,0.3373612,0.4003553,0.2622835
1608963004,0.34438947,0.25173318,0.40387732
1609080132,0.18264832,0.17981769,0.637534
1609089622,0.34876755,0.16040128,0.49083123
1609217775,0.34878644,0.31219116,0.33902237
1609244394,0.3725671,0.27548927,0.35194364
1609369409,0.39567503,0.27727777,0.3270473
1609425811,0.2167704,0.44052,0.34270966
1609533605,0.3273286,0.3295962,0.34307522
1609628225,0.34930357,0.37258273,0.27811375
1609629198,0.21629898,0.17432493,0.6093761
1609686987,0.30995035,0.33910206,0.35094762
1609728490,0.6519799,0.16607252,0.1819475
1609837491,0.25568968,0.24908145,0.49522883
1609990742,0.54151577,0.22711533,0.23136897
1610002162,0.3131841,0.4700719,0.21674395
1610043516,0.37421572,0.36451977,0.2612646
1610201143,0.33727738,0.40557882,0.25714383
1610205099,0.23418441,0.47292343,0.29289207
1610231338,0.35224882,0.33368486,0.31406632
1610242350,0.35515484,0.38774377,0.25710133
1610324305,0.09729766,0.099996895,0.8027055
1610358504,0.4192031,0.29528436,0.2855125
1610359276,0.21126415,0.19719172,0.59154415
1610365006,0.22677086,0.52555037,0.24767885
1610415921,0.38967276,0.25932786,0.35099933
1610573244,0.31741855,0.3106382,0.3719433
1610667838,0.06457623,0.06290805,0.8725156
1610673413,0.37548217,0.34628817,0.27822968
1610774104,0.26083848,0.34135988,0.3978017
1610805624,0.41694084,0.3114737,0.2715855
1610872536,0.35334963,0.3188129,0.3278374
1610904870,0.45960456,0.22277379,0.3176216
1610968410,0.41413826,0.24610023,0.33976147
1610972404,0.24854134,0.22531688,0.5261417
1610986709,0.5755476,0.2074323,0.21702015
1611012745,0.26086733,0.33267257,0.40646005
1611103801,0.630554,0.16790962,0.20153637
1611220920,0.38888064,0.2831505,0.3279689
1611328179,0.13924204,0.14655815,0.71419984
1611390904,0.098757,0.79678226,0.10446073
1611402474,0.2956696,0.38969097,0.31463942
1611710358,0.16660644,0.14160384,0.6917897
1611788807,0.23176084,0.5041895,0.26404974
1611819941,0.42713386,0.31582397,0.25704223
1611948718,0.24480323,0.5155165,0.23968028
1612010123,0.22239569,0.50825834,0.26934588
1612091231,0.1932779,0.22090124,0.585821
1612280218,0.18614095,0.5608651,0.252994
1612324188,0.3529214,0.37609172,0.27098686
1612433188,0.46627682,0.2451977,0.2885255
1612488724,0.3318616,0.33261412,0.33552426
1612496112,0.17768794,0.5531317,0.26918036
1612520933,0.43911615,0.30959946,0.25128433
1612551938,0.10757454,0.75605446,0.13637099
1612717709,0.2285118,0.16388403,0.6076042
1612768800,0.6384472,0.14291915,0.21863356
1612811424,0.28766245,0.3041834,0.40815416
1612816978,0.34499618,0.35992667,0.29507717
1612820294,0.15857352,0.6569039,0.18452255
1612875011,0.062497176,0.8500942,0.087408595
1613012064,0.3412188,0.2776135,0.3811678
1613053708,0.17883547,0.6100719,0.2110926
1613083929,0.12117651,0.7047095,0.17411399
1613198022,0.38190907,0.21933536,0.39875552
1613232805,0.12741508,0.13685085,0.7357341
1613609982,0.449196,0.2790833,0.2717207
1613723897,0.196931,0.27719414,0.52587485
1613730522,0.30160928,0.349482,0.34890875
1613737445,0.38257957,0.22940211,0.3880183
1613824045,0.2882794,0.387715,0.32400548
1613850152,0.37533534,0.3069107,0.31775397
1613923538,0.40483513,0.32725316,0.26791176
1614020577,0.59504974,0.19391805,0.21103227
1614192173,0.228104,0.36028594,0.41161007
1614303339,0.52453,0.26902625,0.20644371
1614354108,0.19847786,0.19508088,0.60644126
1614422858,0.4905762,0.27528358,0.23414019
1614430673,0.19147116,0.5821407,0.22638817
1614515260,0.36340955,0.3558232,0.2807673
1614539656,0.13115351,0.71736413,0.15148234
1614541587,0.46060103,0.27651462,0.26288432
1614557080,0.17888322,0.60050553,0.2206113
1614628465,0.2801966,0.2836632,0.4361402
1614697254,0.33506972,0.2883899,0.3765404
1614713068,0.3920919,0.3447741,0.263134
1614834846,0.11301952,0.76137006,0.12561043
1614873658,0.27959174,0.42077282,0.29963535
1614908783,0.44153962,0.31861842,0.23984195
1614976085,0.24583557,0.49596164,0.25820276
1615087207,0.39261162,0.34288985,0.26449856
1615144035,0.34481996,0.35075673,0.30442333
1615296273,0.46318582,0.27100208,0.26581216
1615309005,0.534111,0.25725904,0.20863001
1615372878,0.2272663,0.50554806,0.26718566
1615480792,0.20303944,0.20602812,0.59093237
1615483187,0.41665336,0.32001796,0.2633287
1615572819,0.0985639,0.78999025,0.111445874
1615635284,0.3767639,0.33277127,0.2904648
1615734632,0.3615258,0.35868922,0.279785
1615783648,0.14622512,0.69648194,0.15729298
1615807992,0.53528494,0.25217104,0.21254396
1615866629,0.26566657,0.3709444,0.3633891
1615956280,0.51353997,0.25014126,0.23631877
1616001650,0.3744391,0.38631794,0.23924305
1616011673,0.27597177,0.26475662,0.45927158
1616031884,0.39123535,0.32219934,0.28656524
1616103241,0.308147,0.34878662,0.3430663
1616104820,0.3512234,0.36292732,0.2858493
1616110753,0.33370703,0.36198285,0.30431005
1616152487,0.2856613,0.35146102,0.36287767
1616262993,0.2744118,0.4495551,0.27603316
1616322521,0.34914866,0.3020381,0.34881327
1616331602,0.30687845,0.4177438,0.27537772
1616390305,0.34607744,0.35093033,0.3029922
1616461896,0.16606876,0.6453741,0.18855704
1616544667,0.38042828,0.32782295,0.29174873
1616715686,0.38350174,0.3436619,0.27283642
1617139899,0.4430562,0.28376532,0.27317858
1617187348,0.19502068,0.18959747,0.61538184
1617369867,0.4181324,0.3026035,0.27926412
1617396612,0.27101338,0.32031995,0.4086667
1617422523,0.24285914,0.32956427,0.4275766
1617428432,0.3142695,0.39689404,0.28883645
1617497755,0.5360458,0.21260728,0.25134695
1617616850,0.07504434,0.06468241,0.8602732
1617689788,0.14292966,0.6949537,0.16211669
1617790515,0.12177157,0.10200452,0.77622396
1617830955,0.20209232,0.43187922,0.3660284
1617887855,0.22882149,0.39695135,0.37422714
1618006620,0.34127215,0.30936822,0.3493597
1618255943,0.37069649,0.2798969,0.3494067
1618305495,0.39572677,0.3202434,0.28402984
1618329558,0.3104437,0.3436904,0.3458659
1618369444,0.42619747,0.30326718,0.2705353
1618382647,0.5544987,0.23704779,0.20845354
1618404561,0.4049472,0.32326412,0.2717887
1618613357,0.59290236,0.2109434,0.19615415
1618617837,0.39956972,0.28882208,0.31160828
1618650974,0.41148078,0.2651242,0.32339492
1618763092,0.43185586,0.30532682,0.26281732
1618809025,0.37788877,0.25587133,0.36623985
1618838240,0.278344,0.33906364,0.38259235
1618996550,0.3714053,0.34934014,0.27925453
1619102855,0.1287477,0.70936084,0.1618915
1619193804,0.48104534,0.2979351,0.22101964
1619320065,0.5857306,0.20776089,0.20650853
1619466567,0.46795937,0.26822814,0.26381245
1619735172,0.48950586,0.27559695,0.23489717
1619868629,0.51463854,0.25333518,0.23202628
1619884496,0.24291606,0.4825992,0.2744847
1620015064,0.31030926,0.3581207,0.33157003
1620143181,0.34315357,0.307537,0.3493095
1620144338,0.2783367,0.35851806,0.36314526
1620207100,0.551641,0.21753514,0.23082387
1620267727,0.31944695,0.38456765,0.29598543
1620268752,0.18202312,0.61296713,0.20500971
1620276284,0.17194422,0.3891723,0.43888357
1620289124,0.13022369,0.7004449,0.16933134
1620304113,0.3084809,0.3772715,0.3142476
1620414224,0.2650501,0.40231502,0.3326348
1620500632,0.2227311,0.5575416,0.21972737
1620501349,0.25064373,0.26428065,0.48507562
1620539543,0.33594275,0.3893245,0.27473286
1620578114,0.28883758,0.39020085,0.32096153
1620604953,0.31895033,0.35142767,0.32962194
1620610956,0.4878454,0.26966813,0.2424865
1620612661,0.23720302,0.437633,0.32516402
1620814709,0.16496012,0.25857058,0.5764693
1620860473,0.1962236,0.6057355,0.19804098
1620955597,0.5610859,0.24140394,0.19751011
1620990590,0.47925723,0.25129604,0.26944667
1621001604,0.24193892,0.25956163,0.4984995
1621068592,0.067223586,0.8214482,0.11132813
1621208717,0.2683308,0.38690144,0.34476778
1621219298,0.39853013,0.29915416,0.30231574
1621287312,0.25324872,0.17494236,0.571809
1621407819,0.37309825,0.2531768,0.37372488
1621497262,0.34777793,0.34103656,0.31118557
1621688419,0.40812492,0.29077196,0.30110312
1621753560,0.43547586,0.323268,0.2412562
1621786615,0.20742458,0.54532015,0.24725528
1621949448,0.6154626,0.18873581,0.19580162
1622084645,0.17569305,0.61957204,0.20473492
1622313624,0.3313575,0.2788052,0.3898373
1622389763,0.4100072,0.25009212,0.3399007
1622395515,0.20383237,0.17574649,0.6204211
1622562550,0.3087893,0.29487714,0.39633352
1622569673,0.3124567,0.329657,0.3578863
1622671933,0.6214232,0.15597753,0.22259931
1622673265,0.56319886,0.22064921,0.21615201
1622775803,0.37731808,0.26302913,0.35965282
1622891962,0.2246707,0.18213783,0.5931915
1622990448,0.30407655,0.31568128,0.3802422
1623001652,0.6786666,0.122014925,0.19931851
1623011038,0.15234427,0.6565514,0.19110431
1623099398,0.32654887,0.36914432,0.30430683
1623146152,0.23794895,0.22373858,0.53831244
1623170855,0.3222771,0.34373727,0.3339856
1623279014,0.18202482,0.61513,0.2028451
1623318114,0.38017595,0.31543827,0.3043858
1623339523,0.43804216,0.3102806,0.25167733
1623478562,0.79922134,0.081908464,0.11887021
1623516824,0.22724816,0.50472975,0.2680221
1623602464,0.29630828,0.45633608,0.24735567
1623658908,0.43765113,0.28532735,0.27702156
1623849779,0.57393736,0.22411513,0.20194745
1623908642,0.26863718,0.30007178,0.43129098
1624120255,0.40626723,0.31767115,0.2760616
1624270527,0.2225434,0.27302742,0.50442916
1624288723,0.3419531,0.37535864,0.2826883
1624294480,0.22901607,0.18257359,0.5884103
1624313151,0.58245283,0.2159987,0.20154843
1624346643,0.44693333,0.29258996,0.26047665
1624372771,0.17656314,0.59164083,0.23179607
1624388184,0.58657426,0.22924902,0.18417671
1624462035,0.7759644,0.0950029,0.1290327
1624567981,0.35833666,0.2978872,0.34377614
1624757320,0.2497243,0.4660135,0.28426233
1624790682,0.5900661,0.1658181,0.24411584
1624828141,0.4840491,0.2705017,0.24544922
1625045952,0.10345321,0.7342479,0.16229883
1625062895,0.20049213,0.16912012,0.63038784
1625289729,0.33746883,0.31256792,0.34996328
1625602571,0.41116226,0.28740668,0.30143106
1625613899,0.5090859,0.26700848,0.22390567
1625903001,0.55736893,0.20638032,0.23625071
1625980812,0.3955604,0.3299907,0.2744488
1626070850,0.34792048,0.30510643,0.346973
1626320708,0.10452127,0.08927129,0.8062075
1626327473,0.29144785,0.26818463,0.4403675
1626378380,0.3716044,0.34780088,0.2805947
1626544948,0.20740233,0.5706318,0.22196591
1626610216,0.40144426,0.33854693,0.2600088
1626650461,0.5519494,0.21933989,0.22871073
1626654591,0.15295413,0.6532431,0.19380273
1626667639,0.39537466,0.34282747,0.26179785
1626679827,0.30546942,0.26926145,0.42526913
1626681340,0.29029632,0.3261918,0.38351187
1626710019,0.7791388,0.10225557,0.11860563
1626739264,0.3771988,0.30131364,0.3214877
1626787875,0.27047008,0.3878579,0.34167203
1626870636,0.5752877,0.21312493,0.21158741
1626939895,0.1401701,0.69733906,0.16249089
1626950757,0.35901633,0.3195097,0.321474
1627084480,0.27868897,0.44905102,0.27226004
1627112189,0.25514475,0.44959393,0.2952613
1627191492,0.18070178,0.26147765,0.55782056
1627229695,0.3527,0.32662073,0.3206793
1627272567,0.37386215,0.28311583,0.34302208
1627297420,0.4950585,0.28055668,0.22438474
1627308210,0.24654867,0.43174466,0.3217067
1627431527,0.43955877,0.1550076,0.40543362
1627445583,0.11469974,0.09739854,0.7879017
1627714733,0.31981754,0.34728205,0.33290043
1627805340,0.29418173,0.3301649,0.3756533
1627850245,0.16230667,0.665523,0.17217037
1627926960,0.4148196,0.30200166,0.2831787
1628095522,0.15148054,0.6630692,0.18545018
1628342755,0.45543456,0.28004855,0.26451692
1628415786,0.3386241,0.35754132,0.3038346
1628658023,0.10550552,0.7708804,0.12361406
1628668258,0.070167564,0.8275411,0.102291286
1628729911,0.11750306,0.15452687,0.72797
1628982727,0.3429368,0.31059486,0.34646827
1629197058,0.12026606,0.7399895,0.13974437
1629430583,0.32307357,0.39982042,0.27710605
1629490348,0.46556744,0.24905276,0.28537983
1629556603,0.3387663,0.26448107,0.39675266
1629612058,0.29027393,0.4012468,0.3084793
1629632409,0.35676542,0.29717302,0.3460615
1629706836,0.44356522,0.2989711,0.2574637
1629764690,0.19402066,0.4037394,0.4022399
1629844417,0.18546863,0.6119633,0.20256801
1629938643,0.26016653,0.34842896,0.39140454
1629971056,0.24156517,0.19570428,0.56273055
1630176001,0.3264983,0.34920883,0.32429284
1630201954,0.26940486,0.41601574,0.3145794
1630242303,0.7696451,0.08791094,0.14244404
1630333430,0.5974666,0.19202718,0.21050628
1630340424,0.6018504,0.19256628,0.2055833
1630527862,0.12278971,0.13697414,0.74023616
1630685162,0.50859106,0.2535604,0.23784858
1630744222,0.45728222,0.27383217,0.2688856
1630825410,0.17111541,0.6395467,0.18933786
1630831872,0.35116294,0.39445642,0.25438064
1631138575,0.41654697,0.28653848,0.29691458
1631273603,0.37300298,0.24539113,0.38160592
1631317115,0.5381061,0.2649373,0.19695659
1631350313,0.3721927,0.36091173,0.26689553
1631382474,0.22145112,0.57069516,0.20785366
1631567249,0.65187645,0.15715909,0.19096453
1631575612,0.38554755,0.3136067,0.30084574
1631677815,0.478971,0.29648206,0.22454691
1631688231,0.34011805,0.32963377,0.33024812
1631736828,0.226759,0.3164,0.45684102
1631877069,0.37793604,0.35719308,0.26487082
1631879974,0.3555439,0.32570055,0.31875545
1631926299,0.38696358,0.27921468,0.33382174
1631979815,0.25754893,0.20303209,0.539419
1632014183,0.6023754,0.18444279,0.21318187
1632085371,0.35774696,0.24110721,0.40114582
1632104586,0.3450957,0.34292132,0.31198305
1632122545,0.38377234,0.31517953,0.30104813
1632391908,0.26552263,0.2877732,0.44670418
1632416900,0.35157388,0.32179597,0.32663012
1632505358,0.21687372,0.478979,0.30414733
1632632597,0.36198747,0.3570681,0.28094444
1632801516,0.2903452,0.28128263,0.42837214
1632816610,0.4037044,0.26218072,0.33411485
1632858316,0.282798,0.29941568,0.41778633
1632858431,0.34347287,0.34274334,0.31378382
1632869995,0.12852526,0.5810892,0.29038554
1632892586,0.42873716,0.28651792,0.28474492
1632900919,0.46462366,0.30906126,0.22631517
1632953271,0.2989461,0.3580331,0.3430208
1633241469,0.121188454,0.7453607,0.13345088
1633366502,0.3204774,0.3337296,0.34579292
1633483875,0.18865752,0.5580265,0.25331604
1633505414,0.23544967,0.27248985,0.49206045
1633547380,0.3082027,0.37966692,0.3121303
1633665893,0.30897585,0.48769054,0.2033336
1633677199,0.83595836,0.065217145,0.098824486
1633703539,0.1330558,0.70649785,0.16044633
1633754432,0.24250104,0.4752972,0.28220177
1633800504,0.34958556,0.24795887,0.4024556
1633807580,0.26931432,0.33779114,0.39289457
1633946324,0.19904064,0.19807942,0.60287994
1633992539,0.28544044,0.43975905,0.27480048
1634013642,0.21982077,0.15382761,0.6263517
1634078036,0.27961263,0.34352428,0.37686306
1634139642,0.20482926,0.5278038,0.26736698
1634171948,0.31674197,0.19398805,0.48927003
1634185276,0.09630702,0.1110701,0.7926229
1634219871,0.11539549,0.11271393,0.7718906
1634399578,0.4050971,0.30762282,0.28728002
1634434573,0.16020009,0.6615153,0.17828463
1634533328,0.12731305,0.7352744,0.13741253
1634550745,0.31114742,0.29970217,0.3891503
1634623061,0.13936402,0.7046179,0.1560181
1634635756,0.26310232,0.28184843,0.4550492
1634777426,0.26655558,0.22835183,0.5050925
1634834243,0.10538251,0.7646127,0.13000475
1634847521,0.13132216,0.11233243,0.7563454
1634869649,0.58984613,0.18549477,0.22465904
1634930691,0.2739412,0.2335025,0.49255636
1635001758,0.44162264,0.21505994,0.34331745
1635053961,0.53412634,0.2610686,0.20480503
1635118542,0.54576904,0.21938717,0.23484373
1635128471,0.57672834,0.195288,0.22798365
1635202681,0.35279337,0.33023047,0.31697616
1635206642,0.5079277,0.25239673,0.23967554
1635232855,0.32530877,0.33359906,0.34109217
1635306903,0.4893165,0.2714466,0.23923692
1635310269,0.21804407,0.49647185,0.28548405
1635350325,0.31494397,0.33799157,0.34706444
1635645689,0.3365394,0.28039613,0.38306448
1635646242,0.52716,0.20573498,0.26710507
1635674740,0.40731546,0.33529127,0.25739336
1635684715,0.37948802,0.31169525,0.30881667
1635792209,0.28843746,0.32682464,0.38473788
1635898347,0.35506195,0.37399662,0.27094144
1635939531,0.33590555,0.3348831,0.3292113
1635951609,0.49655598,0.16392766,0.33951637
1636026942,0.19535936,0.5083251,0.29631558
1636141550,0.33907592,0.3355231,0.32540098
1636146058,0.15862797,0.67203164,0.16934036
1636172063,0.3455772,0.3407533,0.31366953
1636235993,0.3551805,0.32763728,0.31718224
1636255399,0.12088925,0.75070864,0.12840217
1636263092,0.19914469,0.18436474,0.61649054
1636319812,0.58234125,0.21784727,0.19981143
1636328074,0.20042013,0.59436303,0.2052168
1636380589,0.26310992,0.50022113,0.23666894
1636596824,0.22804058,0.37275591,0.39920348
1636653458,0.19636586,0.22349897,0.58013517
1636690515,0.37568346,0.28595087,0.33836564
1636690633,0.2932518,0.38240007,0.32434806
1636748131,0.3252456,0.3682481,0.30650628
1636756600,0.21044533,0.17898117,0.6105734
1636822861,0.39136386,0.3322557,0.27638045
1636857587,0.6308227,0.18354455,0.18563277
1636913404,0.43917587,0.28207842,0.27874565
1636932412,0.25507432,0.26732606,0.4775996
1636986956,0.3342039,0.30605757,0.35973853
1637024745,0.17169654,0.6036374,0.22466598
1637144335,0.40405533,0.3332671,0.26267758
1637443261,0.095518656,0.08320455,0.8212768
1637581365,0.6550835,0.16417907,0.18073748
1637776970,0.35118276,0.36687806,0.2819392
1637879229,0.16330197,0.20600107,0.63069695
1637888987,0.30908728,0.32453674,0.36637604
1637945027,0.27617887,0.44918463,0.2746365
1637952709,0.4907808,0.24444349,0.2647758
1638126002,0.5837068,0.21191882,0.20437437
1638183555,0.7437303,0.10523499,0.15103467
1638307612,0.12813197,0.17175774,0.7001102
1638422111,0.37342045,0.3242393,0.3023403
1638463728,0.18221131,0.14666268,0.671126
1638477743,0.23980388,0.41131148,0.3488846
1638496802,0.33195612,0.34793586,0.3201081
1638552680,0.35421607,0.30818996,0.337594
1638709941,0.45449802,0.2660393,0.27946264
1638811739,0.09319263,0.80125165,0.105555676
1638822818,0.3002577,0.26387683,0.43586546
1638951002,0.27281743,0.29301286,0.4341697
1639085082,0.3209182,0.3806353,0.29844654
1639209936,0.30121586,0.3842763,0.31450787
1639237901,0.06504008,0.8352733,0.09968661
1639243060,0.32310185,0.38259152,0.2943067
1639243128,0.5522451,0.22836018,0.21939471
1639275309,0.41686153,0.32565385,0.2574847
1639464536,0.25364313,0.30328256,0.4430744
1639500481,0.27055722,0.452006,0.2774368
1639593061,0.1512938,0.15529959,0.69340664
1639761392,0.49796697,0.25540537,0.24662766
1639990034,0.2943278,0.3638564,0.34181583
1640160353,0.22785142,0.45201692,0.3201317
1640253668,0.1382114,0.69225776,0.16953081
1640328206,0.29149812,0.5031311,0.20537078
1640673638,0.62269986,0.1774537,0.19984643
1640690923,0.47301543,0.3008939,0.22609061
1640721396,0.20389844,0.5539189,0.24218269
1640746772,0.21903878,0.4378028,0.34315845
1640758507,0.2993776,0.37259725,0.32802513
1640872488,0.37143004,0.28440556,0.3441644
1640988865,0.5009702,0.264372,0.23465793
1641028392,0.40366936,0.34738734,0.24894322
1641318958,0.2023718,0.21143284,0.58619535
1641432790,0.26047438,0.3164589,0.42306665
1641443104,0.25757077,0.33006674,0.41236243
1641443185,0.52214897,0.251779,0.22607207
1641645273,0.5331586,0.23057733,0.23626408
1641814703,0.520227,0.23805079,0.24172221
1641829791,0.1858729,0.16606502,0.6480621
1641848992,0.32189378,0.3282437,0.3498625
1641935848,0.33683285,0.41777763,0.24538954
1641986349,0.32283917,0.33831918,0.33884168
1642011104,0.39246213,0.3283097,0.27922818
1642014759,0.12226753,0.7356442,0.14208825
1642035848,0.22252649,0.21258314,0.5648904
1642193750,0.47209123,0.3009184,0.22699034
1642197267,0.5709635,0.21809827,0.21093833
1642263146,0.14378321,0.14305958,0.7131573
1642354775,0.35066578,0.36066663,0.28866762
1642395421,0.3554592,0.36190182,0.2826389
1642467783,0.16617073,0.15064579,0.68318343
1642518521,0.3087917,0.3757022,0.31550616
1642598639,0.21271563,0.5285611,0.25872335
1642641931,0.28064036,0.46493116,0.25442854
1642681147,0.33869612,0.2914736,0.36983025
1642688813,0.26542708,0.4340933,0.30047962
1643104813,0.2855512,0.37600902,0.3384398
1643157044,0.096692495,0.08444752,0.81886
1643322598,0.24773112,0.46227893,0.28998986
1643405176,0.31180528,0.3491064,0.33908835
1643429383,0.3752391,0.39432988,0.23043104
1643484773,0.1372958,0.12396116,0.73874295
1643531389,0.4152745,0.34440178,0.24032374
1643606678,0.26534235,0.4578981,0.27675956
1643629044,0.16249672,0.6190154,0.21848796
1643822529,0.13592592,0.70148605,0.16258806
1643825719,0.37957942,0.3296065,0.29081404
1643907626,0.15979953,0.654886,0.1853144
1644007534,0.4508953,0.26200068,0.287104
1644011137,0.5063271,0.27325797,0.22041492
1644112296,0.54031986,0.22553067,0.2341495
1644127490,0.09931902,0.78255403,0.11812699
1644333250,0.22082062,0.47297654,0.30620277
1644386354,0.5754198,0.20309383,0.2214864
1644398033,0.31475973,0.3331678,0.35207245
1644557472,0.3927772,0.31856373,0.2886591
1644615318,0.28921247,0.42111155,0.28967598
1644699788,0.44139388,0.31053877,0.24806727
1644781606,0.16374919,0.6324706,0.20378019
1644787044,0.30706605,0.4120161,0.28091785
1644817605,0.3371376,0.33460712,0.32825533
1644961529,0.32773018,0.35360232,0.31866756
1645052117,0.15684849,0.13953544,0.703616
1645099022,0.10703741,0.09512494,0.7978377
1645209852,0.29269606,0.31441087,0.3928931
1645229794,0.2066957,0.23050135,0.562803
1645417863,0.4784118,0.25950173,0.26208648
1645482406,0.3871631,0.17467687,0.43816003
1645495184,0.11537236,0.7503913,0.13423629
1645500337,0.13641313,0.6919543,0.17163253
1645522574,0.30318832,0.41138873,0.28542292
1645560299,0.41908354,0.27134246,0.30957407
1645669620,0.51284325,0.27477768,0.21237907
1645707647,0.4836076,0.18515766,0.33123478
1645787545,0.1780532,0.6086039,0.21334288
1645943471,0.38000444,0.3834432,0.23655231
1645990150,0.5962352,0.1902426,0.21352215
1646020069,0.2254679,0.41106108,0.363471
1646082693,0.32571977,0.38189557,0.2923847
1646501054,0.3578567,0.3154838,0.32665953
1646582896,0.7072458,0.1183316,0.17442264
1646630696,0.5721976,0.21430586,0.21349654
1646666396,0.30649045,0.42037573,0.2731339
1646686993,0.3502762,0.33699727,0.31272656
1646749874,0.30234903,0.35142744,0.3462236
1646808330,0.4260429,0.2560207,0.31793633
1646822472,0.2871709,0.2514013,0.46142787
1646826685,0.20691863,0.5771686,0.2159128
1647117594,0.67293817,0.15398566,0.17307606
1647211124,0.40085953,0.3017057,0.2974348
1647221496,0.25061744,0.23531015,0.51407236
1647310331,0.33947507,0.36761642,0.29290852
1647332254,0.4014013,0.30099437,0.29760438
1647402885,0.2543556,0.2795772,0.46606722
1647424465,0.097999796,0.79079735,0.11120289
1647546367,0.3298718,0.35094473,0.31918347
1647708791,0.36147946,0.3398822,0.2986384
1647743315,0.33164737,0.3138369,0.35451573
1647757809,0.35704494,0.30574363,0.33721137
1647851795,0.3633521,0.35780296,0.278845
1647944950,0.3423593,0.34728372,0.3103569
1647960517,0.18636064,0.19121121,0.6224282
1647979205,0.33933932,0.39129835,0.26936233
1648115968,0.20758858,0.21196418,0.5804473
1648239182,0.39020783,0.29297706,0.31681517
1648261975,0.114807814,0.73030007,0.15489209
1648422833,0.21249168,0.23212709,0.55538124
1648610572,0.6411512,0.11735491,0.2414939
1648616856,0.22638607,0.44550845,0.32810542
1648642740,0.120710194,0.7342906,0.14499916
1648670054,0.60908306,0.19996792,0.19094904
1648693277,0.4819078,0.29999962,0.21809252
1648720857,0.20985685,0.5426094,0.24753374
1648795672,0.5196158,0.25468662,0.22569752
1649027546,0.22857884,0.34604454,0.42537662
1649185587,0.38990346,0.32694367,0.28315294
1649250871,0.44495583,0.26224288,0.2928013
1649351237,0.57055396,0.19492048,0.23452565
1649419005,0.49938586,0.26091728,0.2396969
1649419811,0.0779598,0.816352,0.10568814
1649475434,0.11021816,0.12759402,0.7621878
1649490436,0.22450137,0.49669874,0.27879983
1649645620,0.40995127,0.3341824,0.25586635
1649703342,0.2624726,0.49147183,0.24605569
1649785633,0.5111711,0.2540675,0.23476134
1649862792,0.2298279,0.5895984,0.18057366
1650116895,0.34613425,0.34098545,0.31288025
1650117310,0.3587236,0.30359045,0.33768597
1650160760,0.37167367,0.23374386,0.3945825
1650201637,0.15721823,0.15843213,0.68434966
1650247638,0.1640888,0.64088386,0.19502738
1650300505,0.372216,0.30864397,0.31914
1650471177,0.37977546,0.25951472,0.3607098
1650613449,0.34758124,0.25772187,0.3946969
1650655556,0.22871235,0.4893331,0.2819545
1650696980,0.31468529,0.31395808,0.37135664
1650745342,0.24135566,0.2717887,0.48685563
1650754341,0.2026935,0.5190628,0.27824372
1650901619,0.31114736,0.25106713,0.43778548
1650902560,0.6502191,0.14513364,0.20464732
1650914041,0.14768471,0.6858801,0.16643515
1650981362,0.39511812,0.3514918,0.25339004
1651072172,0.43786615,0.28566182,0.27647203
1651187922,0.29271767,0.27534658,0.43193576
1651217316,0.13145529,0.70357066,0.16497411
1651468271,0.22428639,0.5070814,0.2686323
1651561506,0.34540987,0.38717616,0.26741406
1651690251,0.5643027,0.22044542,0.21525192
1651789935,0.19318269,0.59664124,0.21017598
1651951271,0.7199651,0.12246508,0.15756975
1652029446,0.28183514,0.3587913,0.35937354
1652080777,0.30008903,0.35169795,0.34821308
1652126586,0.3062187,0.2989243,0.39485696
1652291382,0.45469677,0.28441727,0.26088598
1652367661,0.299718,0.3269457,0.37333634
1652503978,0.42561057,0.28943637,0.2849531
1652531350,0.3309893,0.32701963,0.3419911
1652792860,0.42521295,0.28932494,0.28546205
1652853508,0.56143636,0.20826484,0.23029885
1652880205,0.25300372,0.24126655,0.50572973
1652906987,0.3400772,0.34346732,0.3164555
1653060828,0.7082846,0.11855588,0.17315945
1653151448,0.32621607,0.38437527,0.28940868
1653227528,0.44521332,0.29010022,0.26468644
1653231942,0.09396342,0.79090285,0.1151337
1653334182,0.09574897,0.088881195,0.81536984
1653433752,0.10209748,0.10499749,0.79290503
1653492379,0.23894382,0.50936,0.2516962
1653542354,0.30642304,0.29312152,0.40045542
1653588813,0.12777676,0.7274584,0.14476487
1653616188,0.6331193,0.17801298,0.18886763
1653638027,0.5212427,0.24355985,0.23519742
1653684786,0.26524356,0.38826737,0.346489
1653740181,0.4502496,0.3098508,0.2398995
1653817092,0.41812968,0.30160654,0.28026378
1653822981,0.36349615,0.35754517,0.27895865
1653835720,0.17089935,0.153819,0.6752816
1653843063,0.072895035,0.07409455,0.85301036
1653876340,0.33271962,0.35205218,0.31522825
1653953983,0.08212746,0.8092607,0.108611874
1654327221,0.3227511,0.36989263,0.3073562
1654427558,0.43405515,0.28034768,0.28559715
1654684700,0.5788316,0.21191227,0.20925608
1654881958,0.4921826,0.29414582,0.2136715
1654888257,0.42435247,0.32869518,0.2469524
1655058446,0.19945593,0.5967811,0.203763
1655073338,0.4153385,0.274792,0.3098695
1655114738,0.36068985,0.42255452,0.21675569
1655143326,0.073905416,0.06960613,0.85648835
1655338848,0.54409915,0.21223158,0.24366936
1655354372,0.29443246,0.30903324,0.39653426
1655378336,0.28258756,0.41751915,0.29989326
1655491955,0.2624468,0.48440093,0.2531523
1655561531,0.25067234,0.23179285,0.5175348
1655571051,0.33628887,0.3410409,0.32267013
1655701110,0.44686267,0.30800852,0.24512878
1655790883,0.46066666,0.24372983,0.29560354
1655896987,0.2470701,0.4630459,0.28988394
1655994004,0.2785925,0.337118,0.38428953
1656105904,0.34203514,0.31403765,0.34392723
1656140776,0.23626915,0.52982396,0.2339069
1656258764,0.4666699,0.23171422,0.3016159
1656283900,0.48469317,0.2872544,0.22805244
1656458450,0.42598957,0.30720872,0.26680166
1656528167,0.22585441,0.5650379,0.2091077
1656632135,0.23049682,0.24241439,0.5270888
1656754661,0.27251935,0.2705595,0.45692116
1656813360,0.27727392,0.43184206,0.29088402
1656937456,0.3750864,0.32438397,0.30052966
1656994762,0.39033455,0.32167327,0.28799224
1657016881,0.2742586,0.39080167,0.33493975
1657180136,0.56477726,0.21403383,0.22118898
1657200409,0.38322687,0.28387985,0.3328933
1657335830,0.09803763,0.77768415,0.124278255
1657387060,0.3695882,0.2503332,0.38007864
1657467200,0.3348495,0.34054926,0.32460126
1657539739,0.36340728,0.34321254,0.2933802
1657684340,0.5636136,0.22029968,0.21608673
1657759741,0.38523516,0.3195356,0.29522923
1657763814,0.56393445,0.23063211,0.20543343
1657791259,0.73257554,0.1035061,0.16391844
1657808253,0.39133924,0.34148866,0.26717216
1657810383,0.3708271,0.30264243,0.3265305
1657866312,0.40842807,0.28557342,0.3059985
1658091375,0.34444767,0.35239363,0.3031587
1658136568,0.35825023,0.282102,0.35964775
1658234476,0.29805955,0.38880175,0.31313863
1658483063,0.56437767,0.22698236,0.20863998
1658504900,0.37233323,0.32490626,0.30276054
1658546420,0.3332197,0.35857028,0.30821007
1658601689,0.17308807,0.5975429,0.22936906
1658621707,0.13052277,0.13118112,0.73829615
1658663803,0.07260159,0.83889896,0.08849943
1658663973,0.44011515,0.26430002,0.2955848
1658687754,0.24427435,0.40075037,0.35497525
1658780917,0.34441224,0.34985834,0.30572945
1658789068,0.21034187,0.2273732,0.56228495
1658792732,0.2822026,0.44765162,0.27014577
1658832957,0.3783889,0.35864547,0.26296562
1658939627,0.2765992,0.21405593,0.5093448
1658941768,0.25684208,0.2168501,0.52630776
1658958070,0.18620725,0.3061495,0.5076432
1658967966,0.082659654,0.82327116,0.094069146
1659114265,0.23406585,0.23241372,0.53352046
1659134652,0.4414888,0.17762367,0.38088754
1659275860,0.39410704,0.3319055,0.27398744
1659438468,0.36626872,0.29036587,0.3433654
1659556452,0.25323832,0.34753177,0.3992299
1659582903,0.3094197,0.30262765,0.38795263
1659631696,0.4427968,0.29235128,0.26485196
1659886217,0.1496747,0.67516434,0.17516091
1659949113,0.44190907,0.30840778,0.24968305
1660063587,0.1366004,0.7190183,0.14438136
1660144412,0.39325613,0.33348668,0.2732572
1660194260,0.30913073,0.2393192,0.45155007
1660206435,0.31183767,0.4043645,0.28379777
1660208850,0.6099514,0.19649053,0.19355805
1660268686,0.33708325,0.3537406,0.30917615
1660309785,0.28420612,0.42024997,0.29554388
1660367274,0.22528411,0.51406324,0.26065266
1660424113,0.79461265,0.08561584,0.11977154
1660494327,0.09783949,0.090010285,0.81215024
1660621871,0.17903621,0.64163053,0.17933325
1660784115,0.22367515,0.44920766,0.32711717
1660834991,0.25624427,0.24237172,0.50138396
1660841661,0.25749442,0.45492384,0.28758174
1660857258,0.43547848,0.34742978,0.2170918
1660963111,0.42226663,0.31991076,0.2578226
1661114996,0.11084116,0.74751455,0.14164431
1661116563,0.64222306,0.170457,0.18731995
1661148128,0.4095846,0.29808998,0.29232547
1661148160,0.30379847,0.30029714,0.39590442
1661185087,0.3631707,0.34035686,0.2964724
1661204994,0.2722031,0.47787097,0.2499259
1661524368,0.35448503,0.37705922,0.26845574
1661644518,0.26930246,0.3390446,0.3916529
1661689420,0.30957338,0.38763654,0.3027902
1661766548,0.2604099,0.2312173,0.50837284
1661813809,0.33936757,0.3836522,0.2769802
1661843591,0.3225272,0.32607356,0.35139924
1661891822,0.6271075,0.11338476,0.25950778
1661907067,0.277803,0.34973612,0.37246096
1661935843,0.19494504,0.54923624,0.25581878
1662151765,0.31363237,0.28708997,0.39927763
1662185005,0.11556047,0.74898237,0.13545717
1662385511,0.23887293,0.47164202,0.28948513
1662484259,0.2821255,0.32408217,0.3937923
1662512832,0.2881885,0.33618015,0.37563133
1662521699,0.55476415,0.18416114,0.26107466
1662639147,0.13117003,0.12052193,0.74830806
1662765253,0.48571286,0.2386838,0.27560332
1662845263,0.32444882,0.3334187,0.34213248
1662894776,0.3597823,0.3790741,0.26114362
1662909424,0.4473971,0.23468103,0.31792182
1662978733,0.33472508,0.36139992,0.30387506
1663079419,0.31629467,0.38035247,0.303353
1663299127,0.16831927,0.63410985,0.1975709
1663299496,0.31918684,0.35422346,0.32658967
1663313775,0.260745,0.42661113,0.31264386
1663468816,0.4607802,0.2965029,0.2427169
1663491346,0.14708489,0.69390243,0.15901265
1663498120,0.42779812,0.3279663,0.24423556
1663538895,0.26964986,0.41792285,0.31242734
1663637561,0.39226577,0.2991666,0.3085676
1663663076,0.56731474,0.20249273,0.23019253
1663678531,0.7157156,0.12077183,0.16351262
1663717781,0.31172806,0.35314968,0.33512232
1663897206,0.31478864,0.28272402,0.40248737
1664008977,0.14178135,0.7028386,0.15538003
1664201201,0.25765085,0.20607221,0.5362769
1664283944,0.3518162,0.3316401,0.31654373
1664322673,0.16974542,0.17311029,0.6571443
1664470078,0.7664441,0.09144067,0.1421153
1664528088,0.29455075,0.4508145,0.2546347
1664631838,0.4949325,0.28556287,0.21950465
1664669860,0.32258654,0.3441803,0.33323324
1664732760,0.42983657,0.33276,0.23740344
1664994046,0.42462906,0.33113867,0.24423224
1665065234,0.40940884,0.31995848,0.27063262
1665230040,0.44881788,0.2714555,0.27972662
1665238903,0.37494874,0.36110082,0.26395038
1665266189,0.35654184,0.34041557,0.30304262
1665360509,0.45257705,0.2985225,0.24890047
1665523239,0.35703072,0.32023865,0.32273066
1665562281,0.561945,0.22705214,0.2110028
1665777186,0.35012415,0.32780027,0.32207552
1665848614,0.3923745,0.2604174,0.3472081
1665952658,0.24307714,0.47205818,0.2848647
1665984121,0.25537118,0.46419552,0.28043336
1666010371,0.4204098,0.33592215,0.24366803
1666139437,0.41259432,0.3532526,0.23415305
1666289255,0.18514332,0.5010048,0.3138519
1666402895,0.6893779,0.14752997,0.16309212
1666404639,0.35185394,0.36000076,0.28814533
1666516973,0.26971528,0.25281972,0.4774649
1666588070,0.36785024,0.31942156,0.3127282
1666678020,0.6120163,0.19771318,0.19027044
1666885668,0.3827121,0.36859965,0.24868831
1666906868,0.4245308,0.28903806,0.28643113
1666967204,0.6246059,0.18980476,0.18558936
1666992104,0.1847802,0.6233019,0.19191793
1667061713,0.2280167,0.25546816,0.51651514
1667126340,0.3492341,0.41859722,0.23216869
1667140906,0.3486026,0.23477857,0.41661888
1667174315,0.28973466,0.3396844,0.37058094
1667407429,0.32713994,0.36655775,0.30630237
1667566171,0.44191965,0.3404502,0.2176302
1667594802,0.5977284,0.21253014,0.18974145
1667614373,0.73114467,0.104004696,0.16485062
1667768675,0.43919882,0.2902594,0.2705418
1667887962,0.3939249,0.32704172,0.27903333
1667950084,0.46225098,0.22590731,0.31184176
1668006188,0.3244062,0.34516883,0.33042488
1668077836,0.1425772,0.698591,0.15883182
1668140157,0.120926395,0.14584789,0.7332257
1668297032,0.50487536,0.28508735,0.21003726
1668387390,0.16713123,0.6451717,0.1876971
1668392464,0.21876572,0.25183013,0.5294041
1668507734,0.31081566,0.36079085,0.32839352
1668617250,0.31755218,0.39569682,0.28675097
1668648035,0.40455678,0.32713243,0.2683108
1668827988,0.3334431,0.3361838,0.3303731
1668858113,0.29012057,0.35181838,0.3580611
1668953590,0.37253594,0.29130062,0.33616337
1669040278,0.34183246,0.3123905,0.34577712
1669122711,0.06780161,0.06638215,0.8658162
1669166307,0.21552075,0.5538957,0.23058349
1669416484,0.28585875,0.3758519,0.3382893
1669416968,0.39807102,0.20850742,0.39342162
1669423776,0.41558963,0.33148777,0.25292256
1669448718,0.39061436,0.3054441,0.30394158
1669455624,0.54854274,0.21401353,0.23744369
1669525885,0.49519897,0.24482767,0.25997338
1669538948,0.4451174,0.24759878,0.30728373
1669626240,0.16416804,0.6339022,0.2019297
1669646156,0.1865198,0.5852353,0.22824495
1669673378,0.1266529,0.7124459,0.16090114
1669682915,0.33561116,0.34676743,0.31762147
1669785737,0.3917753,0.34408763,0.26413712
1669857419,0.14539146,0.6992257,0.15538286
1670070169,0.35467505,0.38036224,0.2649626
1670135918,0.25970477,0.48773336,0.25256184
1670334570,0.2815273,0.3425933,0.3758793
1670792860,0.37495646,0.37675557,0.24828807
1670898910,0.28477967,0.29212257,0.42309773
1670946045,0.31890863,0.31596652,0.3651248
1671045684,0.3974559,0.33699948,0.26554462
1671159124,0.2750441,0.4613943,0.2635616
1671246071,0.13028134,0.73918587,0.13053285
1671263116,0.37643355,0.34020448,0.2833619
1671298297,0.3232652,0.28872275,0.38801205
1671350457,0.4556118,0.25647178,0.2879164
1671433463,0.3471972,0.33959997,0.31320283
1671475290,0.39628637,0.3017281,0.30198556
1671485337,0.37574157,0.32230636,0.30195206
1671546542,0.37538666,0.31137022,0.31324306
1671576059,0.28384584,0.36589167,0.35026243
1671643531,0.47430792,0.2818771,0.24381502
1671658584,0.41006473,0.2719371,0.3179982
1671664753,0.11918321,0.7450064,0.13581043
1671727466,0.39820814,0.2822608,0.31953105
1671785648,0.33908144,0.3770022,0.28391638
1671802062,0.281743,0.2034519,0.514805
1671845760,0.5844674,0.19741742,0.21811512
1671873354,0.202851,0.52498126,0.27216774
1671873783,0.26954317,0.2354681,0.49498874
1671915015,0.30119324,0.2933657,0.40544102
1672029127,0.19908728,0.49450284,0.30640984
1672035138,0.4352163,0.3128347,0.25194892
1672146970,0.29890501,0.20709598,0.493999
1672198421,0.55432475,0.23446225,0.211213
1672264082,0.38783443,0.3612862,0.25087938
1672339989,0.21056502,0.21391927,0.5755157
1672347710,0.3476488,0.34786627,0.30448496
1672371508,0.114415646,0.71573913,0.16984524
1672491713,0.27259016,0.31381953,0.41359025
1672567438,0.53782225,0.2189131,0.24326457
1672741985,0.12838055,0.7084218,0.16319755
1672932517,0.14830644,0.6718847,0.1798089
1672954908,0.34416443,0.30465147,0.35118416
1673243873,0.32373366,0.36438742,0.31187883
1673249805,0.27107844,0.41680804,0.31211346
1673323691,0.40651476,0.37397525,0.21950993
1673324865,0.5224963,0.20910028,0.2684035
1673478767,0.521383,0.26011625,0.21850073
1673666349,0.42264006,0.22125395,0.356106
1673702883,0.40028173,0.34623578,0.25348246
1673835006,0.09715261,0.079741985,0.8231054
1673836625,0.4840875,0.28916904,0.22674346
1673856132,0.23598996,0.22540991,0.53860015
1673912763,0.19817549,0.5819026,0.21992187
1673930835,0.1720935,0.56171465,0.26619184
1673955358,0.31263092,0.35608003,0.33128908
1674005311,0.43353134,0.33363107,0.2328376
1674026797,0.44142637,0.29080334,0.26777032
1674036589,0.38584548,0.29627866,0.31787586
1674118767,0.51127094,0.22625765,0.26247147
1674142701,0.323208,0.3015365,0.37525547
1674209836,0.33356446,0.35496768,0.31146786
1674262187,0.30506366,0.4700315,0.22490484
1674271218,0.37029952,0.36822876,0.2614718
1674290386,0.18964674,0.22132675,0.5890265
1674303347,0.4360892,0.28195453,0.28195634
1674325162,0.7768497,0.08970843,0.13344187
1674392602,0.22651426,0.51538897,0.25809675
1674444560,0.26649046,0.31295907,0.4205505
1674574688,0.497461,0.28043666,0.2221024
1674605136,0.25039342,0.5235018,0.22610472
1674613483,0.108086124,0.75654554,0.13536835
1674679907,0.6064945,0.19843492,0.19507065
1674741971,0.35999572,0.41243735,0.22756691
1674752413,0.36594886,0.3277535,0.30629766
1674870575,0.33145222,0.22050844,0.44803938
1674884847,0.37533212,0.3586379,0.26602998
1674888062,0.39010227,0.3007204,0.30917728
1674968188,0.21821705,0.5297091,0.25207385
1674981451,0.49167663,0.25896454,0.24935886
1675075229,0.27906147,0.3166681,0.4042705
1675124675,0.32242954,0.3188536,0.35871685
1675149454,0.11108743,0.75085294,0.1380596
1675239770,0.5542731,0.20737973,0.23834713
1675414763,0.42008457,0.30186892,0.27804658
1675523278,0.21526112,0.54578185,0.23895706
1675569783,0.21833295,0.52831227,0.25335485
1675620494,0.6747058,0.14246832,0.1828258
1675756404,0.15868057,0.12875761,0.71256185
1675914102,0.13099037,0.7305658,0.13844377
1675969735,0.273904,0.29234973,0.43374634
1676062736,0.19035901,0.19955806,0.610083
1676145983,0.13552697,0.1328002,0.73167276
1676215572,0.39101714,0.3433413,0.26564154
1676227858,0.24504423,0.24016538,0.5147904
1676262995,0.4244336,0.29040295,0.28516352
1676273548,0.40377706,0.35300267,0.24322031
1676280307,0.46351656,0.21758452,0.31889895
1676301874,0.35325778,0.3360536,0.31068867
1676315529,0.294521,0.4152888,0.29019025
1676361323,0.5958973,0.2306644,0.17343833
1676407522,0.70748407,0.12585753,0.16665846
1676444073,0.6762184,0.15714836,0.16663326
1676497076,0.38129094,0.37538454,0.24332449
1676525451,0.31512353,0.27829182,0.40658468
1676569956,0.26985943,0.3629155,0.36722502
1676572337,0.2933777,0.36851913,0.33810315
1676810362,0.19554709,0.6008905,0.20356238
1676819883,0.4148292,0.2768946,0.30827615
1677176783,0.26425973,0.2857816,0.44995865
1677208891,0.26647836,0.2824677,0.45105404
1677242381,0.41206244,0.24911703,0.33882052
1677242997,0.19244581,0.244286,0.5632682
1677312801,0.2445615,0.20816463,0.5472739
1677553340,0.14506145,0.71290517,0.14203344
1677713085,0.28460634,0.26001486,0.4553787
1677729180,0.48166984,0.27876616,0.23956405
1677738230,0.300365,0.4048247,0.29481035
1677809052,0.35186943,0.31978944,0.32834116
1677904007,0.33821064,0.3545273,0.30726203
1678200318,0.07542203,0.06525461,0.8593233
1678266395,0.53111434,0.2216276,0.24725808
1678305776,0.33353227,0.3227714,0.34369624
1678431547,0.2639757,0.39901397,0.3370103
1678509752,0.55912113,0.23485826,0.20602068
1678514311,0.38892978,0.3762204,0.23484986
1678540854,0.48403147,0.24833573,0.26763278
1678626069,0.34243378,0.3026136,0.3549527
1678643448,0.32088476,0.33823386,0.34088138
1678725508,0.15978003,0.6161556,0.22406434
1678815652,0.5264551,0.2420689,0.23147604
1678905990,0.2866481,0.2699741,0.44337785
1679044489,0.48058736,0.23234047,0.2870722
1679058824,0.20588833,0.21670458,0.577407
1679248302,0.26319963,0.30275238,0.434048
1679263961,0.4568847,0.3137333,0.22938204
1679521376,0.33313653,0.3792544,0.2876091
1679553979,0.3567964,0.4026866,0.2405169
1679609123,0.24929672,0.28124297,0.4694603
1679809302,0.277021,0.19580548,0.52717346
1679849844,0.38800216,0.1517595,0.4602383
1679886909,0.28318655,0.43993452,0.27687886
1679992057,0.19790833,0.21222635,0.5898652
1679999721,0.41916633,0.31308064,0.267753
1680192080,0.31958473,0.36572856,0.31468675
1680193928,0.12738733,0.71985394,0.15275872
1680233099,0.32245755,0.32986498,0.34767753
1680260847,0.30374086,0.22251038,0.4737487
1680304165,0.44666815,0.2440192,0.3093127
1680306366,0.4148078,0.33574572,0.24944648
1680457541,0.14071833,0.6611701,0.19811156
1680516333,0.1746015,0.16697623,0.65842235
1680534457,0.20698778,0.48021907,0.31279317
1680542063,0.37654278,0.32691997,0.29653722
1680611137,0.4097539,0.3014623,0.28878373
1680685432,0.46676248,0.25099954,0.28223795
1680805891,0.12300405,0.727426,0.14956996
1680969361,0.4352625,0.31459484,0.25014266
1680995787,0.33572534,0.34487772,0.31939688
1681040594,0.32675415,0.3583233,0.31492257
1681081488,0.4283421,0.29989108,0.27176687
1681094675,0.2652161,0.28661343,0.44817045
1681158371,0.2804262,0.40930197,0.31027186
1681429236,0.39241147,0.2992857,0.30830288
1681511753,0.2382841,0.49604246,0.2656735
1681611792,0.516098,0.25717178,0.22673018
1681687787,0.14208172,0.7020389,0.15587938
1681735086,0.4913987,0.2813525,0.22724879
1681814692,0.2694204,0.38864017,0.34193948
1681874412,0.32062754,0.19274731,0.48662516
1681881453,0.5099271,0.26428425,0.2257887
1681896853,0.3122117,0.3131606,0.37462762
1682074721,0.35594064,0.22196579,0.4220936
1682194961,0.10453013,0.78165674,0.11381312
1682274735,0.19813423,0.6007116,0.20115417
1682308532,0.3206181,0.28076676,0.39861515
1682386993,0.13575327,0.6979623,0.16628435
1682462116,0.23744301,0.46553499,0.29702199
1682470235,0.42655793,0.27835155,0.29509056
1682805643,0.6404168,0.18424591,0.1753373
1682822014,0.17425613,0.57313126,0.25261253
1682833625,0.4812252,0.22595568,0.2928191
1682889265,0.20584844,0.2846528,0.5094988
1682902903,0.37939963,0.30214155,0.31845886
1682953571,0.36258873,0.319027,0.3183843
1682971624,0.31396154,0.35803628,0.32800218
1682984573,0.18176419,0.14585349,0.6723823
1683220173,0.306694,0.307036,0.38627002
1683254323,0.36206552,0.3149234,0.32301104
1683297906,0.30995643,0.38209623,0.30794734
1683484911,0.48276025,0.28941634,0.22782348
1683578258,0.3418849,0.31161186,0.34650323
1683766600,0.23317482,0.2476655,0.5191597
1683769380,0.23787019,0.45005763,0.31207213
1683775506,0.803975,0.0760694,0.119955614
1683783813,0.2274797,0.55973417,0.2127862
1683847676,0.45500073,0.26371837,0.28128088
1683889396,0.38649258,0.2849074,0.3286
1683903170,0.1374136,0.683737,0.17884932
1683947411,0.3960856,0.29591167,0.3080027
1683950396,0.2785312,0.40036604,0.3211028
1683964124,0.36520797,0.3482137,0.2865783
1684203788,0.3273613,0.371002,0.30163676
1684219091,0.37961885,0.3480827,0.27229843
1684319103,0.4417717,0.30746245,0.25076595
1684560105,0.17709877,0.5986088,0.22429249
1684567463,0.30716318,0.427338,0.26549888
1684710989,0.513825,0.2437312,0.24244374
1684712957,0.43815467,0.29431763,0.26752764
1684715833,0.4662495,0.27763984,0.25611067
1684845933,0.74123025,0.11565611,0.14311364
1684929785,0.18759209,0.20273344,0.6096745
1684993745,0.5270243,0.20877908,0.26419663
1685030974,0.33308178,0.34941387,0.31750435
1685084619,0.33949354,0.34857064,0.31193578
1685151491,0.29979506,0.25083897,0.44936588
1685231964,0.2110784,0.5214754,0.26744628
1685474310,0.14847803,0.6699475,0.1815745
1685584353,0.8077163,0.07745016,0.11483358
1685640270,0.36243588,0.3394772,0.29808697
1685672224,0.3119794,0.3582941,0.32972655
1685776023,0.4613092,0.30790916,0.23078166
1685777887,0.35750026,0.2790458,0.36345398
1685879684,0.1707963,0.6124716,0.21673216
1685885634,0.4636247,0.2587352,0.2776401
1686107167,0.39075896,0.35974458,0.24949645
1686140115,0.4149585,0.25401872,0.33102277
1686142038,0.31464702,0.3597074,0.32564563
1686521408,0.32662866,0.40102872,0.27234262
1686639427,0.49563298,0.26273912,0.24162789
1686660073,0.33578366,0.32626963,0.33794668
1686749110,0.22339343,0.20179814,0.5748085
1686779473,0.22125,0.48983622,0.28891373
1686782003,0.36057612,0.387558,0.25186592
1686878421,0.39039683,0.2811381,0.32846504
1687006641,0.19570343,0.17243358,0.63186294
1687216565,0.57055277,0.21897669,0.21047057
1687224695,0.18341812,0.64583147,0.17075041
1687232744,0.2918867,0.24899855,0.4591147
1687308591,0.27634475,0.27090457,0.45275068
1687324183,0.16696338,0.16831842,0.6647182
1687337733,0.34204802,0.36725768,0.29069436
1687484685,0.2915854,0.43031213,0.2781025
1687513773,0.34966123,0.36417103,0.28616783
1687517286,0.4374966,0.33078316,0.23172022
1687539953,0.2877491,0.46601316,0.2462377
1687692727,0.27139914,0.3227998,0.405801
1687703522,0.34428203,0.32974178,0.3259762
1687777687,0.36299542,0.3031761,0.3338285
1687839717,0.26623234,0.23559316,0.49817455
1687851394,0.4544986,0.31648517,0.22901626
1687882189,0.29412,0.37762633,0.3282536
1687915846,0.25374287,0.42521623,0.32104093
1687961168,0.39239106,0.35205844,0.2555505
1688132881,0.2185511,0.57398576,0.20746313
1688248069,0.3662649,0.33297032,0.30076474
1688319399,0.31579807,0.34081706,0.34338486
1688413777,0.23194127,0.54387134,0.2241874
1688512921,0.23526864,0.5359543,0.22877699
1688566613,0.5239854,0.22321169,0.25280294
1688657687,0.47978407,0.17900562,0.34121034
1688892099,0.290225,0.32610044,0.38367453
1688940667,0.21054351,0.44232497,0.3471316
1688947434,0.3150375,0.3912908,0.29367176
1689008603,0.25767758,0.45541507,0.28690737
1689026321,0.29884315,0.36072776,0.3404291
1689111044,0.09449622,0.79048175,0.11502201
1689113901,0.43671024,0.3016043,0.26168546
1689252365,0.34361568,0.3687643,0.28761998
1689271145,0.12333633,0.12717865,0.74948496
1689384308,0.2990452,0.3697627,0.33119202
1689398549,0.33362234,0.2318128,0.43456486
1689402367,0.27618086,0.43441057,0.2894086
1689499112,0.34997138,0.3678352,0.2821935
1689615491,0.31249583,0.30681267,0.3806915
1689627180,0.46471152,0.30301842,0.23227009
1689740971,0.13812548,0.68686795,0.17500655
1689843164,0.120926395,0.14584789,0.7332257
1689934546,0.27897412,0.49078804,0.23023784
1689991625,0.34218064,0.35980293,0.29801643
1690011853,0.785444,0.086054645,0.12850131
1690043841,0.19687495,0.18818603,0.614939
1690050955,0.25615585,0.26269665,0.48114747
1690059124,0.19088161,0.58248186,0.22663653
1690146906,0.2930417,0.33660594,0.37035227
1690148636,0.33979937,0.3523076,0.30789304
1690267598,0.5590213,0.22475088,0.21622789
1690297634,0.36558157,0.32463565,0.3097827
1690337718,0.34325087,0.3656423,0.2911069
1690373429,0.2884638,0.4133206,0.2982155
1690439167,0.108348474,0.7678545,0.12379697
1690485976,0.27176026,0.452467,0.2757728
1690490188,0.2992662,0.33771998,0.36301383
1690603264,0.3067998,0.3713159,0.3218843
1690685797,0.14343862,0.13215536,0.72440606
1690796873,0.62542903,0.18135065,0.19322039
1690844113,0.14424519,0.7062032,0.14955163
1690893930,0.40197018,0.2892392,0.3087906
1691088739,0.22776681,0.43828726,0.3339459
1691117422,0.712494,0.12906685,0.15843911
1691173071,0.21372193,0.5520992,0.23417886
1691186528,0.06846135,0.83578986,0.095748775
1691188804,0.36724007,0.24298958,0.38977036
1691227636,0.6209769,0.12508942,0.25393364
1691229265,0.3919894,0.36458683,0.24342375
1691407828,0.3510539,0.24580596,0.40314007
1691438113,0.40541852,0.33445773,0.26012373
1691528725,0.4390754,0.26631817,0.2946064
1691539588,0.2818085,0.32024923,0.39794227
1691696486,0.3840425,0.32165688,0.29430065
1691822487,0.3937219,0.19707201,0.40920606
1691880084,0.20706306,0.2038787,0.5890582
1691893643,0.08511847,0.80364597,0.11123553
1691993974,0.20045704,0.5927989,0.20674413
1691995928,0.6210329,0.1596327,0.2193344
1692031084,0.6392829,0.14604248,0.21467467
1692058788,0.2934951,0.36480108,0.3417038
1692128230,0.30344212,0.38758126,0.30897668
1692147442,0.3253553,0.38187373,0.29277095
1692292133,0.36464795,0.34187785,0.29347414
1692349790,0.09353143,0.79475886,0.11170969
1692439240,0.3505609,0.31249228,0.33694685
1692442552,0.312581,0.35857573,0.32884336
1692488190,0.321511,0.33766487,0.34082416
1692512857,0.40353227,0.31451285,0.28195488
1692550667,0.20610875,0.24156408,0.5523272
1692588524,0.36536917,0.304216,0.33041486
1692795130,0.44253796,0.29756278,0.25989917
1692935898,0.3104598,0.38370314,0.30583706
1693095348,0.56495184,0.19438514,0.240663
1693157430,0.3536894,0.34516522,0.3011454
1693197359,0.6259432,0.18357539,0.19048132
1693205655,0.41228545,0.26080352,0.326911
1693292490,0.14338093,0.10400414,0.7526149
1693314599,0.23966976,0.48477218,0.2755581
1693447448,0.62313503,0.17167565,0.20518932
1693485743,0.5578155,0.2007827,0.24140179
1693544479,0.32959437,0.41921586,0.2511899
1693585628,0.47184953,0.25201645,0.276134
1693631013,0.38904926,0.32797447,0.28297624
1693787037,0.55652535,0.23844117,0.20503356
1693898511,0.766895,0.10425536,0.12884969
1694211372,0.46505433,0.3084776,0.2264681
1694231004,0.2321845,0.4977714,0.2700441
1694258244,0.32381573,0.3585516,0.31763265
1694382325,0.676963,0.14416824,0.17886873
1694483196,0.111086816,0.093926005,0.79498714
1694489471,0.3962661,0.35561404,0.2481199
1694541350,0.37523156,0.26506963,0.3596988
1694571465,0.3227433,0.32076958,0.35648718
1694586549,0.3835171,0.35920876,0.2572741
1694665554,0.26153302,0.28037372,0.45809323
1694748446,0.24857727,0.2572921,0.49413058
1694750025,0.63120836,0.18297154,0.18582015
1694852609,0.2452826,0.20566063,0.54905677
1694893412,0.2875473,0.35590208,0.35655066
1695071938,0.30964258,0.3248372,0.36552024
1695206934,0.41194302,0.3389607,0.2490963
1695237077,0.2970153,0.2614893,0.44149542
1695336100,0.28917992,0.21041296,0.50040716
1695378735,0.5627182,0.21461703,0.2226648
1695402460,0.28342766,0.3643942,0.35217816
1695415392,0.20347668,0.23558588,0.56093735
1695645555,0.23714067,0.48264846,0.28021094
1695654023,0.41249776,0.32145074,0.2660515
1695786581,0.5201283,0.1585561,0.32131553
1695830809,0.37329388,0.35051206,0.27619407
1695969455,0.13281645,0.12161242,0.74557114
1695997730,0.3354672,0.27402812,0.39050466
1696169586,0.085846834,0.07000494,0.8441482
1696212752,0.316422,0.3636501,0.31992793
1696225496,0.2955768,0.39860353,0.30581972
1696379674,0.22095205,0.48131615,0.29773176
1696541902,0.109384246,0.10258695,0.78802884
1696551148,0.41536885,0.33932522,0.24530599
1696641753,0.3001947,0.32849586,0.37130943
1696658626,0.5469986,0.20911017,0.2438912
1696675849,0.28829885,0.34063345,0.37106773
1696678573,0.23454736,0.43395394,0.3314987
1696786782,0.33016047,0.37263557,0.29720396
1696896205,0.49368054,0.26608768,0.24023175
1696907992,0.26884672,0.42949897,0.3016544
1696953885,0.49674064,0.24987952,0.2533799
1696982206,0.31171647,0.34502715,0.3432564
1697004492,0.28678837,0.39850187,0.31470975
1697176580,0.18536045,0.6222815,0.19235806
1697341489,0.7328913,0.12190655,0.14520217
1697384419,0.23621091,0.2494332,0.5143559
1697590397,0.15685405,0.61941475,0.22373122
1697607616,0.1830396,0.17311813,0.6438422
1697706689,0.28762046,0.2518609,0.46051872
1697804885,0.1632102,0.15845157,0.6783382
1697947520,0.29599237,0.31939036,0.38461724
1698059832,0.4993029,0.25246385,0.24823324
1698118763,0.33443797,0.3550492,0.31051287
1698127899,0.30775884,0.32021028,0.3720309
1698179769,0.46258608,0.22220999,0.31520396
1698196355,0.097526565,0.767411,0.13506244
1698355940,0.3393663,0.38477278,0.275861
1698393049,0.17287159,0.15110113,0.67602724
1698432274,0.3121976,0.41597787,0.27182463
1698527753,0.08525123,0.7929413,0.12180757
1698531514,0.58473885,0.17868018,0.23658097
1698614890,0.37361458,0.40458727,0.22179812
1698702990,0.25850022,0.32383063,0.41766912
1698763891,0.58800876,0.20128337,0.21070783
1698850592,0.2888123,0.42394277,0.28724486
1698963541,0.49664477,0.27925408,0.22410117
1699032011,0.5139982,0.21606988,0.26993188
1699044332,0.34542543,0.32003626,0.3345383
1699088118,0.47392923,0.3042983,0.22177254
1699192522,0.22079313,0.509278,0.26992893
1699243713,0.32770777,0.43383494,0.23845725
1699260348,0.6330273,0.16490075,0.20207204
1699285355,0.28999984,0.37002555,0.33997455
1699444390,0.61544746,0.19238298,0.19216953
1699512360,0.39872774,0.31817597,0.2830963
1699517623,0.47268337,0.24454261,0.28277406
1699556552,0.23555388,0.41551736,0.34892878
1699569790,0.34264344,0.3571297,0.30022693
1699607344,0.15095222,0.6597568,0.18929097
1699705099,0.59621495,0.2055712,0.19821386
1699832756,0.26111168,0.4779823,0.26090595
1699833007,0.37775424,0.31571385,0.30653194
1699909980,0.521709,0.23339815,0.24489284
1700256370,0.35901907,0.33251232,0.30846858
1700352394,0.22918582,0.36725187,0.40356225
1700485897,0.46401694,0.22219515,0.3137879
1700496488,0.5168658,0.2625658,0.22056837
1700540254,0.56635845,0.22276422,0.21087736
1700599838,0.30420455,0.30955625,0.38623917
1700639361,0.47561273,0.24431182,0.2800755
1700652019,0.4115629,0.31458026,0.27385688
1700776690,0.3607218,0.28230762,0.35697052
1701006666,0.38534006,0.35124528,0.2634147
1701217726,0.42909938,0.29870757,0.272193
1701310011,0.6703916,0.15859012,0.17101827
1701352989,0.101027414,0.14659429,0.7523782
1701382450,0.47016692,0.22533378,0.3044993
1701400238,0.36533228,0.3643048,0.2703629
1701429124,0.24194503,0.20660515,0.55144984
1701638473,0.30622002,0.36845395,0.32532603
1701693802,0.082034774,0.81250226,0.10546295
1701833100,0.7827571,0.08391846,0.13332443
1701869418,0.38066837,0.26241583,0.35691568
1701869469,0.3533378,0.37716103,0.26950118
1702012397,0.3492077,0.3859917,0.2648006
1702134344,0.16021274,0.1696124,0.67017484
1702145843,0.33264762,0.28881764,0.3785348
1702172595,0.3330995,0.24317859,0.42372194
1702236031,0.10898912,0.7619452,0.12906574
1702253932,0.1538029,0.6676467,0.17855042
1702390481,0.2877166,0.4196472,0.29263616
1702398362,0.22725983,0.5762489,0.19649132
1702458599,0.24719356,0.20279494,0.5500115
1702505390,0.37312412,0.30091697,0.3259589
1702698069,0.18268222,0.58610654,0.23121125
1702700036,0.25128192,0.41689765,0.33182037
1702709833,0.41342345,0.32635197,0.26022464
1702737072,0.36264485,0.32579604,0.31155908
1702781517,0.28019014,0.28598008,0.43382972
1702918854,0.24811198,0.35019803,0.40168992
1702965667,0.09708136,0.09912308,0.8037955
1703202880,0.23125608,0.47624353,0.2925004
1703548604,0.4737058,0.25814518,0.268149
1703579951,0.18924782,0.5947624,0.2159898
1703602917,0.27448535,0.37755957,0.34795508
1703699599,0.26838887,0.15851265,0.57309854
1703791790,0.21845642,0.23909904,0.5424445
1703847666,0.2907826,0.29714486,0.4120725
1703889886,0.14883977,0.6763035,0.1748567
1703895468,0.30151767,0.19225907,0.5062232
1704082472,0.42959037,0.2992986,0.27111104
1704124283,0.17515434,0.13286248,0.6919832
1704157176,0.2428846,0.3695345,0.38758087
1704447010,0.3170948,0.3298917,0.35301346
1704692568,0.67179334,0.15188335,0.17632332
1704968274,0.30742094,0.32202616,0.37055296
1705236839,0.2625854,0.44235393,0.29506063
1705320343,0.19988903,0.17084731,0.6292636
1705339654,0.4671527,0.28606796,0.2467793
1705405987,0.23469026,0.41260797,0.35270175
1705445646,0.2665044,0.29455075,0.43894494
1705455975,0.327069,0.36007154,0.31285957
1705517008,0.08792782,0.7959864,0.11608572
1705658966,0.3440196,0.35875073,0.29722974
1705660092,0.33900398,0.37383124,0.2871648
1705717796,0.28511894,0.33621478,0.37866628
1705731461,0.42369464,0.25014177,0.32616356
1705759496,0.57152164,0.1877674,0.24071096
1705786553,0.5971409,0.20137973,0.20147939
1705836761,0.16810316,0.16233638,0.6695605
1705863007,0.24796814,0.2892016,0.46283022
1706106815,0.32808897,0.31107596,0.36083508
1706168551,0.21718925,0.26915565,0.5136551
1706225713,0.2984738,0.3499576,0.35156858
1706267339,0.2498994,0.48892343,0.2611771
1706364496,0.33607802,0.4402496,0.22367243
1706433544,0.42944008,0.31699955,0.25356033
1706456495,0.2584008,0.22234134,0.5192579
1706458317,0.23119375,0.21398038,0.55482584
1706974793,0.15011044,0.66037464,0.18951501
1706978920,0.15798426,0.6225861,0.21942967
1707031096,0.2550243,0.25465235,0.49032336
1707081517,0.30124086,0.27872777,0.42003143
1707163399,0.19968921,0.5519408,0.24837004
1707452320,0.12710625,0.7350526,0.13784118
1707559411,0.10140219,0.110396646,0.78820115
1707564207,0.32352737,0.32124278,0.35522982
1707738527,0.22713572,0.48256356,0.29030073
1707809334,0.09314867,0.7995596,0.107291766
1707822137,0.2568292,0.29979354,0.4433773
1707910007,0.1579769,0.61988443,0.22213863
1708013156,0.46513993,0.305423,0.22943707
1708045889,0.68968016,0.12840861,0.18191127
1708096739,0.18739782,0.6279105,0.18469164
1708167982,0.28322127,0.3564839,0.36029485
1708191432,0.29803562,0.27327883,0.4286856
1708213509,0.5777558,0.16910945,0.25313467
1708315901,0.13589713,0.6725226,0.19158019
1708417335,0.29876888,0.40551132,0.29571983
1708487093,0.11168683,0.09889864,0.7894146
1708596348,0.2887522,0.43298224,0.27826566
1708728114,0.453067,0.29705095,0.2498821
1708750130,0.6007788,0.13394587,0.2652753
1708751795,0.4283968,0.34458315,0.22702006
1708759667,0.3194988,0.35519916,0.32530203
1708779921,0.3035466,0.39157486,0.30487853
1708799770,0.16236737,0.60430974,0.23332295
1708926862,0.20757388,0.18312915,0.609297
1708958780,0.28148675,0.36096954,0.35754374
1709009838,0.2725035,0.40498993,0.32250655
1709023967,0.38780972,0.3306873,0.28150302
1709046056,0.10076593,0.785667,0.11356708
1709118016,0.49256647,0.26066908,0.24676453
1709121087,0.32906902,0.33476388,0.3361671
1709201081,0.43100417,0.30858842,0.26040742
1709290023,0.4347272,0.25978115,0.30549166
1709292342,0.28435534,0.39755788,0.3180869
1709331184,0.2885551,0.33300695,0.37843797
1709443754,0.2774081,0.42349857,0.29909334
1709489675,0.27586517,0.24346039,0.48067442
1709570513,0.4575691,0.24683946,0.29559138
1709609302,0.40175453,0.32562673,0.2726188
1709674540,0.31720376,0.31524163,0.36755463
1709833562,0.25395325,0.22404769,0.52199906
1709962428,0.2166246,0.5074363,0.2759391
1710041779,0.4024431,0.3520708,0.24548604
1710143892,0.35390362,0.31537926,0.33071712
1710270763,0.24908482,0.4486192,0.30229598
1710357115,0.10933541,0.15612862,0.734536
1710374387,0.49936053,0.2525462,0.24809322
1710383653,0.45443842,0.30374017,0.2418214
1710436179,0.25385553,0.42655376,0.31959063
1710507110,0.34960073,0.35490224,0.29549694
1710539629,0.1312196,0.7147134,0.154067
1710752384,0.3003342,0.41130164,0.28836423
1710760090,0.21207775,0.24566008,0.5422622
1710773731,0.23874994,0.4358365,0.32541355
1710820207,0.53788865,0.26104784,0.2010635
1710896336,0.07204658,0.8335526,0.094400816
1710899569,0.26075324,0.19729641,0.5419503
1711055179,0.5585533,0.19400144,0.24744529
1711097133,0.22819827,0.47270566,0.2990961
1711164857,0.65243137,0.18256833,0.16500026
1711165180,0.3488516,0.32011613,0.33103225
1711235741,0.29220414,0.34478474,0.36301112
1711307665,0.49290654,0.27405205,0.23304139
1711449809,0.1528698,0.63530135,0.21182883
1711501045,0.31318453,0.35720178,0.32961375
1711579754,0.1592795,0.65289205,0.18782847
1711699407,0.18508221,0.20622931,0.6086884
1711701456,0.5333721,0.24687725,0.21975069
1711705347,0.46066487,0.3185987,0.22073638
1711804964,0.3517654,0.282502,0.36573258
1711909044,0.41988924,0.30874884,0.27136195
1711909230,0.22531103,0.5516437,0.22304519
1711963439,0.19254076,0.5582604,0.24919885
1712092208,0.27749512,0.36383563,0.35866925
1712211949,0.29669046,0.3367435,0.36656603
1712358857,0.2174434,0.5019859,0.2805707
1712459088,0.3116108,0.36114642,0.32724267
1712531068,0.22673017,0.20548698,0.56778276
1712557395,0.4041401,0.2924077,0.30345216
1712620059,0.32966465,0.3635601,0.3067752
1712648614,0.22884123,0.5912116,0.17994714
1712672368,0.3235678,0.36655036,0.30988187
1712782425,0.29570916,0.35579357,0.3484973
1712790374,0.4589163,0.23323962,0.30784407
1713029428,0.4601296,0.28452381,0.25534663
1713030658,0.11744075,0.10108117,0.7814781
1713049505,0.32831326,0.33829737,0.33338943
1713099457,0.23048729,0.37840685,0.3911058
1713146408,0.41736877,0.32826245,0.25436884
1713263793,0.22204027,0.49038842,0.28757122
1713392621,0.26065135,0.35374483,0.38560385
1713448785,0.28226388,0.42778713,0.28994894
1713598875,0.31352785,0.36375746,0.32271466
1713618786,0.31688643,0.35027188,0.33284178
1713689606,0.5303192,0.23882212,0.23085871
1713735638,0.46057895,0.2716685,0.26775253
1713749930,0.43322417,0.3200067,0.2467691
1713918922,0.38069394,0.37214056,0.24716549
1713940675,0.35566458,0.29426116,0.3500743
1714033303,0.56518865,0.23816757,0.19664377
1714074719,0.33513293,0.3536003,0.31126678
1714135789,0.2735703,0.44511122,0.2813185
1714143351,0.14098819,0.6732074,0.18580438
1714210749,0.36582983,0.24112797,0.3930422
1714335925,0.18584402,0.19219686,0.6219591
1714469710,0.13800326,0.7079274,0.15406932
1714480516,0.15668246,0.6638003,0.17951728
1714518349,0.33126655,0.287527,0.3812065
1714625142,0.09068162,0.78898734,0.12033105
1714804666,0.2047056,0.6015877,0.19370672
1714874919,0.76804906,0.10103578,0.13091515
1715034145,0.23898602,0.5254567,0.23555721
1715103064,0.56913257,0.16678715,0.2640803
1715259579,0.08159717,0.80622816,0.11217473
1715262239,0.82489264,0.069546275,0.10556109
1715351046,0.43415755,0.25995225,0.30589014
1715362485,0.22603528,0.33372214,0.44024256
1715421065,0.31492049,0.36962134,0.31545824
1715430089,0.24510558,0.24178103,0.51311344
1715514321,0.73068327,0.13243891,0.1368778
1715658723,0.12411553,0.12603346,0.7498509
1715694065,0.32845926,0.29894707,0.37259367
1715763931,0.5070874,0.25778663,0.23512599
1715901933,0.3777672,0.35640424,0.26582858
1715939092,0.51538384,0.2361103,0.24850592
1716142849,0.16548651,0.1796295,0.654884
1716252170,0.32274213,0.39559746,0.28166032
1716334525,0.5971003,0.18633357,0.21656618
1716424568,0.37573034,0.29998478,0.32428494
1716495228,0.3811033,0.32599756,0.29289907
1716588874,0.50196767,0.26207328,0.23595898
1716596437,0.54732364,0.2438448,0.20883156
1716610171,0.28730968,0.42038643,0.29230392
1716628020,0.2607144,0.39775643,0.34152928
1716691769,0.31998616,0.3871136,0.29290017
1716701012,0.08958666,0.7882658,0.12214755
1716765550,0.40341824,0.32175574,0.27482608
1716878448,0.30040437,0.35262936,0.3469663
1717009305,0.111832626,0.10315281,0.7850146
1717059502,0.3084605,0.39276725,0.29877225
1717147012,0.31476945,0.26835558,0.41687503
1717339138,0.15852086,0.67858094,0.1628982
1717472588,0.3169127,0.40187043,0.2812168
1717499706,0.32607567,0.35825244,0.31567195
1717548147,0.22443731,0.31520486,0.46035782
1717612410,0.30902353,0.31421846,0.37675795
1717646550,0.30654347,0.28951994,0.40393656
1717692915,0.26498213,0.28068057,0.45433733
1717737086,0.06859039,0.8330939,0.098315746
1717753963,0.5029952,0.26339132,0.23361342
1717862742,0.333343,0.1878006,0.47885644
1717938278,0.3612141,0.28737444,0.3514115
1718196048,0.4679573,0.28931892,0.24272384
1718261371,0.28852782,0.2974841,0.41398802
1718393889,0.13892755,0.70574856,0.15532388
1718427354,0.31665888,0.4211766,0.2621645
1718442063,0.0680816,0.06267358,0.86924493
1718492494,0.34475526,0.29411343,0.3611313
1718495528,0.30626178,0.3368564,0.35688186
1718629325,0.43940565,0.30151585,0.25907847
1718649676,0.11181907,0.11094616,0.7772348
1718737773,0.29790658,0.31378695,0.38830647
1718969511,0.837693,0.061911814,0.10039523
1718986988,0.44530058,0.30815658,0.2465428
1719023432,0.24151586,0.22577795,0.5327062
1719075252,0.3419276,0.31708726,0.34098515
1719138063,0.44141853,0.24762274,0.3109588
1719162818,0.19722217,0.5703634,0.23241444
1719190274,0.22881426,0.46599883,0.3051869
1719289825,0.3295181,0.3859123,0.28456968
1719396751,0.35361344,0.33417252,0.31221405
1719493024,0.38136086,0.27363765,0.3450015
1719553749,0.36003503,0.36725923,0.27270573
1719720932,0.5892866,0.22270708,0.18800633
1719765638,0.35715467,0.3494708,0.29337457
1719961406,0.27505085,0.36352107,0.36142808
1720140308,0.3969008,0.30738026,0.295719
1720284332,0.30769405,0.3917922,0.30051377
1720388330,0.3731543,0.33334994,0.29349577
1720413276,0.38980225,0.2976785,0.31251934
1720524563,0.4390891,0.22917183,0.33173913
1720552419,0.22369286,0.44140178,0.33490533
1720573431,0.23655938,0.21625264,0.54718804
1720693294,0.30920646,0.27917215,0.41162142
1720732200,0.09366905,0.78225625,0.12407465
1720746494,0.673935,0.16117214,0.16489285
1720811875,0.23106688,0.32843393,0.44049916
1721046154,0.35048205,0.33118218,0.31833583
1721099858,0.23387246,0.1875949,0.5785327
1721105817,0.39600176,0.35160106,0.25239718
1721124299,0.25943905,0.25865862,0.48190227
1721217005,0.3716594,0.3142391,0.31410155
1721302886,0.29390228,0.3885883,0.31750944
1721327298,0.37226433,0.37242454,0.2553111
1721367499,0.47285563,0.26592186,0.2612225
1721402126,0.46157074,0.28882778,0.24960148
1721453938,0.24773341,0.24260087,0.5096657
1721485134,0.29169577,0.34312457,0.3651796
1721531304,0.38085794,0.3101364,0.3090056
1721636944,0.37752926,0.28152105,0.3409497
1721700705,0.3932017,0.29613885,0.31065944
1721717050,0.33242583,0.36823002,0.29934424
1721718420,0.21431477,0.25228268,0.5334025
1721790205,0.50508684,0.27815956,0.2167536
1721981634,0.26615316,0.5107926,0.2230542
1722046535,0.14096189,0.1474819,0.7115562
1722331659,0.35714704,0.29652375,0.34632918
1722333321,0.20315377,0.58186567,0.21498059
1722518772,0.37697735,0.34604767,0.27697495
1722534903,0.21763766,0.44235873,0.34000367
1722610582,0.634874,0.159837,0.205289
1722614692,0.37532878,0.34594625,0.27872497
1722618408,0.18836284,0.58636117,0.22527598
1722656647,0.25618714,0.35986468,0.38394815
1722683244,0.35175166,0.30411795,0.34413037
1722829439,0.6187987,0.19373956,0.18746178
1723077691,0.14902656,0.6987361,0.15223739
1723250495,0.1053498,0.76505625,0.12959392
1723261452,0.351083,0.3302248,0.31869224
1723266119,0.24137926,0.22180869,0.53681207
1723271499,0.32892424,0.3655559,0.3055199
1723276070,0.28130403,0.38093045,0.3377655
1723518433,0.14128676,0.14722438,0.7114889
1723530056,0.19918194,0.2025937,0.5982244
1723723756,0.2788317,0.40858102,0.31258723
1723780952,0.3335391,0.29791617,0.36854473
1723863235,0.6096455,0.16903551,0.22131896
1723908854,0.24927133,0.34077758,0.40995115
1723921742,0.2813803,0.2754784,0.44314128
1723938199,0.47009125,0.27552864,0.2543801
1723966098,0.33877254,0.36550808,0.2957193
1724025118,0.24418308,0.24172965,0.5140872
1724030780,0.41236544,0.3165316,0.27110296
1724129737,0.20951833,0.18826742,0.6022142
1724145503,0.24469306,0.50854415,0.24676278
1724405817,0.385734,0.35817358,0.2560925
1724518854,0.5120211,0.21706006,0.27091882
1724589264,0.39752042,0.3339167,0.26856288
1724700984,0.13785116,0.7116104,0.15053852
1724724907,0.39909127,0.35965565,0.2412531
1724736940,0.14102243,0.69245565,0.1665219
1724948921,0.40728384,0.33227697,0.26043913
1725068559,0.3059007,0.29058683,0.40351248
1725068645,0.24772206,0.18612427,0.5661537
1725662863,0.46926114,0.2745636,0.2561752
1725841823,0.11477458,0.12361851,0.7616069
1725854402,0.72640735,0.096017316,0.17757532
1725975147,0.3155917,0.3852848,0.2991235
1726028627,0.3424992,0.2709221,0.3865787
1726036484,0.12837102,0.7066337,0.16499533
1726052659,0.06906305,0.82612973,0.104807205
1726055067,0.25861272,0.3313794,0.4100079
1726233067,0.1163106,0.10709045,0.776599
1726238362,0.2660714,0.3812524,0.35267627
1726266909,0.1661222,0.15243173,0.6814461
1726330480,0.286887,0.29166263,0.4214504
1726367940,0.31050375,0.30211177,0.38738453
1726608997,0.52662826,0.23440565,0.23896612
1726620416,0.37031314,0.37103984,0.25864705
1726630996,0.30843258,0.3598265,0.33174092
1726669132,0.26717234,0.43409526,0.2987324
1726735156,0.2284287,0.49184838,0.27972293
1726803987,0.1916721,0.18790565,0.6204223
1726916973,0.1745513,0.62605196,0.1993967
1726938888,0.50148416,0.24321978,0.2552961
1727003714,0.2754381,0.35272744,0.3718344
1727094010,0.7703516,0.09175092,0.13789754
1727110019,0.755892,0.09960347,0.14450456
1727117026,0.2549973,0.4749531,0.27004966
1727320611,0.2877623,0.42341492,0.28882286
1727544159,0.5471474,0.23306517,0.2197875
1727642542,0.22612043,0.24978216,0.5240974
1727695777,0.22683619,0.47880358,0.29436025
1727723673,0.40643728,0.32082155,0.2727411
1727761208,0.40869525,0.29288957,0.2984152
1727844644,0.29841936,0.40263382,0.2989469
1727973312,0.59139574,0.18032825,0.22827606
1727990384,0.126942,0.11196803,0.76109
1728078118,0.17947122,0.6047214,0.21580733
1728160003,0.38872603,0.3332471,0.27802688
1728257929,0.5568851,0.23869483,0.20442002
1728305453,0.5839632,0.20571095,0.21032588
1728310216,0.3512741,0.35000098,0.2987249
1728580736,0.3363948,0.31568807,0.3479171
1728623670,0.38263738,0.25981283,0.35754985
1728729312,0.065341145,0.8433396,0.09131923
1728768467,0.26456988,0.4412345,0.2941957
1728821845,0.25277737,0.5021928,0.24502985
1728910167,0.24633765,0.37785232,0.37580997
1728942450,0.15785207,0.15934932,0.6827986
1728981564,0.31277543,0.38354367,0.30368087
1729197804,0.31887698,0.40904787,0.2720752
1729328690,0.44300827,0.30318862,0.25380307
1729373744,0.369816,0.36275905,0.267425
1729505410,0.5705011,0.20752524,0.22197375
1729644186,0.4476599,0.34811458,0.2042255
1729696277,0.10742238,0.76190585,0.13067174
1729721726,0.13703787,0.13060124,0.7323609
1729763229,0.3063981,0.3784898,0.3151121
1729885130,0.27772745,0.39723527,0.32503733
1729885436,0.26824868,0.25072154,0.48102972
1729972900,0.20065399,0.117508724,0.68183726
1730050025,0.2659799,0.2550363,0.4789838
1730073430,0.26778877,0.23973493,0.49247637
1730227863,0.5687154,0.18792076,0.24336389
1730282689,0.40833476,0.342339,0.24932623
1730316708,0.4309289,0.30637208,0.26269913
1730503979,0.17376894,0.59050006,0.23573099
1730513000,0.36066076,0.2973701,0.34196913
1730544682,0.6002527,0.19811615,0.20163114
1730554538,0.44134262,0.2896003,0.26905704
1730609288,0.4953628,0.2695819,0.23505536
1730754807,0.29826298,0.40512672,0.2966103
1730974193,0.09016599,0.08102519,0.82880884
1731089189,0.26546225,0.30882275,0.42571506
1731109166,0.26988894,0.23844437,0.4916666
1731171523,0.32089916,0.3235391,0.3555617
1731367518,0.38561052,0.32733968,0.2870498
1731382787,0.17897171,0.18087648,0.6401519
1731477502,0.27367353,0.427906,0.29842046
1731499471,0.6527593,0.1566082,0.19063257
1731523613,0.7946242,0.08364147,0.121734306
1731534179,0.31873968,0.35452154,0.32673877
1731538520,0.4547653,0.15860824,0.38662645
1731542195,0.28947946,0.41564998,0.2948705
1731550578,0.2601556,0.28757265,0.45227176
1731576286,0.25033948,0.2545126,0.4951478
1731847910,0.31837752,0.38571513,0.2959074
1731873021,0.25009727,0.32248923,0.4274135
1731931741,0.48279336,0.20277247,0.31443414
1731936518,0.38141778,0.32452235,0.2940599
1731942510,0.08056131,0.82312906,0.09630961
1732060126,0.18696561,0.187827,0.6252073
1732077490,0.2578295,0.3654607,0.37670985
1732135669,0.28606415,0.34744322,0.36649263
1732292935,0.52058786,0.22476332,0.25464883
1732540612,0.33073217,0.36538103,0.3038867
1732575572,0.19067511,0.5862349,0.22308996
1732607111,0.2898611,0.3032592,0.4068797
1732758015,0.36878034,0.345934,0.28528565
1732766213,0.4489176,0.30489936,0.24618304
1732784225,0.21974322,0.53145784,0.24879903
1732984003,0.38776767,0.34598228,0.2662501
1733072796,0.36212483,0.34651357,0.29136157
1733074914,0.34188458,0.37308735,0.285028
1733102904,0.1915835,0.21283497,0.5955815
1733118187,0.57461786,0.22094229,0.2044398
1733119283,0.2081151,0.53034025,0.26154467
1733193367,0.3016256,0.43847665,0.25989774
1733330194,0.5520671,0.26645455,0.18147835
1733418406,0.5453635,0.21118394,0.24345264
1733501348,0.23738849,0.10758771,0.6550238
1733550244,0.560727,0.22090602,0.21836695
1733556048,0.08876524,0.79053885,0.120695874
1733600568,0.3253311,0.42250174,0.2521672
1733729683,0.3236293,0.32747778,0.3488929
1733777869,0.44978127,0.30885416,0.24136452
1733887230,0.16400078,0.16683894,0.6691603
1734154105,0.2155837,0.4228424,0.36157396
1734208959,0.3737814,0.29246277,0.33375585
1734221711,0.4136321,0.3579775,0.22839037
1734255774,0.15752801,0.17523497,0.6672371
1734324267,0.22104117,0.4547811,0.32417774
1734454788,0.2838072,0.4220022,0.29419062
1734649525,0.4590427,0.2755722,0.26538506
1734739733,0.25310802,0.2916965,0.45519552
1734745545,0.39536068,0.29921737,0.30542198
1734925727,0.3952604,0.32534313,0.27939653
1734965955,0.6928215,0.14481084,0.16236769
1734991952,0.3646555,0.32757193,0.30777258
1735024514,0.32684562,0.33791453,0.3352398
1735028976,0.18266857,0.5307536,0.28657776
1735030048,0.35533363,0.29350102,0.35116544
1735053974,0.36521974,0.35928175,0.2754985
1735124934,0.29564264,0.3356882,0.36866912
1735140462,0.112327985,0.7333879,0.15428416
1735223029,0.32134834,0.28109866,0.39755297
1735270029,0.671632,0.11299674,0.2153713
1735279981,0.29440638,0.33201194,0.37358165
1735391902,0.35529658,0.33404678,0.31065655
1735410150,0.39115784,0.33111614,0.27772596
1735414070,0.4100525,0.28103846,0.308909
1735418493,0.14464688,0.69260824,0.16274488
1735436560,0.569559,0.21662587,0.21381517
1735439387,0.39570615,0.3074305,0.29686332
1735589449,0.20300911,0.3002375,0.4967534
1735670297,0.56365955,0.18801099,0.24832945
1735759001,0.43587464,0.2908285,0.2732969
1735934847,0.67351604,0.15537202,0.17111185
1735988940,0.10410714,0.7726333,0.12325958
1736012793,0.12313964,0.7259703,0.15089001
1736020897,0.20432018,0.5738677,0.22181216
1736093704,0.5918476,0.20038132,0.2077711
1736154099,0.2753837,0.343718,0.3808983
1736191592,0.43863222,0.2980601,0.26330763
1736299309,0.16210099,0.645453,0.19244598
1736324458,0.34832042,0.30390906,0.34777054
1736332868,0.44564366,0.2586553,0.2957011
1736341771,0.20077378,0.19574447,0.6034817
1736410915,0.6183354,0.15941946,0.22224507
1736481611,0.34938243,0.27238226,0.37823528
1736505814,0.2567682,0.32822976,0.41500208
1736708863,0.28730917,0.2259496,0.48674116
1736833989,0.4775972,0.22864518,0.2937576
1736904743,0.13135357,0.10466457,0.7639819
1737057951,0.56829697,0.15047312,0.28122988
1737105319,0.30238718,0.32995793,0.36765495
1737149375,0.40789884,0.29590195,0.29619914
1737199830,0.40095153,0.33735412,0.2616943
1737441924,0.5189415,0.23737726,0.24368115
1737580402,0.3484319,0.33169624,0.31987187
1737888724,0.28274712,0.48479345,0.23245947
1737973608,0.5766321,0.23687175,0.18649612
1738253511,0.2720643,0.34485847,0.3830772
1738298735,0.21887305,0.442735,0.338392
1738344251,0.32907704,0.3052154,0.36570755
1738348760,0.34859082,0.3301463,0.3212629
1738430372,0.22403862,0.19482704,0.5811343
1738439631,0.39153385,0.29823178,0.3102344
1738448173,0.4592787,0.28990164,0.2508196
1738502790,0.7734289,0.096345425,0.13022567
1738571792,0.5982967,0.17661324,0.22509007
1738602048,0.33562848,0.28364444,0.38072705
1738924789,0.28573206,0.39831197,0.31595594
1739141597,0.09919499,0.09183223,0.80897284
1739189842,0.31183982,0.3471556,0.34100464
1739200962,0.15478998,0.39162007,0.4535899
1739216143,0.2893806,0.3597341,0.35088536
1739226511,0.20896907,0.45871985,0.3323111
1739340155,0.32307553,0.36455193,0.3123725
1739421378,0.31271008,0.20685157,0.48043832
1739431180,0.23696491,0.17035964,0.59267545
1739541010,0.24720618,0.28253096,0.4702628
1739907524,0.3441302,0.33150816,0.32436168
1739942735,0.3696708,0.2543774,0.37595177
1739956661,0.1535768,0.6663283,0.18009487
1739959597,0.29128858,0.25099134,0.45772004
1739975411,0.4278611,0.27416927,0.29796964
1740052296,0.39563024,0.2944302,0.3099396
1740093540,0.49915832,0.27053922,0.23030247
1740237192,0.30325013,0.31916416,0.3775857
1740242588,0.54068774,0.1922195,0.26709273
1740283300,0.7196154,0.11148095,0.16890363
1740378012,0.25917947,0.34455672,0.39626384
1740433539,0.22583534,0.22417223,0.54999244
1740488468,0.10222049,0.77752966,0.1202499
1740504509,0.3566894,0.34439614,0.2989145
1740535387,0.4386625,0.29976365,0.26157382
1740543366,0.31678867,0.39154512,0.2916662
1740564318,0.09249852,0.087007895,0.8204936
1740732646,0.42924914,0.3273957,0.24335511
1740735801,0.41328493,0.3243831,0.262332
1740780089,0.29582384,0.277261,0.42691517
1740846570,0.32853216,0.34482422,0.32664368
1740846676,0.31045687,0.3022753,0.38726786
1740856904,0.30163008,0.27788705,0.42048287
1740902159,0.31289452,0.39463612,0.2924694
1740922996,0.36564854,0.34604508,0.28830633
1741011890,0.39874795,0.32787257,0.27337953
1741073016,0.31753102,0.3544325,0.32803652
1741096989,0.23328725,0.44557127,0.32114157
1741120464,0.3041377,0.28012338,0.41573894
1741134674,0.3922119,0.3552748,0.2525133
1741138015,0.40885,0.28993025,0.3012197
1741489359,0.34896836,0.32903323,0.3219984
1741537799,0.28370136,0.2334236,0.48287496
1741671372,0.3980268,0.31906736,0.28290588
1741689008,0.18546903,0.18847753,0.62605345
1741804669,0.37491265,0.30873108,0.31635627
1741842995,0.5594105,0.22398694,0.21660253
1741918765,0.36098832,0.30700803,0.3320037
1741922771,0.23511316,0.23433067,0.5305562
1742086048,0.38067174,0.32736447,0.2919638
1742258008,0.220508,0.514959,0.26453295
1742298815,0.25225106,0.34085667,0.40689227
1742362315,0.358843,0.35884583,0.28231117
1742397502,0.36205375,0.29866558,0.3392806
1742422687,0.28030446,0.23137462,0.48832086
1742489973,0.29937658,0.26303297,0.43759045
1742552906,0.25560126,0.2210697,0.5233291
1742690665,0.39341852,0.25796646,0.34861508
1742700921,0.52197313,0.24131986,0.23670705
1742701127,0.10065293,0.7871848,0.11216222
1742815235,0.2681166,0.23423201,0.4976514
1742924859,0.24709015,0.42678684,0.32612306
1742973325,0.1803314,0.6462439,0.17342475
1743247171,0.25810567,0.3263452,0.41554913
1743422169,0.30656213,0.32314783,0.37029007
1743448511,0.31707582,0.17231464,0.51060945
1743498555,0.12423476,0.74154997,0.13421533
1743589577,0.19353838,0.48006985,0.32639182
1743596548,0.26700845,0.36876857,0.36422297
1743616057,0.074101485,0.8417111,0.08418745
1743997133,0.39299333,0.3170055,0.2900011
1744165633,0.09924215,0.08421038,0.8165475
1744227513,0.41070828,0.2533666,0.33592516
1744259434,0.2803516,0.33424968,0.3853987
1744275624,0.35618904,0.34904286,0.2947681
1744290588,0.7034448,0.1175923,0.1789629
1744421842,0.23675023,0.30550197,0.45774773
1744737436,0.32761922,0.38108727,0.29129356
1744901040,0.20061876,0.5880019,0.21137935
1744905996,0.17562713,0.6301849,0.19418795
1745096000,0.68569684,0.10801173,0.20629142
1745196120,0.30080518,0.43435678,0.26483804
1745364303,0.28478542,0.2907516,0.424463
1745404445,0.24762358,0.38462856,0.36774793
1745439660,0.40852585,0.24655773,0.3449163
1745457284,0.27500123,0.32612965,0.3988692
1745502944,0.38067085,0.35973898,0.25959018
1745680251,0.38081098,0.3292217,0.2899673
1745912669,0.34857166,0.3279403,0.32348803
1746057440,0.2502543,0.34418377,0.40556195
1746241766,0.2631202,0.31326973,0.42361003
1746254385,0.3437057,0.32394543,0.3323489
1746260877,0.27301538,0.333792,0.39319274
1746317883,0.28880644,0.25103915,0.46015444
1746361109,0.41369823,0.32645684,0.25984487
1746400657,0.3771053,0.3680464,0.25484824
1746428053,0.09876525,0.092746794,0.808488
1746444651,0.29267478,0.24393207,0.46339315
1746453353,0.40412918,0.33327487,0.26259592
1746524880,0.46769473,0.28577942,0.24652594
1746632869,0.160769,0.64015216,0.19907889
1746640316,0.28872767,0.36573285,0.34553948
1746687827,0.3087947,0.42520848,0.26599684
1746715166,0.22147076,0.20176123,0.57676804
1746812348,0.22975114,0.22646287,0.543786
1746905595,0.37718815,0.3098791,0.31293273
1746919871,0.33485338,0.31336823,0.35177842
1746927317,0.39482003,0.35031933,0.25486067
1746979405,0.14708787,0.11671613,0.736196
1747019545,0.36009535,0.3495242,0.29038042
1747060223,0.20205858,0.51392066,0.28402078
1747120057,0.27394545,0.36907694,0.35697755
1747212833,0.20083393,0.5138042,0.28536186
1747266262,0.42298114,0.3200622,0.25695664
1747295803,0.42173773,0.30063385,0.27762845
1747306640,0.44689763,0.26046577,0.29263657
1747380722,0.6222293,0.19775575,0.18001491
1747415729,0.40035626,0.31218654,0.28745723
1747437472,0.21060471,0.23043527,0.55896
1747647347,0.28406882,0.37078798,0.34514317
1747648883,0.37144727,0.30910224,0.3194505
1747781204,0.44072306,0.29298183,0.26629514
1747831216,0.24006243,0.31009057,0.44984692
1747857534,0.37061468,0.33519265,0.2941927
1747894113,0.5391707,0.22674654,0.23408273
1747959696,0.31706586,0.33448952,0.3484446
1748100742,0.49247527,0.24994431,0.25758046
1748163607,0.28754184,0.34479132,0.3676668
1748178046,0.43438601,0.32695258,0.2386614
1748274328,0.14789651,0.6675035,0.18460007
1748362931,0.08742202,0.8023149,0.11026305
1748468456,0.5178122,0.23940814,0.24277967
1748516683,0.35039967,0.35082668,0.29877374
1748561071,0.16857217,0.16930269,0.6621251
1748578389,0.22534025,0.19660842,0.57805127
1748620648,0.39098522,0.3454416,0.2635732
1748645150,0.42226422,0.28798655,0.28974918
1748699329,0.40733555,0.23606186,0.35660264
1748833888,0.33403766,0.3686065,0.2973558
1749092104,0.29833588,0.29357436,0.4080897
1749182851,0.13052993,0.72228324,0.14718683
1749214846,0.11767901,0.12325893,0.75906205
1749293448,0.18366903,0.51386523,0.3024658
1749314329,0.3701415,0.25594673,0.37391177
1749345348,0.304217,0.41671723,0.27906573
1749356610,0.097985156,0.7691579,0.13285694
1749433064,0.39250553,0.32120174,0.2862927
1749498114,0.21651947,0.25671357,0.52676696
1749573236,0.356828,0.29778576,0.34538627
1749827468,0.417551,0.31373692,0.26871213
1749862554,0.558331,0.25105256,0.19061638
1749935058,0.18007447,0.64122576,0.17869975
1750076530,0.41847518,0.31704292,0.26448187
1750148419,0.39451927,0.29447055,0.31101024
1750205737,0.17303397,0.63727885,0.18968718
1750230557,0.27747387,0.28561646,0.43690968
1750443865,0.44674253,0.2670783,0.28617924
1750449151,0.35740837,0.20066103,0.4419306
1750477058,0.45890173,0.28431788,0.25678045
1750537063,0.19822662,0.5427599,0.25901356
1750604239,0.37847522,0.3728647,0.24866009
1750777561,0.44704908,0.23991765,0.31303316
1750971817,0.36381325,0.37738377,0.258803
1750984532,0.28538147,0.42798913,0.2866294
1750984866,0.26070842,0.4252647,0.31402692
1751016912,0.38107905,0.31538308,0.3035378
1751170544,0.13095404,0.7083792,0.16066681
1751174384,0.50531954,0.23109399,0.26358652
1751301693,0.37334013,0.34491068,0.2817492
1751348068,0.09356132,0.7969628,0.10947587
1751398819,0.54420257,0.23477936,0.22101812
1751428213,0.123741366,0.73421615,0.14204253
1751469307,0.26561007,0.4539628,0.28042704
1751566519,0.38242748,0.34995386,0.26761866
1751569927,0.19920471,0.18499807,0.6157972
1751804441,0.3054089,0.28507638,0.40951467
1751916943,0.18881144,0.5555604,0.25562817
1752008067,0.37953463,0.35523102,0.2652344
1752022410,0.48570573,0.2630451,0.25124916
1752057352,0.19629624,0.17365865,0.6300451
1752223236,0.4315885,0.2689271,0.2994844
1752334737,0.42687067,0.3194889,0.25364044
1752362432,0.21567994,0.18682913,0.5974909
1752433274,0.17900023,0.5858118,0.23518799
1752514493,0.3067331,0.34651715,0.34674972
1752518483,0.46683124,0.2727156,0.26045328
1752529936,0.3265893,0.3202527,0.35315803
1752594608,0.22350895,0.20399651,0.57249457
1752713185,0.45407397,0.32583886,0.2200871
1752775926,0.28760585,0.26425678,0.44813737
1753024723,0.29604053,0.31547228,0.3884872
1753064373,0.36964017,0.28229347,0.34806636
1753121418,0.27037302,0.3568164,0.3728105
1753141802,0.3488956,0.18976948,0.46133482
1753166684,0.622397,0.18313554,0.1944675
1753245255,0.38158628,0.30389127,0.31452245
1753297962,0.21604234,0.45255956,0.33139804
1753403727,0.50700295,0.27714717,0.21584989
1753513864,0.49570906,0.1963401,0.30795085
1753517977,0.31420735,0.3265821,0.35921055
1753531190,0.5407717,0.2126541,0.24657422
1753702692,0.17733103,0.586674,0.23599504
1753786993,0.41975504,0.30138355,0.27886143
1753806950,0.668378,0.14136666,0.19025533
1753813509,0.41551235,0.28051573,0.30397186
1753831633,0.14768724,0.6948353,0.15747741
1753902230,0.23883484,0.5002313,0.26093382
1753917941,0.20142171,0.17465392,0.6239244
1753946089,0.3331018,0.28681767,0.38008058
1753992924,0.66353554,0.14476831,0.19169617
1754017361,0.45160976,0.15096873,0.3974215
1754058826,0.4329669,0.34277055,0.22426258
1754071509,0.25222823,0.30854574,0.43922606
1754079724,0.17107385,0.6503662,0.17855994
1754102722,0.18561952,0.6242979,0.19008258
1754183888,0.48868456,0.26066682,0.25064862
1754210271,0.4110865,0.33011618,0.25879735
1754235471,0.3208081,0.34651715,0.3326748
1754554906,0.16782302,0.5942394,0.23793755
1754666142,0.17701198,0.60883075,0.21415724
1754682015,0.3250013,0.29476982,0.38022885
1754849205,0.097711064,0.79611105,0.10617785
1754933836,0.22577949,0.51860285,0.2556177
1754953953,0.40957046,0.31785694,0.2725726
1755011036,0.60819983,0.18482731,0.20697285
1755061975,0.3747913,0.3343634,0.2908453
1755147195,0.48381394,0.2640086,0.25217742
1755161024,0.37744215,0.3467418,0.2758161
1755207439,0.106974475,0.1047686,0.7882569
1755414083,0.18888377,0.22384366,0.5872725
1755467116,0.6871646,0.15541555,0.1574198
1755517259,0.19335,0.1874068,0.61924314
1755580987,0.16909397,0.15024579,0.68066025
1755634810,0.37581772,0.29484025,0.32934198
1755647242,0.29518917,0.38902673,0.31578407
1755825938,0.17970066,0.20419931,0.6161
1755918975,0.38842514,0.29977974,0.31179515
1756241094,0.33911923,0.37028342,0.29059738
1756281100,0.18271719,0.4485205,0.36876234
1756282573,0.15211685,0.22796138,0.6199218
1756377209,0.37230742,0.27892283,0.34876978
1756390721,0.3028571,0.38672858,0.31041428
1756522876,0.32749385,0.38797438,0.28453183
1756604914,0.1723025,0.5154343,0.31226316
1756778091,0.27292615,0.43991536,0.28715846
1756979613,0.5058802,0.2321582,0.2619617
1757003473,0.35657677,0.3483729,0.29505035
1757101493,0.11498026,0.75259155,0.13242827
1757111307,0.3720157,0.37292013,0.25506407
1757153629,0.13474466,0.7070558,0.15819949
1757394726,0.28742012,0.3872077,0.32537222
1757407802,0.23239698,0.13791054,0.62969244
1757413268,0.3855131,0.361898,0.2525888
1757534368,0.2897013,0.37152034,0.33877838
1757536363,0.2957251,0.31272262,0.39155227
1757571642,0.49304032,0.2614405,0.24551915
1757603988,0.22951685,0.2515234,0.5189597
1757618458,0.57533884,0.208533,0.21612811
1757739273,0.4239701,0.27655032,0.2994796
1757822124,0.3135363,0.32104173,0.365422
1757859936,0.36433148,0.35056615,0.28510234
1758264049,0.2566285,0.35149983,0.39187172
1758459469,0.119073324,0.7452792,0.13564746
1758478949,0.4677879,0.25404924,0.2781629
1758486036,0.30297616,0.4030795,0.29394433
1758495641,0.35488534,0.36334875,0.2817659
1758513915,0.3572949,0.3019261,0.340779
1758544913,0.3303901,0.3278443,0.34176567
1758650147,0.38139293,0.27583918,0.34276792
1758658572,0.13715835,0.14542736,0.7174143
1758661122,0.17830905,0.63576233,0.18592857
1759038396,0.38590124,0.31142065,0.3026781
1759176115,0.5754621,0.19449174,0.23004623
1759724196,0.35766023,0.306173,0.33616677
1759750393,0.3592625,0.34307873,0.29765874
1759826204,0.3918542,0.3322229,0.27592283
1759878916,0.19613396,0.58070993,0.2231561
1759902848,0.28536826,0.42449018,0.29014146
1759940412,0.18000205,0.60570776,0.21429016
1760135197,0.3164654,0.40096048,0.28257412
1760220395,0.4500337,0.26814035,0.28182593
1760222829,0.4015797,0.3015487,0.29687157
1760226217,0.21001352,0.24938475,0.54060173
1760606488,0.37906379,0.30830353,0.3126327
1760850683,0.30164716,0.4053388,0.29301405
1760957201,0.21651703,0.19237779,0.5911052
1761047446,0.6238551,0.16667287,0.20947199
1761076283,0.63967067,0.1596595,0.20066983
1761232296,0.272327,0.24802919,0.47964376
1761278802,0.6701273,0.12146379,0.20840886
1761306249,0.28643006,0.41819638,0.2953736
1761325511,0.35583496,0.3886941,0.25547096
1761369815,0.21510477,0.5444624,0.24043278
1761448884,0.34375927,0.3595823,0.2966584
1761465961,0.6178945,0.16060495,0.22150062
1761480640,0.50400776,0.24002741,0.25596482
1761770990,0.25648877,0.2573294,0.4861818
1761809788,0.3121798,0.35936275,0.32845747
1761841445,0.14206101,0.13660088,0.72133815
1761891270,0.6282863,0.18177976,0.18993396
1761903056,0.38249478,0.34871936,0.2687858
1761988485,0.22343326,0.21375333,0.5628134
1762069275,0.26169157,0.4385429,0.2997656
1762146329,0.14985234,0.6873225,0.1628252
1762166855,0.39529455,0.2677709,0.3369346
1762179255,0.3579241,0.3471788,0.29489705
1762384931,0.15694474,0.16126445,0.6817908
1762402643,0.4057913,0.3396278,0.25458091
1762484970,0.47285038,0.24841261,0.27873695
1762499448,0.35352308,0.3321512,0.3143257
1762514765,0.09916374,0.09746643,0.80336976
1762517172,0.18115076,0.62122595,0.19762331
1762532067,0.3134885,0.3217619,0.36474958
1762544024,0.25604394,0.24917965,0.49477643
1762644713,0.53240883,0.24243641,0.22515474
1762652827,0.44302773,0.26652887,0.29044336
1762667758,0.33504966,0.41178253,0.2531678
1762674425,0.68653315,0.12030557,0.19316123
1762730074,0.13778497,0.70495915,0.15725589
1762750447,0.4428868,0.30015263,0.25696054
1762791831,0.25130132,0.4793328,0.26936588
1762885496,0.7445291,0.10355166,0.15191929
1763098248,0.2051066,0.20924132,0.58565205
1763145514,0.31771535,0.27088657,0.41139814
1763273725,0.27578998,0.36971912,0.35449094
1763381260,0.392324,0.2743452,0.3333308
1763529589,0.34570718,0.29686585,0.35742694
1763675555,0.43732104,0.3017868,0.26089215
1763724255,0.4412817,0.26158887,0.29712954
1763836889,0.4552251,0.22781038,0.3169645
1763984560,0.26487774,0.37015462,0.36496776
1763994858,0.354688,0.3115029,0.33380908
1764087102,0.23050137,0.2724603,0.49703825
1764185483,0.46449238,0.26014116,0.2753665
1764544219,0.28296062,0.3291115,0.38792786
1764626265,0.31931362,0.3784065,0.30227995
1764695548,0.15138118,0.68701226,0.16160655
1764711169,0.7139847,0.114208795,0.17180651
1764757999,0.5457616,0.23420736,0.22003104
1764788149,0.110930584,0.10058119,0.7884882
1764826481,0.12980881,0.109222524,0.76096874
1764875248,0.26129064,0.33183116,0.4068782
1764925675,0.44341883,0.307617,0.24896415
1764959940,0.28769994,0.34659186,0.3657082
1765012970,0.25552288,0.4109928,0.33348432
1765178402,0.21370815,0.2629226,0.5233693
1765246500,0.38505167,0.32117027,0.29377806
1765254930,0.3499902,0.39368343,0.2563264
1765297381,0.17715743,0.6370402,0.18580228
1765312459,0.46665624,0.31033286,0.22301085
1765341585,0.29529592,0.42883962,0.2758645
1765382892,0.49672234,0.2052971,0.29798055
1765503451,0.22641341,0.50079745,0.27278912
1765541774,0.3913163,0.31677043,0.29191333
1765547368,0.096345626,0.76467204,0.13898233
1765631337,0.1945958,0.58851266,0.21689147
1765643561,0.38387635,0.31992126,0.2962024
1765661496,0.46691146,0.26373503,0.26935348
1765676415,0.45987633,0.2870012,0.25312248
1765816286,0.18528637,0.60664725,0.20806645
1765954716,0.3833646,0.3946186,0.22201686
1765976880,0.444985,0.26013687,0.29487813
1766066066,0.6095109,0.18989731,0.20059185
1766073528,0.20370726,0.56208426,0.23420848
1766126539,0.16919717,0.6211794,0.20962347
1766329459,0.2186094,0.27087927,0.5105114
1766380847,0.5246118,0.25277868,0.22260949
1766385342,0.2862823,0.38735887,0.32635877
1766431844,0.063490205,0.84894484,0.08756502
1766523746,0.2176984,0.51854247,0.26375914
1766550786,0.29068124,0.3249134,0.38440531
1766622653,0.45958212,0.24111529,0.2993026
1766651113,0.15356264,0.66211045,0.18432687
1766693518,0.40129948,0.27014536,0.32855517
1766747709,0.37926927,0.30197707,0.31875366
1766845053,0.457979,0.29763865,0.24438235
1766850141,0.41307512,0.3228036,0.2641213
1766907549,0.4069369,0.2789013,0.31416178
1766912958,0.46386808,0.22635417,0.30977774
1766931863,0.43127707,0.27799025,0.29073262
1767028974,0.30802524,0.3749673,0.31700742
1767091354,0.27039889,0.2793247,0.45027635
1767116238,0.3763245,0.20988724,0.41378826
1767305289,0.15536301,0.56811786,0.27651912
1767332470,0.20775682,0.4717494,0.32049382
1767422121,0.4193721,0.31570554,0.26492235
1767632869,0.35236835,0.3352026,0.31242907
1767663279,0.28147033,0.24674043,0.47178918
1767691323,0.3837709,0.3288491,0.28738
1767777089,0.5638871,0.22470668,0.2114062
1767825762,0.32452658,0.33069238,0.34478107
1767934450,0.0991382,0.090241075,0.8106207
1767985146,0.22155544,0.55867696,0.21976766
1768067179,0.13197124,0.67642283,0.19160584
1768121582,0.20594603,0.19712418,0.5969298
1768139668,0.39720857,0.33173367,0.27105778
1768170462,0.32915395,0.3979577,0.2728884
1768498319,0.43461397,0.13703883,0.4283471
1768557850,0.40546077,0.21649367,0.37804556
1768675055,0.4085604,0.31034112,0.28109843
1768781611,0.38720074,0.3193061,0.29349315
1768952671,0.29262397,0.31325036,0.39412564
1769135749,0.13502026,0.6926357,0.17234404
1769148564,0.38513184,0.2955419,0.31932628
1769171509,0.252718,0.22004886,0.52723306
1769371742,0.34645608,0.3178504,0.33569354
1769377660,0.18094385,0.18344547,0.6356107
1769447174,0.15261014,0.18339562,0.66399425
1769678703,0.16895886,0.18303333,0.6480078
1769768017,0.26633245,0.32092047,0.41274703
1769769269,0.3409849,0.37859794,0.28041723
1769890857,0.33294916,0.37831956,0.28873137
1769960079,0.21291137,0.50296825,0.28412035
1770021095,0.5496891,0.24162488,0.20868592
1770062518,0.53707397,0.20116614,0.26175982
1770205446,0.3491384,0.35886517,0.29199654
1770257489,0.21481389,0.5111163,0.27406973
1770275703,0.27826294,0.3467213,0.3750157
1770277986,0.84200823,0.062208008,0.09578377
1770301295,0.14726567,0.12741382,0.7253205
1770343071,0.22001314,0.4037139,0.37627295
1770350850,0.6497004,0.1374409,0.21285875
1770394150,0.20154563,0.22482494,0.57362944
1770466368,0.41305777,0.3184026,0.26853958
1770485731,0.36858234,0.2919584,0.33945927
1770576955,0.7674851,0.09400924,0.13850567
1770599782,0.29993466,0.35003528,0.3500301
1770653368,0.39857486,0.31356862,0.28785652
1770686376,0.4564436,0.26577705,0.2777794
1770732040,0.3114163,0.35736528,0.33121845
1770735542,0.27840397,0.26950142,0.45209458
1770830248,0.4253782,0.2778783,0.29674345
1770927891,0.1511969,0.19159684,0.65720624
1770982546,0.08936469,0.79606616,0.11456912
1771032278,0.23062834,0.2414461,0.52792555
1771104960,0.24772075,0.2521449,0.50013435
1771265247,0.12805815,0.1185033,0.75343853
1771273795,0.21367179,0.5417871,0.24454106
1771519065,0.21049292,0.26376545,0.5257417
1771525026,0.7255734,0.119825676,0.15460087
1771650015,0.23657247,0.20984164,0.5535859
1771672325,0.14554693,0.6997493,0.15470375
1772054066,0.7728449,0.09793304,0.12922202
1772083315,0.31546378,0.3613931,0.32314312
1772126969,0.22203784,0.25858918,0.51937306
1772141099,0.5767307,0.18737538,0.23589392
1772225079,0.46431202,0.28888032,0.24680768
1772226403,0.35195014,0.33008945,0.31796035
1772376754,0.21069334,0.21663104,0.5726756
1772401101,0.2505577,0.35719663,0.39224574
1772411771,0.4058138,0.33119184,0.26299435
1772427379,0.2879837,0.28713733,0.424879
1772507594,0.4081833,0.31462967,0.277187
1772541464,0.14578055,0.68962914,0.16459037
1772561108,0.5371524,0.20264275,0.26020485
1772596127,0.34054646,0.26122016,0.39823338
1772599037,0.46805942,0.2661262,0.26581433
1772649140,0.3087951,0.30701733,0.38418758
1772748030,0.2933008,0.33283958,0.37385964
1772770142,0.2913116,0.3033845,0.4053038
1772866012,0.53615636,0.22815171,0.23569196
1772944100,0.3771685,0.3153138,0.30751768
1773099715,0.24896413,0.44071674,0.3103191
1773131138,0.1395537,0.13450117,0.7259451
1773270004,0.37741297,0.32204872,0.3005383
1773276255,0.40010038,0.3134576,0.28644195
1773286350,0.68925375,0.13490643,0.17583986
1773352086,0.33365375,0.31463084,0.35171548
1773367328,0.18566777,0.60015,0.21418223
1773625288,0.15034018,0.5553582,0.29430166
1773674906,0.4473715,0.26594558,0.2866829
1773696782,0.25282168,0.30958083,0.43759742
1773762013,0.32956493,0.36307877,0.3073563
1773825675,0.565239,0.22061104,0.21414997
1773835471,0.33528182,0.35836506,0.30635312
1773898716,0.6003714,0.16299307,0.23663549
1774005540,0.27951005,0.38936582,0.3311241
1774009350,0.32056236,0.3686973,0.3107404
1774114400,0.36114264,0.36939484,0.2694625
1774130976,0.22743379,0.48210508,0.29046115
1774147212,0.3404313,0.36425757,0.29531112
1774186593,0.34901902,0.30114275,0.3498382
1774602599,0.4032806,0.3302449,0.26647455
1774816265,0.17784476,0.6466804,0.17547482
1774816615,0.5813908,0.21399423,0.20461488
1774865901,0.18638502,0.546543,0.2670719
1774870098,0.38227168,0.3651606,0.25256774
1775093196,0.27752998,0.3231499,0.39932016
1775130281,0.3105675,0.35476524,0.3346672
1775176720,0.43724644,0.30281103,0.25994253
1775324218,0.3650915,0.30228963,0.3326189
1775421556,0.42156935,0.33125514,0.24717551
1775426369,0.15575832,0.648023,0.19621868
1775433202,0.33387733,0.2116587,0.454464
1775461468,0.15235838,0.13879512,0.70884645
1775482394,0.48283932,0.26325518,0.25390548
1775491011,0.3205436,0.32949412,0.34996226
1775500186,0.4230087,0.28295603,0.29403526
1775632894,0.4336233,0.32073587,0.24564081
1775687567,0.2177111,0.50412446,0.27816448
1775909064,0.3669864,0.33332744,0.29968622
1776034380,0.40118504,0.31825066,0.28056437
1776038744,0.48729014,0.28220424,0.23050566
1776048736,0.49312288,0.23506339,0.27181372
1776052916,0.47402474,0.29818675,0.22778854
1776059210,0.46424004,0.26607147,0.2696885
1776063944,0.09468027,0.09000456,0.8153151
1776120835,0.24291332,0.27917144,0.4779153
1776218371,0.33173737,0.31147936,0.3567833
1776373991,0.34081897,0.34162748,0.31755352
1776390959,0.35491836,0.33813,0.30695167
1776831865,0.23727325,0.4949919,0.26773492
1776998452,0.46081597,0.2571581,0.282026
1777138527,0.59884,0.20298702,0.19817306
1777149592,0.24958308,0.24148501,0.5089319
1777428543,0.28093848,0.43774286,0.28131872
1777452724,0.15146348,0.6470355,0.20150107
1777463648,0.20841561,0.19426556,0.5973189
1777466675,0.06292741,0.84507483,0.09199779
1777808401,0.11973662,0.7517276,0.12853572
1777942014,0.18650581,0.1827233,0.6307709
1777981564,0.3377969,0.37865862,0.28354448
1778024720,0.32312816,0.39899325,0.27787864
1778090574,0.3597324,0.34793493,0.29233277
1778115269,0.21610041,0.21435349,0.56954604
1778202741,0.4680282,0.31505343,0.21691836
1778290929,0.17430799,0.6450052,0.18068676
1778326293,0.20750201,0.5149417,0.27755633
1778374777,0.18226519,0.16848332,0.6492516
1778503524,0.4326477,0.30598885,0.26136354
1778603878,0.30025944,0.3226782,0.37706235
1778621296,0.41503704,0.3277802,0.25718278
1778625838,0.326833,0.35274306,0.320424
1778658083,0.16324867,0.64819884,0.1885525
1778676178,0.58438945,0.19483557,0.220775
1778696047,0.3270124,0.33500805,0.3379795
1778730575,0.3102782,0.3201166,0.3696052
1778735912,0.6112306,0.1798548,0.20891464
1778948990,0.42830676,0.30777627,0.26391697
1779006905,0.34756684,0.3473401,0.30509296
1779042082,0.3702361,0.3838825,0.24588138
1779092202,0.6311355,0.15603405,0.2128304
1779273252,0.25343937,0.4844267,0.2621339
1779382445,0.34123203,0.33605608,0.32271188
1779485822,0.26031524,0.46678603,0.27289876
1779502048,0.32863015,0.3276123,0.34375757
1779536271,0.41415292,0.3121982,0.27364883
1779568485,0.62800974,0.1868558,0.18513449
1779654536,0.6069453,0.2045562,0.18849856
1779735910,0.5502563,0.23406765,0.21567608
1779847802,0.6367604,0.17676681,0.18647277
1780000603,0.26403236,0.38291368,0.353054
1780074748,0.3507966,0.3092099,0.33999345
1780140049,0.41133004,0.29157722,0.29709277
1780141765,0.1267195,0.72142243,0.151858
1780195294,0.2885075,0.46479964,0.24669287
1780336094,0.22511995,0.5257941,0.24908604
1780398222,0.2664961,0.45248723,0.28101674
1780546093,0.09221069,0.785516,0.12227331
1780838813,0.6529121,0.16350274,0.18358514
1780885331,0.66478103,0.15403716,0.18118179
1780891156,0.24663873,0.38914374,0.3642175
1780970618,0.3484777,0.3253424,0.32617992
1780999606,0.45307234,0.3048018,0.24212585
1781029479,0.12868693,0.7123592,0.15895379
1781059851,0.28669128,0.4408875,0.2724212
1781296526,0.339252,0.43290246,0.22784558
1781306224,0.27156594,0.29647872,0.43195528
1781371334,0.5738402,0.22553948,0.2006204
1781387641,0.22538705,0.42492372,0.34968922
1781573225,0.5007987,0.24257231,0.25662887
1781612449,0.31360403,0.32516688,0.3612291
1781742865,0.32032308,0.38290796,0.29676896
1781752909,0.24680398,0.51153797,0.2416581
1781762949,0.24445209,0.50365025,0.25189763
1781785953,0.23275304,0.39594546,0.3713016
1781825983,0.18875886,0.14766735,0.66357374
1781924276,0.25064585,0.34508395,0.4042702
1781948936,0.33709067,0.24057078,0.42233863
1781970758,0.23738575,0.47142658,0.29118767
1782002973,0.3253653,0.3345916,0.34004313
1782021577,0.23854502,0.46835402,0.29310104
1782108412,0.24063262,0.3751299,0.38423747
1782128843,0.530159,0.21154124,0.2582998
1782160179,0.30624434,0.30380726,0.38994843
1782175142,0.26777086,0.35844827,0.37378088
1782320050,0.4013765,0.3350801,0.26354343
1782326877,0.37993568,0.27211893,0.3479454
1782327667,0.3706981,0.3715907,0.2577112
1782374323,0.29217947,0.33986413,0.3679564
1782393625,0.3328156,0.304103,0.36308137
1782404665,0.43863603,0.3230805,0.2382834
1782430059,0.35850507,0.3084322,0.3330627
1782528878,0.38985607,0.30960804,0.3005359
1782794369,0.29481417,0.34510416,0.36008167
1782822354,0.41257405,0.3383271,0.24909888
1783037667,0.3275383,0.31609234,0.35636935
1783136017,0.38333192,0.33256677,0.2841013
1783278537,0.30349368,0.34132028,0.35518605
1783300540,0.25328305,0.52185446,0.22486253
1783367579,0.36777434,0.25003275,0.38219297
1783401834,0.5128918,0.25558072,0.23152749
1783447057,0.42162734,0.30046475,0.27790794
1783502828,0.113567606,0.11028171,0.7761507
1783684063,0.22687578,0.2642829,0.5088413
1783712039,0.45058423,0.29135245,0.25806326
1783872464,0.21976806,0.5178649,0.26236707
1784162333,0.2653516,0.39287546,0.34177288
1784217052,0.24587603,0.32115224,0.43297178
1784298762,0.21020922,0.5286867,0.2611042
1784337998,0.25625935,0.445601,0.2981396
1784526247,0.2845856,0.4085473,0.30686706
1784536927,0.32325852,0.3826348,0.29410672
1784669181,0.5027329,0.26344383,0.23382328
1784755028,0.28485602,0.36791372,0.34723032
1784869198,0.27081147,0.37181863,0.35736993
1784940822,0.7256947,0.11875426,0.155551
1784954473,0.45240572,0.27319825,0.27439606
1785015198,0.21883774,0.58990437,0.19125791
1785134603,0.3418131,0.31356022,0.3446267
1785199159,0.08176197,0.06943684,0.8488012
1785272140,0.1425073,0.1560948,0.7013979
1785535258,0.36053303,0.31906816,0.32039878
1785545680,0.07865773,0.06919737,0.8521449
1785558924,0.16710772,0.16290918,0.6699831
1785564736,0.43389076,0.29472986,0.27137944
1785581289,0.43765792,0.31097654,0.25136554
1785657638,0.38846254,0.25572926,0.35580823
1785715127,0.4823843,0.2560055,0.2616102
1785721222,0.33960947,0.37030867,0.2900819
1785782980,0.45784277,0.26570898,0.27644828
1785899768,0.42016342,0.22004384,0.35979274
1785961409,0.21938336,0.5686169,0.21199971
1786049557,0.088468656,0.7854907,0.1260406
1786336462,0.46085915,0.2370887,0.3020522
1786616619,0.27426985,0.2330351,0.4926951
1786826925,0.30790925,0.41687718,0.27521354
1786858562,0.46558687,0.24923322,0.28517994
1786903872,0.78250945,0.08779086,0.12969963
1786915301,0.39699367,0.34168243,0.26132387
1786950514,0.2783533,0.35835654,0.3632901
1787030325,0.433691,0.34416783,0.22214124
1787040501,0.3455863,0.30040124,0.35401237
1787135433,0.109351315,0.76030356,0.13034509
1787242516,0.6641464,0.13497671,0.20087686
1787460094,0.205076,0.5330474,0.26187658
1787529666,0.50687736,0.26194233,0.23118033
1787649523,0.31788027,0.3770922,0.30502748
1787722674,0.30260968,0.40015218,0.2972381
1787754810,0.37422752,0.30202895,0.3237435
1787810649,0.28323025,0.3286983,0.3880715
1787861114,0.32758057,0.3472582,0.3251613
1787896345,0.79881346,0.084933504,0.11625298
1787943174,0.14678168,0.6976373,0.15558101
1788075187,0.26630825,0.27484474,0.45884702
1788114955,0.51394767,0.27479744,0.21125486
1788139297,0.23648901,0.52424717,0.23926376
1788206956,0.23054738,0.22221577,0.54723686
1788314124,0.30927387,0.260879,0.4298471
1788316442,0.41031557,0.30424464,0.28543976
1788323141,0.4585107,0.2898798,0.2516095
1788375571,0.3368854,0.2770295,0.38608512
1788450168,0.65793943,0.14357957,0.19848105
1788487307,0.44122684,0.29506633,0.26370695
1788506108,0.23362939,0.24740371,0.5189669
1788543444,0.23938882,0.19988437,0.5607268
1788611021,0.27660465,0.32862648,0.39476886
1788628087,0.25311905,0.45517185,0.29170913
1788829233,0.2924109,0.38677335,0.3208158
1788856010,0.29782522,0.26771763,0.43445715
1788920978,0.2955747,0.2842028,0.42022252
1788948997,0.45841283,0.27875704,0.26283008
1788985330,0.10244947,0.10739471,0.7901558
1789044030,0.28000188,0.27280962,0.44718847
1789046840,0.25890744,0.47962508,0.26146755
1789099309,0.164129,0.65268135,0.1831896
1789159714,0.3057301,0.34012526,0.35414475
1789283056,0.5647597,0.21616712,0.21907325
1789333187,0.3405702,0.3759706,0.28345916
1789417039,0.4099454,0.31518918,0.2748654
1789482639,0.22159259,0.48079878,0.2976087
1789492173,0.43955424,0.3107478,0.249698
1789556888,0.2256795,0.23056652,0.5437539
1789559982,0.29662398,0.29715893,0.40621704
1789646560,0.24693348,0.46214303,0.29092342
1789739929,0.14273901,0.69255227,0.16470875
1789786723,0.33877692,0.33385473,0.3273684
1789894210,0.342122,0.3855604,0.2723177
1789937313,0.45946133,0.2622104,0.2783282
1790310986,0.25121313,0.52961224,0.21917465
1790389626,0.28550082,0.39463493,0.3198643
1790510063,0.32346842,0.3154805,0.36105108
1790581941,0.15147734,0.6528863,0.19563642
1790585521,0.123522565,0.73889065,0.13758676
1790618919,0.4293084,0.29285088,0.27784076
1790656233,0.24610141,0.41417786,0.3397208
1790711012,0.39480847,0.28176188,0.32342964
1790715636,0.33720165,0.25307247,0.40972587
1790753051,0.28396043,0.4054922,0.3105474
1790771359,0.31533566,0.40362212,0.2810422
1790952639,0.10059759,0.7661586,0.13324384
1790953968,0.07981473,0.8198903,0.10029496
1791022263,0.2816178,0.26235193,0.4560302
1791107254,0.31576648,0.37887105,0.30536258
1791122089,0.38291147,0.34297034,0.27411819
1791136776,0.32557845,0.37351814,0.30090344
1791218030,0.2559029,0.3868386,0.3572585
1791313178,0.26902324,0.40270686,0.32826984
1791430266,0.36089057,0.33397824,0.30513114
1791516869,0.5447115,0.17022863,0.2850599
1791555105,0.3401692,0.36048895,0.2993419
1791581065,0.11636275,0.7461533,0.13748398
1791629751,0.15379027,0.16773,0.6784798
1791664739,0.07660281,0.0801583,0.8432389
1791694780,0.47626495,0.26884425,0.25489083
1791700068,0.1965899,0.54903656,0.25437355
1791842539,0.1233942,0.7286919,0.14791396
1791949128,0.29893103,0.3827303,0.3183386
1791974108,0.27073148,0.40585443,0.32341403
1791992848,0.20683746,0.5052092,0.28795335
1792102154,0.24807113,0.48731318,0.26461568
1792164718,0.37752175,0.25194818,0.3705301
1792196870,0.169187,0.15892535,0.67188764
1792205628,0.4049663,0.26144952,0.33358413
1792327186,0.093878165,0.79661685,0.10950505
1792357484,0.3778122,0.32752383,0.29466408
1792362496,0.16430983,0.64736354,0.18832664
1792486870,0.23113728,0.25597456,0.5128882
1792519128,0.3489717,0.34569463,0.30533364
1792566723,0.22551899,0.55418915,0.22029196
1792675470,0.5534827,0.22970283,0.21681447
1792842305,0.5321182,0.21938923,0.24849254
1792892946,0.19863184,0.18147609,0.619892
1792961177,0.3018228,0.30910206,0.38907507
1793040466,0.31407356,0.23850535,0.44742116
1793268945,0.4418936,0.28577986,0.2723265
1793321345,0.2508197,0.30686265,0.4423177
1793418428,0.5886763,0.2005296,0.21079417
1793434078,0.10256918,0.76346636,0.13396451
1793447422,0.49970412,0.25030774,0.2499881
1793454505,0.35872108,0.33227327,0.3090056
1793470403,0.30370927,0.31261042,0.38368037
1793594145,0.34689993,0.37594,0.27716
1793651793,0.4739921,0.18663365,0.33937418
1793780403,0.4416545,0.28651443,0.27183107
1793794395,0.08904559,0.09438916,0.8165652
1793939629,0.20186481,0.5317397,0.26639554
1794012732,0.21573988,0.26990372,0.51435643
1794184502,0.3291775,0.3452297,0.32559273
1794190781,0.3374878,0.34886834,0.3136439
1794194108,0.387928,0.34682974,0.26524228
1794346518,0.24895005,0.27799383,0.47305614
1794410424,0.27723932,0.33956665,0.383194
1794495209,0.17251314,0.5212999,0.30618697
1794512480,0.4333402,0.3132161,0.2534437
1794790004,0.35906357,0.2941717,0.34676474
1794840909,0.34052375,0.292475,0.3670013
1795139469,0.253141,0.4251577,0.32170126
1795199605,0.79922,0.07546188,0.12531812
1795220554,0.26053235,0.34634528,0.3931224
1795222764,0.2932046,0.23340076,0.47339463
1795248111,0.5121485,0.24613741,0.24171416
1795267947,0.30541265,0.4349609,0.25962654
1795305669,0.20873328,0.5617345,0.22953223
1795355564,0.27309462,0.31193388,0.4149715
1795379566,0.14878355,0.6347477,0.2164688
1795384997,0.41545713,0.2876478,0.296895
1795469407,0.28547996,0.4214184,0.29310158
1795477419,0.26567262,0.36224005,0.37208727
1795514446,0.28116032,0.3041964,0.41464335
1795520328,0.26248324,0.426756,0.3107607
1795520647,0.34370953,0.2544627,0.40182778
1795524093,0.26586,0.43927425,0.29486567
1795605134,0.31504157,0.40860024,0.27635822
1795641663,0.4292927,0.28287777,0.28782946
1795657602,0.77569455,0.09794074,0.12636477
1795759924,0.28437492,0.25673208,0.45889294
1795760643,0.7167673,0.13346678,0.14976592
1795763336,0.53735805,0.24320936,0.21943258
1795786030,0.2257784,0.20458241,0.5696392
1795951143,0.33843186,0.35762954,0.30393857
1796011465,0.45078957,0.27563885,0.27357164
1796055199,0.3506253,0.3254359,0.3239388
1796071606,0.7522539,0.10951416,0.13823195
1796087940,0.6039262,0.19929178,0.19678208
1796094116,0.50649035,0.25221026,0.24129944
1796150455,0.35862723,0.35528418,0.28608862
1796155443,0.12832515,0.1356016,0.7360733
1796204842,0.26879728,0.24987355,0.48132914
1796279788,0.34512004,0.36875486,0.2861251
1796305712,0.23090534,0.48692378,0.2821709
1796352365,0.74014163,0.11238669,0.14747173
1796371207,0.13117473,0.7190556,0.14976972
1796379078,0.4400682,0.31068164,0.24925013
1796435372,0.4032293,0.3385662,0.25820452
1796510355,0.70351803,0.1372901,0.15919189
1796510524,0.31934512,0.4207016,0.2599533
1796510625,0.30448,0.30269334,0.39282668
1796565140,0.2844568,0.48333892,0.23220436
1796670662,0.25477785,0.4428514,0.30237076
1796696215,0.737622,0.12191267,0.14046529
1796728916,0.2921974,0.31818524,0.38961735
1796770063,0.34473157,0.39217663,0.26309183
1796844946,0.37717417,0.31406766,0.3087581
1796899195,0.10630311,0.0929214,0.8007755
1796991987,0.350904,0.19621512,0.45288095
1797059144,0.35097536,0.3163041,0.33272055
1797130421,0.37989914,0.30344203,0.3166588
1797178188,0.50897264,0.2656344,0.22539297
1797297309,0.15513182,0.6628701,0.18199807
1797402617,0.20011808,0.4046959,0.39518607
1797427796,0.6276008,0.18254302,0.18985619
1797554060,0.30655426,0.4164201,0.27702573
1797567299,0.4523801,0.29265672,0.2549632
1797671239,0.3585199,0.2285531,0.412927
1797684531,0.2406584,0.45452383,0.3048178
1797728188,0.3029217,0.39314696,0.30393144
1797774643,0.3713271,0.3374136,0.2912593
1797788217,0.46612588,0.31075045,0.22312376
1797876790,0.28059068,0.43589112,0.28351817
1797973191,0.096325874,0.08746819,0.8162059
1797993899,0.07879737,0.08464461,0.836558
1798067323,0.45391107,0.23024696,0.31584194
1798094468,0.15156236,0.14477997,0.7036577
1798108749,0.41301838,0.32178453,0.26519713
1798234253,0.26370862,0.29019463,0.44609678
1798258535,0.3293081,0.34506753,0.3256244
1798480565,0.29666615,0.39941978,0.30391407
1798705800,0.33598295,0.3398422,0.32417485
1798833857,0.2392259,0.52582777,0.23494641
1798877775,0.36612758,0.3362858,0.29758665
1798892037,0.1908305,0.59723985,0.21192968
1798923415,0.19447045,0.20993087,0.59559864
1799161601,0.2523368,0.32989338,0.41776985
1799294275,0.33133522,0.33734438,0.33132038
1799456013,0.2413365,0.4707472,0.28791636
1799562624,0.21713454,0.52424955,0.2586159
1799585493,0.15465677,0.15813783,0.68720543
1799688945,0.5874705,0.20465823,0.2078714
1799741625,0.44294006,0.32039872,0.2366612
1799900216,0.21775252,0.53634495,0.24590255
1799919934,0.5603238,0.2199575,0.21971874
1800071663,0.3008492,0.31847906,0.3806717
1800240206,0.23648734,0.18943614,0.57407653
1800292385,0.24749875,0.22327092,0.5292303
1800297641,0.1750052,0.20294566,0.62204915
1800397589,0.4650131,0.2953231,0.23966384
1800420776,0.42175862,0.31798398,0.26025742
1800602479,0.43911117,0.29795727,0.26293144
1800671000,0.16333218,0.36016366,0.47650418
1800683789,0.33966547,0.2673127,0.39302182
1800720725,0.429506,0.2628982,0.30759582
1800833974,0.4863414,0.29529214,0.21836644
1800841843,0.488217,0.20136309,0.31041995
1801029054,0.4016955,0.34422892,0.25407553
1801284664,0.40543115,0.3040897,0.29047915
1801403741,0.7157894,0.12885459,0.15535595
1801562345,0.28922287,0.26044393,0.45033315
1801580711,0.5713275,0.2280033,0.20066923
1801581207,0.4371767,0.30292758,0.25989577
1801663771,0.27374074,0.36517793,0.36108136
1801721906,0.1639513,0.15704308,0.6790056
1801729415,0.097673066,0.78540313,0.11692385
1801840402,0.36030042,0.34961984,0.29007977
1801856113,0.53693914,0.26134655,0.20171435
1801891170,0.2847611,0.3680607,0.3471782
1801956525,0.4311304,0.29690075,0.27196878
1802020376,0.35751384,0.28165826,0.3608279
1802025673,0.30122232,0.30512202,0.39365572
1802037856,0.43538094,0.27168724,0.29293182
1802043181,0.5334188,0.21339257,0.2531887
1802076456,0.6689528,0.15973778,0.17130944
1802105104,0.23176947,0.47288775,0.29534277
1802112462,0.4288867,0.3313272,0.23978615
1802168950,0.15560149,0.12991707,0.7144814
1802186582,0.2382617,0.46200448,0.2997338
1802218093,0.20033571,0.21853337,0.5811309
1802354550,0.4401006,0.2137532,0.34614614
1802409890,0.30871925,0.3545559,0.33672488
1802476087,0.25979543,0.31129608,0.4289084
1802518582,0.41760546,0.31588572,0.2665088
1802700996,0.45011884,0.3144301,0.23545112
1802753333,0.18120457,0.6323913,0.1864041
1802768227,0.33958068,0.3513809,0.30903834
1802779705,0.21092516,0.51496905,0.27410582
1802817461,0.36960194,0.29721072,0.33318743
1802855908,0.17665957,0.6042291,0.2191113
1802986921,0.2912922,0.31785706,0.39085072
1802997966,0.1979277,0.54032534,0.26174697
1803000766,0.29715025,0.43938985,0.2634598
1803065593,0.082561165,0.81359965,0.10383912
1803108102,0.24875858,0.41561893,0.33562243
1803117481,0.23045637,0.2943994,0.47514424
1803129803,0.34705704,0.3939763,0.2589667
1803161773,0.4972825,0.2514425,0.25127497
1803188221,0.2731459,0.22101915,0.50583494
1803206667,0.40350482,0.2439584,0.35253674
1803214269,0.19005394,0.3359224,0.4740237
1803280259,0.26202855,0.40609914,0.3318723
1803290940,0.353392,0.3306526,0.3159554
1803333436,0.79506373,0.08563106,0.119305216
1803344848,0.33908653,0.33758906,0.3233244
1803345349,0.23597829,0.5267526,0.23726913
1803554706,0.5266084,0.24867643,0.22471517
1803716068,0.46845642,0.27507415,0.25646937
1803932509,0.33154112,0.37196508,0.2964938
1804006730,0.51522785,0.23261294,0.25215918
1804225791,0.23846962,0.26664054,0.4948899
1804227876,0.41254836,0.2874934,0.29995826
1804276960,0.37062618,0.30453935,0.32483444
1804415178,0.29262477,0.380203,0.32717228
1804464905,0.263234,0.47935444,0.2574115
1804828115,0.33365235,0.35135096,0.31499675
1804860296,0.2737282,0.3520463,0.37422553
1804868530,0.2292663,0.31952995,0.45120382
1805042728,0.3902189,0.34712127,0.26265985
1805101335,0.37461576,0.37381646,0.25156778
1805127647,0.31604868,0.45309862,0.23085278
1805131958,0.33170688,0.38946575,0.27882728
1805140932,0.2560707,0.25897035,0.48495892
1805167325,0.44623166,0.28626376,0.26750457
1805280164,0.54975116,0.17108667,0.2791621
1805394658,0.27677256,0.31196773,0.41125965
1805417649,0.33257562,0.32730326,0.34012112
1805429516,0.47069708,0.28824332,0.24105959
1805460178,0.34839824,0.3753315,0.27627024
1805468864,0.24090944,0.30723032,0.45186022
1805535695,0.30644125,0.33398476,0.35957405
1805667110,0.4028229,0.36313692,0.23404017
1805673435,0.051229626,0.86511505,0.0836553
1805687005,0.08691208,0.8026846,0.11040333
1805833364,0.33793718,0.32781735,0.3342454
1806083326,0.3790136,0.3352558,0.28573054
1806101902,0.43921593,0.28695163,0.2738324
1806180897,0.5557001,0.2299073,0.21439256
1806237233,0.6723212,0.15780684,0.16987199
1806276344,0.40388575,0.3596701,0.23644413
1806339449,0.48665717,0.26982376,0.24351905
1806351923,0.24383856,0.40246296,0.35369846
1806367449,0.26115108,0.3682528,0.3705961
1806472045,0.4560836,0.24780421,0.2961122
1806483375,0.44332635,0.31527394,0.2413997
1806586902,0.38173178,0.3183089,0.29995924
1806633004,0.27231115,0.40921158,0.3184773
1806709637,0.6107675,0.19186266,0.19736989
1806744949,0.23566954,0.50793296,0.25639752
1806862610,0.1761234,0.6644126,0.15946388
1806971820,0.35125896,0.31262112,0.33611992
1807015390,0.11044049,0.10209284,0.78746665
1807128974,0.28878534,0.3204343,0.39078033
1807130483,0.31122708,0.31990045,0.36887252
1807182097,0.28607136,0.40932533,0.30460328
1807215640,0.25767472,0.319521,0.4228042
1807241486,0.15743376,0.6541813,0.18838495
1807246621,0.30995807,0.2929466,0.39709526
1807513271,0.19342904,0.4406723,0.36589867
1807650234,0.12684542,0.123942345,0.74921227
1807719877,0.4257881,0.32024768,0.2539642
1807813287,0.28709847,0.19655526,0.5163463
1807859772,0.15045393,0.66061246,0.18893361
1807907337,0.40259466,0.22661155,0.37079376
1807968496,0.2835697,0.29806915,0.41836116
1807981708,0.21915852,0.4151484,0.36569315
1807994018,0.34613597,0.33505264,0.3188114
1808114240,0.55055577,0.22300044,0.22644378
1808177001,0.27644703,0.29880127,0.4247518
1808272917,0.24796256,0.3842542,0.36778322
1808301794,0.40592596,0.3445901,0.24948396
1808444775,0.22296545,0.5451432,0.2318913
1808466080,0.2743789,0.22847648,0.49714458
1808485242,0.30024236,0.38953537,0.31022233
1808510839,0.17080398,0.35960475,0.4695913
1808544383,0.36713448,0.30158204,0.3312835
1808576951,0.36940354,0.2799231,0.35067332
1808646662,0.2705486,0.3150226,0.41442883
1808653992,0.3694594,0.31977567,0.31076497
1808797234,0.27977225,0.43915257,0.2810752
1808960542,0.23818448,0.25348756,0.50832796
1808986725,0.3020464,0.44368142,0.2542722
1808999698,0.55958366,0.22632173,0.21409465
1809270813,0.5454597,0.24380413,0.21073626
1809354546,0.34207383,0.32433227,0.33359393
1809384777,0.47705165,0.21136215,0.31158623
1809440865,0.4175308,0.2710727,0.31139654
1809630446,0.36442092,0.3699046,0.2656745
1809662805,0.22965889,0.51604754,0.25429362
1809785983,0.21716462,0.2929131,0.48992234
1809875162,0.51466787,0.25030652,0.23502563
1810087671,0.32701614,0.31510964,0.35787427
1810101299,0.099450745,0.7537985,0.14675078
1810155202,0.27200752,0.28833067,0.4396619
1810414268,0.23390235,0.5129892,0.2531084
1810473971,0.55581325,0.24873932,0.1954475
1810479172,0.30172098,0.3328735,0.3654055
1810504178,0.39464882,0.34280476,0.26254645
1810646243,0.8119096,0.07756737,0.11052297
1810703122,0.43875033,0.21976848,0.3414812
1810731199,0.21291079,0.4215947,0.36549458
1810842339,0.38173714,0.34417206,0.2740908
1810854335,0.3568271,0.3568337,0.28633916
1811071982,0.18688224,0.20782524,0.6052925
1811095145,0.2828451,0.3441003,0.37305462
1811146305,0.40377745,0.3345361,0.2616865
1811388293,0.53392047,0.19106273,0.27501675
1811388707,0.6485132,0.182022,0.16946478
1811416167,0.27571774,0.24556488,0.4787174
1811474229,0.581567,0.2017403,0.21669269
1811524025,0.31123322,0.28267866,0.40608808
1811663981,0.20776588,0.18111706,0.61111706
1811751453,0.38604543,0.3172171,0.2967374
1811870726,0.8163586,0.07281692,0.110824436
1811936123,0.30804628,0.29384953,0.39810416
1811947290,0.38642925,0.36689776,0.24667299
1812000728,0.643818,0.1517017,0.20448034
1812253143,0.33045772,0.42690533,0.24263689
1812313512,0.29883543,0.3086505,0.39251405
1812318676,0.2742096,0.3750116,0.35077882
1812398186,0.32023615,0.3451452,0.33461863
1812556668,0.09331242,0.08083227,0.8258553
1812612759,0.33894432,0.3431869,0.31786886
1812631745,0.1235826,0.21022649,0.666191
1812687048,0.15861529,0.6724029,0.16898175
1812874825,0.10350057,0.75455713,0.1419423
1812895064,0.27344516,0.22572534,0.5008295
1812998541,0.3254768,0.37608895,0.29843426
1813017752,0.3077285,0.33262563,0.35964584
1813026885,0.21550831,0.21358998,0.5709017
1813040057,0.4145057,0.3128535,0.27264076
1813067489,0.19187583,0.21190277,0.5962214
1813081810,0.3140595,0.30748796,0.37845254
1813086412,0.30256712,0.3986921,0.2987408
1813115352,0.097189605,0.7692199,0.13359055
1813135421,0.5950972,0.18918407,0.2157188
1813173049,0.22052866,0.2136559,0.56581545
1813280185,0.2753322,0.28441924,0.44024858
1813306428,0.4306434,0.26478928,0.30456728
1813365245,0.32918844,0.34425485,0.3265567
1813422541,0.28883776,0.4657139,0.24544841
1813566702,0.1877155,0.61949056,0.19279392
1813567525,0.33105746,0.35928506,0.30965754
1813582710,0.1756064,0.60845315,0.21594046
1813622491,0.35219735,0.36065453,0.28714803
1813658213,0.17547023,0.16550572,0.659024
1813718061,0.30031776,0.35780576,0.3418765
1813809654,0.32764366,0.29113367,0.38122267
1813816869,0.59039736,0.1976699,0.21193281
1813836497,0.23530683,0.31295726,0.45173594
1813897522,0.6788071,0.11338899,0.20780398
1814126078,0.6006504,0.19765668,0.20169288
1814257284,0.23354134,0.20515616,0.5613025
1814375856,0.37267247,0.28666267,0.34066486
1814537031,0.33868933,0.3211187,0.34019187
1814642828,0.37806413,0.37498966,0.2469462
1814717605,0.06985449,0.8295307,0.10061481
1814718922,0.25744224,0.4880858,0.25447187
1814953331,0.44532606,0.23452465,0.3201492
1814985269,0.25374976,0.24093865,0.5053116
1815032485,0.1416136,0.67838174,0.18000464
1815034985,0.22245748,0.44355923,0.3339832
1815063512,0.21523824,0.47489306,0.30986866
1815064284,0.26661208,0.33466908,0.39871886
1815167185,0.35198653,0.33477315,0.3132403
1815197481,0.4857832,0.1938258,0.32039103
1815205440,0.30820003,0.33716813,0.35463184
1815235731,0.35733446,0.3300914,0.31257418
1815274470,0.44028226,0.31029102,0.24942672
1815297323,0.33838832,0.39301315,0.2685986
1815348466,0.5393392,0.22137292,0.23928787
1815416983,0.17392975,0.18077853,0.64529175
1815451789,0.20897236,0.22624835,0.56477934
1815578015,0.3528507,0.33559853,0.31155077
1815750244,0.7229333,0.12198281,0.15508392
1816083048,0.31613433,0.3146685,0.36919713
1816099173,0.32631925,0.4007389,0.2729418
1816112569,0.39085615,0.28279728,0.32634655
1816153712,0.18495993,0.6182715,0.19676854
1816355316,0.72370404,0.11307394,0.16322199
1816561782,0.18778181,0.6280898,0.18412833
1816572854,0.24655275,0.2928359,0.46061137
1816584649,0.4692723,0.23752415,0.29320353
1816586538,0.43331018,0.30179513,0.26489472
1816599811,0.09491872,0.796611,0.108470224
1816602397,0.35765332,0.3813173,0.2610294
1816641760,0.09751943,0.08818599,0.8142946
1816643488,0.28951135,0.38123477,0.32925397
1816983179,0.7559066,0.102390245,0.14170323
1817013612,0.41034687,0.2861823,0.3034708
1817110332,0.19951376,0.1854261,0.61506015
1817421803,0.31175804,0.3803784,0.30786356
1817428113,0.09732479,0.08575041,0.8169248
1817476398,0.3865268,0.22534432,0.38812894
1817478938,0.35316744,0.42261475,0.2242178
1817505718,0.4117413,0.30499983,0.28325883
1817539108,0.7038905,0.13152649,0.164583
1817678953,0.14978704,0.60192883,0.24828418
1817690023,0.18641604,0.19319892,0.620385
1817914721,0.35077044,0.38918185,0.26004767
1818003212,0.2267958,0.28268358,0.49052063
1818095698,0.3265227,0.32993567,0.34354162
1818110155,0.25966582,0.26910475,0.4712294
1818150733,0.19742326,0.55113477,0.251442
1818167435,0.4169478,0.278862,0.3041902
1818241552,0.40596643,0.2626001,0.33143342
1818302644,0.56987286,0.19674465,0.23338251
1818543222,0.44561538,0.32441825,0.2299664
1818584265,0.26856887,0.22708721,0.50434387
1818825106,0.26895162,0.38796195,0.34308642
1818839145,0.33918566,0.3713464,0.28946793
1818919669,0.4055531,0.26337224,0.33107466
1819031818,0.47137862,0.26146737,0.267154
1819110697,0.18486473,0.29972067,0.5154146
1819269834,0.6406799,0.19028124,0.16903883
1819373590,0.25339395,0.2539565,0.49264956
1819389383,0.3889181,0.36673188,0.24434999
1819539177,0.48733187,0.29614908,0.21651909
1819567564,0.34588268,0.37388104,0.28023627
1819851832,0.13365157,0.11887655,0.7474718
1819860642,0.38977632,0.35400045,0.2562232
1819982842,0.31907576,0.3917178,0.28920653
1820012640,0.33011362,0.3970383,0.27284804
1820014322,0.3434874,0.32117,0.33534256
1820217208,0.32508025,0.3351856,0.3397342
1820303026,0.3894694,0.34758896,0.26294166
1820328366,0.2984157,0.37409994,0.32748443
1820498707,0.16190122,0.6800418,0.15805699
1820662389,0.54242545,0.20242448,0.25515008
1820676528,0.27799433,0.27648216,0.44552347
1820702179,0.28804126,0.4645392,0.24741949
1820739925,0.33928415,0.36828968,0.29242605
1820819185,0.50907093,0.26132494,0.22960405
1820876894,0.33065596,0.3335053,0.33583874
1820879029,0.29619983,0.3680796,0.33572054
1820908397,0.36291414,0.28722557,0.34986025
1820921428,0.33587742,0.28351027,0.38061234
1821022702,0.29326856,0.2629652,0.44376627
1821025779,0.25568986,0.23298204,0.51132816
1821036831,0.10819109,0.75570446,0.13610443
1821037238,0.67761326,0.09314182,0.22924496
1821112374,0.3628326,0.27962264,0.35754475
1821118974,0.4338691,0.31336984,0.25276107
1821281539,0.09749978,0.7782548,0.124245375
1821366084,0.17862299,0.61591864,0.20545839
1821419717,0.2922303,0.43787473,0.26989496
1821467785,0.44235057,0.32794267,0.22970673
1821485788,0.35949978,0.35045445,0.29004574
1821488775,0.2873732,0.3195081,0.39311877
1821579617,0.20070076,0.24997275,0.5493265
1821700297,0.29946554,0.41040722,0.29012722
1821743493,0.35189763,0.36244905,0.28565332
1821763501,0.40304795,0.32679442,0.27015764
1821941630,0.10723637,0.77040243,0.12236116
1822009312,0.34332752,0.3224131,0.3342594
1822051236,0.22015734,0.5279534,0.25188923
1822065706,0.3709632,0.28048426,0.3485526
1822075736,0.48633915,0.23515205,0.2785088
1822195568,0.24904412,0.2775831,0.4733728
1822211120,0.16867352,0.64076036,0.19056611
1822238622,0.39097503,0.3193148,0.2897101
1822358679,0.15331002,0.13838919,0.70830077
1822407796,0.3020888,0.41097936,0.28693193
1822420320,0.22136754,0.22438878,0.5542437
1822526191,0.42157787,0.31055278,0.26786935
1822532015,0.4403049,0.3283415,0.23135364
1822630563,0.28449604,0.43442357,0.28108034
1822742367,0.481823,0.21759836,0.30057856
1822755889,0.22949699,0.52083397,0.24966897
1822850619,0.5910324,0.20334722,0.20562035
1822864735,0.31676972,0.2877267,0.3955036
1822981529,0.44394162,0.31351557,0.24254288
1822983353,0.1439232,0.6879607,0.1681161
1823014755,0.16742006,0.604758,0.22782187
1823053359,0.19134545,0.19851768,0.61013687
1823111771,0.20836847,0.38024923,0.41138238
1823207576,0.32670334,0.29790232,0.3753943
1823274424,0.11594273,0.76855075,0.1155065
1823429949,0.2587073,0.26433864,0.47695413
1823473316,0.38365048,0.296396,0.31995362
1823606815,0.3236088,0.22641604,0.4499751
1823667954,0.3748039,0.27002466,0.35517147
1823734324,0.24672925,0.503923,0.24934766
1823778795,0.49156755,0.30661085,0.20182163
1823798637,0.1748441,0.6173905,0.20776539
1823873064,0.28190258,0.44434586,0.27375162
1823914891,0.31037968,0.34881252,0.34080777
1823950123,0.41231257,0.28618973,0.30149767
1824002166,0.24248144,0.4350647,0.3224539
1824052166,0.31962743,0.35828108,0.32209152
1824059794,0.33391482,0.36512727,0.30095795
1824256736,0.28624514,0.30624637,0.4075085
1824276997,0.10258809,0.10257708,0.79483473
1824478791,0.097118236,0.087288395,0.8155933
1824575921,0.597125,0.20817798,0.19469695
1824673763,0.46694234,0.3192623,0.21379535
1824715241,0.50379264,0.21978113,0.2764262
1824773329,0.06451389,0.059299156,0.8761869
1825057336,0.2910985,0.3044417,0.4044598
1825114971,0.76378363,0.08943849,0.14677791
1825213952,0.22693624,0.23133837,0.5417254
1825241407,0.522286,0.27681726,0.2008967
1825243803,0.27772275,0.42484376,0.29743356
1825483321,0.23104654,0.44857875,0.3203747
1825573723,0.52198535,0.23261711,0.24539757
1825579435,0.35326624,0.34213424,0.30459952
1825608662,0.46868855,0.19688693,0.33442461
1825612264,0.3301109,0.39492252,0.27496657
1825687496,0.3206405,0.31546676,0.3638928
1825787332,0.18284778,0.17985255,0.6372996
1825990535,0.45113164,0.277326,0.27154237
1825997183,0.44397667,0.25791457,0.2981087
1826127968,0.4824344,0.25467637,0.2628893
1826429942,0.27110383,0.21495979,0.5139364
1826528187,0.24285285,0.2625317,0.4946154
1826562754,0.28431264,0.31836757,0.3973198
1826664292,0.22864698,0.2612221,0.5101309
1826729089,0.23551096,0.2691887,0.4953003
1826732985,0.7609163,0.079448745,0.15963499
1826835053,0.43451717,0.30922374,0.25625902
1826967206,0.29289362,0.33859694,0.36850944
1826970646,0.48143482,0.18797448,0.3305907
1827076732,0.17146617,0.5792671,0.24926673
1827112294,0.4475556,0.34481978,0.20762463
1827179908,0.3288642,0.21956825,0.45156756
1827186646,0.3159812,0.3981586,0.28586018
1827251317,0.36519378,0.33739492,0.29741123
1827285897,0.31269854,0.35703656,0.330265
1827360732,0.35654476,0.3558634,0.28759193
1827404738,0.23592941,0.23000117,0.5340694
1827446328,0.36007673,0.2883513,0.351572
1827521100,0.15662767,0.6744449,0.16892745
1827568391,0.24826093,0.4591758,0.2925633
1827665332,0.5443702,0.2069786,0.24865128
1827672418,0.48000717,0.26835626,0.25163653
1827689868,0.30653846,0.24598904,0.44747257
1827845182,0.24130026,0.20762718,0.5510726
1827943181,0.40401053,0.25588787,0.34010166
1828014907,0.4373122,0.31740418,0.2452836
1828091246,0.40852407,0.29565513,0.29582083
1828096238,0.24706654,0.29727423,0.45565912
1828236191,0.22247814,0.28649917,0.49102268
1828254293,0.23350438,0.43326524,0.33323044
1828455979,0.075656965,0.82478803,0.09955501
1828507348,0.36424616,0.3002825,0.33547133
1828581507,0.4453719,0.19006528,0.36456284
1828585893,0.26642153,0.38761404,0.3459645
1828622494,0.35500664,0.32559115,0.31940222
1828694169,0.3859105,0.387587,0.22650252
1828847465,0.51233935,0.25829923,0.22936136
1828948763,0.07967598,0.80332947,0.11699458
1828953299,0.28046256,0.26875517,0.4507823
1828972473,0.24139418,0.48498282,0.27362302
1828982801,0.3195389,0.35414204,0.32631907
1829044142,0.1602462,0.6907055,0.14904828
1829054007,0.24483472,0.47811893,0.2770463
1829327877,0.34068504,0.3819846,0.27733037
1829415306,0.35849905,0.32460427,0.31689674
1829460544,0.24411952,0.27233618,0.48354426
1829631841,0.47248843,0.31103638,0.21647517
1829634011,0.44291088,0.28860733,0.26848176
1829639054,0.29555604,0.27565074,0.42879328
1829714240,0.4077707,0.3317432,0.26048613
1829715663,0.41470805,0.26010737,0.32518458
1829724349,0.13925146,0.70908654,0.151662
1829808842,0.39618438,0.26854777,0.3352678
1829822741,0.6983679,0.13465774,0.16697437
1829840565,0.08039692,0.8146646,0.10493851
1829934430,0.118724264,0.11284789,0.7684278
1829988438,0.29262888,0.3697543,0.3376168
1830087805,0.25849903,0.4784468,0.26305422
1830146880,0.45059222,0.32379255,0.22561517
1830323650,0.25482312,0.20825434,0.5369226
1830373333,0.06644188,0.8397014,0.09385674
1830477180,0.7208265,0.11977994,0.15939353
1830481520,0.5047696,0.2764088,0.21882163
1830601066,0.48875332,0.29311118,0.21813546
1830721550,0.2910969,0.24089083,0.46801233
1830754640,0.55782235,0.21529497,0.22688262
1830864824,0.3651208,0.32176054,0.31311867
1830870543,0.3334721,0.34640172,0.32012615
1831127255,0.3567464,0.3827373,0.26051635
1831175617,0.21469386,0.3035334,0.4817727
1831189292,0.5718525,0.19828475,0.22986275
1831269170,0.3134729,0.35260582,0.33392128
1831278731,0.27918604,0.41231075,0.30850324
1831515884,0.37858033,0.30833384,0.3130858
1831645067,0.14982097,0.6125127,0.23766638
1831685337,0.3441364,0.34964514,0.30621848
1831796549,0.116417415,0.7470619,0.13652068
1831907244,0.59565425,0.19159418,0.21275161
1831920956,0.2786272,0.28452146,0.43685132
1831981399,0.2715081,0.20925288,0.51923907
1832023830,0.6009432,0.19473468,0.20432204
1832041839,0.22738415,0.21748438,0.55513144
1832421670,0.3625271,0.2897247,0.34774825
1832492483,0.3423859,0.3447901,0.312824
1832589002,0.22465001,0.40959588,0.36575413
1832637670,0.30863655,0.26621348,0.42514995
1832804844,0.36993828,0.34898743,0.28107435
1832824111,0.50796837,0.24905951,0.2429721
1832846757,0.30952427,0.35185733,0.3386184
1832990432,0.41648436,0.23642589,0.34708974
1833216456,0.34934407,0.33246747,0.3181884
1833358982,0.23633754,0.34650812,0.41715437
1833472793,0.311456,0.40169877,0.28684518
1833564551,0.523377,0.2642516,0.2123714
1833595232,0.33471444,0.43092808,0.23435752
1833674604,0.64846206,0.17438076,0.17715725
1833691834,0.3160481,0.24152453,0.44242743
1833813226,0.27822244,0.32114097,0.4006366
1833829202,0.25911424,0.48165756,0.25922826
1833854449,0.32910633,0.42546234,0.24543121
1833960999,0.3814019,0.32436484,0.2942332
1834015393,0.36084846,0.37067905,0.26847243
1834065799,0.50150144,0.17667115,0.32182732
1834096075,0.16863081,0.15898533,0.6723839
1834229985,0.34357205,0.3571706,0.2992574
1834448806,0.21011247,0.49644554,0.29344204
1834464921,0.27018157,0.46800628,0.26181224
1834487358,0.3915949,0.3057471,0.30265802
1834598146,0.41076294,0.305774,0.2834631
1834643729,0.5440727,0.21939164,0.23653571
1834796822,0.25754568,0.51138,0.23107432
1834807649,0.2582011,0.2672794,0.47451955
1835020297,0.4155913,0.31490776,0.26950097
1835076770,0.14483823,0.6709314,0.18423036
1835146420,0.25553983,0.4484371,0.29602304
1835238115,0.09756518,0.7869887,0.11544614
1835390822,0.1628811,0.1673043,0.6698146
1835452766,0.3499175,0.35457268,0.29550987
1835715112,0.3594581,0.3528717,0.28767022
1835741436,0.33737814,0.37217385,0.29044807
1835984343,0.7733779,0.0913685,0.1352536
1836083246,0.28706688,0.32679436,0.3861388
1836201341,0.3761371,0.33896497,0.284898
1836213244,0.38320217,0.3314474,0.2853504
1836271539,0.38466632,0.3554456,0.25988802
1836325564,0.48422268,0.27240917,0.24336816
1836348610,0.3204009,0.3614363,0.31816274
1836363755,0.33523762,0.4105072,0.25425524
1836596070,0.56923497,0.1956279,0.23513713
1836596544,0.28856233,0.2628681,0.44856963
1836674208,0.13039127,0.68206334,0.18754537
1836796023,0.18718582,0.58786064,0.22495355
1836825325,0.20812786,0.204869,0.5870032
1836961745,0.38430998,0.37232447,0.24336556
1837092571,0.108085826,0.093740284,0.7981739
1837117878,0.2508077,0.2971236,0.45206878
1837119523,0.42892802,0.2924561,0.2786159
1837141587,0.52345395,0.23735502,0.239191
1837276935,0.40140882,0.31608132,0.28250977
1837323485,0.806027,0.077099524,0.11687355
1837331696,0.33779904,0.24122874,0.42097217
1837584553,0.14581032,0.6867179,0.16747172
1837620295,0.15017626,0.6694798,0.18034396
1837740379,0.24542212,0.50917834,0.24539958
1837762732,0.47897974,0.18953761,0.33148262
1837762775,0.14308828,0.14887409,0.7080377
1837981108,0.3751549,0.31711715,0.30772793
1838033308,0.14577833,0.6790772,0.1751445
1838070745,0.39744154,0.388413,0.21414536
1838093472,0.29625192,0.278141,0.42560712
1838273003,0.32046872,0.35854864,0.32098266
1838534554,0.30518028,0.38678044,0.30803928
1838603583,0.37864137,0.3809966,0.24036208
1838678344,0.27780378,0.42010787,0.30208847
1838722169,0.4453492,0.25371602,0.30093473
1838727968,0.29615068,0.36142644,0.34242284
1838995117,0.52766,0.25747934,0.2148607
1839047520,0.3790741,0.38056594,0.24035992
1839172513,0.21510984,0.28686994,0.4980203
1839200023,0.40096298,0.23767903,0.36135796
1839207942,0.33816525,0.32666296,0.33517176
1839276770,0.7806877,0.07201789,0.14729443
1839338508,0.38000214,0.29429892,0.32569894
1839372656,0.5465115,0.22717577,0.2263127
1839396609,0.30182487,0.2821857,0.41598937
1839422469,0.41828927,0.3082041,0.27350664
1839449269,0.57563335,0.1686485,0.2557182
1839491960,0.15823977,0.6483332,0.19342701
1839615695,0.34687406,0.32130086,0.33182508
1839637469,0.41184232,0.29197198,0.29618567
1839644385,0.33157334,0.34463102,0.32379568
1839738090,0.27963638,0.30437696,0.4159867
1839897885,0.396413,0.33995792,0.2636291
1839928470,0.2640119,0.4953289,0.24065919
1840034365,0.31110618,0.36326113,0.32563272
1840051428,0.32047695,0.33309665,0.34642634
1840131058,0.436827,0.28868556,0.2744875
1840198621,0.23549403,0.184346,0.58016
1840202119,0.22255291,0.5005175,0.27692956
1840206833,0.24138749,0.3538398,0.4047727
1840251135,0.359459,0.31998357,0.3205574
1840265173,0.21536046,0.5124615,0.27217796
1840418806,0.2948454,0.31066066,0.39449388
1840452323,0.59211427,0.19881564,0.20907016
1840479821,0.33717886,0.3386057,0.32421547
1840493005,0.3535941,0.38259387,0.26381207
1840566405,0.34607252,0.40982395,0.24410358
1840674434,0.13964917,0.6971754,0.1631755
1840700245,0.25229377,0.38784117,0.3598651
1840727870,0.267184,0.26744157,0.46537438
1840795780,0.23769552,0.3646886,0.39761588
1840885260,0.5652146,0.14424986,0.29053554
1841063476,0.37024584,0.31311727,0.31663695
1841199008,0.70303124,0.11364737,0.18332139
1841518517,0.44332695,0.30898264,0.2476904
1841659487,0.141155,0.12276504,0.73608005
1841723997,0.33437192,0.34283078,0.32279733
1841868602,0.064678594,0.83942455,0.09589683
1841875995,0.36822692,0.37756702,0.2542061
1841887124,0.3115789,0.46477476,0.22364627
1841913603,0.28375456,0.32107866,0.39516675
1841955387,0.2837277,0.39285514,0.32341728
1842008467,0.30314428,0.32366058,0.37319517
1842108326,0.5062437,0.24628888,0.24746738
1842115002,0.21091563,0.23036422,0.5587202
1842129378,0.36084363,0.35384554,0.28531083
1842156771,0.5787273,0.19495375,0.2263189
1842190637,0.332584,0.35399243,0.31342354
1842304030,0.40639487,0.31452546,0.27907965
1842351337,0.4862819,0.23812105,0.27559707
1842684107,0.5075264,0.25697616,0.23549747
1842976941,0.35385093,0.28788406,0.35826504
1842984376,0.38254192,0.30282995,0.31462815
1843148497,0.19094512,0.54023796,0.26881692
1843197999,0.41072685,0.33976424,0.2495089
1843199863,0.32154673,0.36374167,0.3147116
1843261156,0.7398546,0.10759334,0.15255214
1843310883,0.75995404,0.101405926,0.13864006
1843583855,0.2254223,0.5496252,0.22495238
1843614249,0.23732522,0.48226002,0.28041476
1843687066,0.23850034,0.5512731,0.21022657
1843691306,0.21691331,0.5515636,0.23152305
1843811198,0.32030246,0.33550024,0.34419733
1843870575,0.1851711,0.1512825,0.6635464
1843947126,0.3053977,0.4068306,0.28777164
1844107983,0.4734002,0.28401938,0.24258041
1844291078,0.7820771,0.074650764,0.14327216
1844318356,0.31063625,0.24459125,0.4447725
1844327425,0.1489457,0.6861551,0.16489923
1844522373,0.09657081,0.7759268,0.12750235
1844585483,0.24903435,0.29998845,0.45097724
1844692420,0.311185,0.4300736,0.25874132
1844792356,0.4725068,0.23664205,0.29085112
1844793009,0.4102007,0.303806,0.28599328
1844807561,0.54529303,0.23962809,0.21507892
1844807638,0.431236,0.296827,0.27193704
1844845691,0.21020938,0.4839678,0.30582288
1845056429,0.23559901,0.47560313,0.28879783
1845135893,0.5349752,0.19363047,0.27139434
1845302711,0.6544977,0.12636855,0.21913381
1845335325,0.5148287,0.2453923,0.23977904
1845345903,0.26857823,0.363698,0.36772373
1845683110,0.30826768,0.3047844,0.3869479
1845725696,0.3867715,0.28807646,0.32515204
1845736203,0.3595492,0.33240047,0.3080503
1845786735,0.53704095,0.25763422,0.20532483
1845821392,0.44871122,0.2877902,0.2634986
1846032245,0.16529685,0.62010425,0.2145989
1846117310,0.33309773,0.24435362,0.4225486
1846120727,0.07273052,0.8125688,0.11470074
1846127047,0.30354297,0.320089,0.376368
1846231870,0.3904072,0.32691276,0.28268003
1846234424,0.62841284,0.16938657,0.20220067
1846270804,0.14837274,0.14509495,0.7065323
1846331635,0.280462,0.217273,0.50226504
1846360848,0.25927004,0.45106548,0.2896645
1846462939,0.316423,0.26000857,0.42356837
1846784300,0.34495875,0.35455602,0.3004853
1846916421,0.26017472,0.20455098,0.5352743
1846924347,0.319777,0.35246488,0.3277581
1846989780,0.22398698,0.5287858,0.24722724
1847034527,0.2789559,0.29210758,0.42893657
1847079349,0.2694699,0.41143152,0.3190986
1847122214,0.6996143,0.12385614,0.17652965
1847322284,0.7744536,0.09059965,0.1349468
1847420672,0.32679227,0.37717217,0.29603553
1847460877,0.22160973,0.38572243,0.3926678
1847516760,0.33270052,0.3433199,0.32397968
1847567823,0.2698083,0.3499278,0.38026386
1847613432,0.29441985,0.3457774,0.3598028
1847649579,0.28219506,0.29726782,0.4205371
1847763790,0.31336096,0.34216487,0.34447423
1847807284,0.32016584,0.38000512,0.29982898
1847954389,0.241718,0.18771821,0.5705638
1848057304,0.32841924,0.21351095,0.4580699
1848135285,0.45543134,0.2922302,0.25233847
1848156994,0.25499323,0.36785087,0.3771559
1848215776,0.3798155,0.37599328,0.24419118
1848239889,0.2682601,0.32594055,0.40579936
1848239960,0.37700525,0.2915628,0.33143198
1848264509,0.34786263,0.36829293,0.28384447
1848301491,0.26928377,0.25696597,0.47375023
1848339113,0.21694997,0.28435445,0.4986955
1848571578,0.3125425,0.32983643,0.35762107
1848846607,0.27047938,0.28187945,0.4476412
1849091883,0.2659798,0.26062554,0.47339463
1849167995,0.22337495,0.5504121,0.22621298
1849200151,0.6833027,0.14110012,0.17559722
1849211276,0.18943429,0.16953863,0.64102703
1849231051,0.19869232,0.18182844,0.6194793
1849252562,0.20594175,0.5111479,0.28291032
1849317987,0.6133827,0.1661106,0.22050661
1849334360,0.26947954,0.2963207,0.4341997
1849427356,0.47202414,0.23982975,0.28814617
1849493893,0.31146744,0.3775644,0.3109681
1849742620,0.29271674,0.28119648,0.42608678
1849820790,0.47857144,0.2370156,0.28441298
1849837736,0.25381392,0.21439713,0.53178895
1849952474,0.5009116,0.26493895,0.23414943
1849974830,0.28052768,0.5165299,0.20294248
1850116593,0.12182601,0.71542436,0.16274962
1850218209,0.4957168,0.24578224,0.25850096
1850619834,0.26435113,0.23747618,0.49817267
1850924545,0.23067504,0.35910326,0.41022176
1851024124,0.082317166,0.792822,0.124860816
1851034251,0.3989379,0.33423015,0.2668319
1851049254,0.17723441,0.18831041,0.6344552
1851112649,0.42032376,0.32420447,0.2554718
1851124946,0.42805517,0.29139042,0.28055438
1851139890,0.1874114,0.53647035,0.2761182
1851209061,0.26407936,0.43989718,0.2960234
1851356272,0.27956,0.22793627,0.49250373
1851436430,0.3266148,0.35260767,0.32077757
1851472441,0.13975781,0.1457961,0.71444607
1851496710,0.32826284,0.35649782,0.31523928
1851643301,0.13411744,0.7090836,0.15679899
1851709935,0.34050578,0.3371588,0.32233542
1851750635,0.57298553,0.23069668,0.19631779
1851833960,0.289516,0.29913273,0.4113513
1851912975,0.29749632,0.26860148,0.43390217
1851927793,0.28258023,0.3836062,0.33381364
1851931273,0.09459385,0.08638449,0.81902164
1851998040,0.4747342,0.25119838,0.2740675
1852023105,0.27821097,0.47647277,0.24531633
1852121395,0.43534237,0.3025965,0.2620611
1852162355,0.407293,0.32970065,0.2630063
1852385839,0.6603751,0.130002,0.20962289
1852413391,0.28820702,0.41199657,0.29979643
1852416184,0.46755135,0.25313002,0.27931866
1852500553,0.38300285,0.28737956,0.32961753
1852753649,0.575509,0.20029876,0.22419223
1852780045,0.3533853,0.35055405,0.29606062
1852806729,0.2190546,0.1866454,0.5943
1852947703,0.2999539,0.2804425,0.41960353
1852989093,0.24707393,0.28400567,0.46892035
1853072853,0.41108698,0.3508357,0.23807728
1853105059,0.5128394,0.2398341,0.24732652
1853206553,0.3952349,0.32073188,0.28403318
1853277009,0.2558313,0.4352816,0.30888703
1853346918,0.46870863,0.29288265,0.23840865
1853362225,0.14612918,0.698534,0.15533687
1853404473,0.4589434,0.2689519,0.27210474
1853628501,0.32047296,0.3100832,0.3694438
1853630375,0.3129595,0.41044718,0.27659333
1853692512,0.592405,0.190256,0.21733893
1853946088,0.23455898,0.45251778,0.3129232
1853948103,0.4047116,0.33596933,0.25931907
1854039269,0.42837924,0.2972946,0.27432612
1854086934,0.24474688,0.2966863,0.45856678
1854103315,0.35616755,0.32810488,0.31572753
1854104540,0.50399715,0.28678882,0.20921406
1854120223,0.259262,0.21698304,0.523755
1854220883,0.40272838,0.32235962,0.274912
1854434020,0.26914746,0.3634113,0.3674412
1854453600,0.19331245,0.57480615,0.23188147
1854519594,0.3109277,0.41228735,0.27678496
1854538607,0.20999369,0.14540674,0.6445995
1854595110,0.4320587,0.32462516,0.24331608
1854597348,0.19349733,0.6105888,0.19591388
1854599015,0.30235496,0.31892344,0.37872162
1854884274,0.311121,0.3316836,0.3571954
1854966359,0.16685747,0.1328963,0.7002462
1855001244,0.42609453,0.32797936,0.24592611
1855107859,0.18451533,0.18763171,0.6278529
1855117526,0.33700466,0.18552275,0.47747254
1855169881,0.07603015,0.81713086,0.10683895
1855186963,0.2610806,0.37337437,0.36554512
1855286965,0.18305285,0.61940175,0.19754541
1855312254,0.4981968,0.26398158,0.23782153
1855494156,0.15249006,0.68218523,0.16532466
1855527932,0.63662916,0.1718624,0.19150843
1855600187,0.36345884,0.2988833,0.3376579
1855624316,0.7265012,0.12255103,0.15094775
1855678949,0.40348977,0.26707608,0.32943416
1855726332,0.38696796,0.25111562,0.36191642
1855896814,0.37377012,0.3014166,0.3248133
1855952069,0.17955317,0.6166138,0.20383303
1855994712,0.3524469,0.34333822,0.30421484
1856123730,0.1295033,0.14763318,0.7228635
1856205123,0.35528797,0.35031787,0.29439422
1856280286,0.14260796,0.13703315,0.72035897
1856505296,0.3854213,0.17576066,0.438818
1856521625,0.44417697,0.22030462,0.33551842
1856599193,0.44328377,0.313781,0.24293521
1856781197,0.2610163,0.43482932,0.3041544
1856843522,0.22320677,0.5213208,0.25547245
1856973354,0.119003154,0.68456423,0.19643256
1857003599,0.3240694,0.3355526,0.34037796
1857054218,0.20557399,0.22096978,0.5734562
1857054642,0.4860891,0.2816205,0.23229043
1857059153,0.371437,0.32350045,0.30506244
1857070719,0.31562626,0.37479347,0.30958033
1857328541,0.32594842,0.37078717,0.30326444
1857331373,0.47478557,0.2786729,0.24654159
1857411807,0.32768553,0.38231742,0.28999704
1857412228,0.4187628,0.345911,0.23532614
1857532056,0.13726361,0.13851884,0.72421753
1857590949,0.25337055,0.51127756,0.23535186
1857639340,0.323048,0.38790584,0.28904614
1857752422,0.535697,0.2511159,0.21318713
1857805442,0.36699057,0.38826233,0.2447471
1857959912,0.16121873,0.14610417,0.69267714
1857983045,0.30140474,0.3177621,0.38083315
1858007505,0.10542753,0.7643473,0.13022514
1858161305,0.20730874,0.5057412,0.28695
1858192224,0.7090252,0.13176405,0.15921071
1858273692,0.28168455,0.37071452,0.347601
1858426600,0.24713838,0.3117738,0.44108787
1858520505,0.36366722,0.35150695,0.2848258
1858559703,0.29750088,0.4045358,0.29796335
1858656320,0.29965565,0.3471793,0.35316506
1858660198,0.11933274,0.749886,0.13078125
1858687401,0.43272492,0.31584054,0.2514346
1858825877,0.35492057,0.3115358,0.33354363
1858864449,0.79729486,0.078866474,0.123838656
1858864981,0.34218183,0.389234,0.2685842
1858965249,0.4954853,0.26655555,0.23795913
1858991212,0.19335346,0.59132814,0.21531843
1859082292,0.27059245,0.32239714,0.40701044
1859158611,0.43567836,0.3255519,0.23876978
1859195108,0.33886093,0.35463116,0.30650786
1859216195,0.10642434,0.7752447,0.11833096
1859328894,0.20990562,0.22711568,0.5629787
1859344323,0.22705032,0.19133267,0.581617
1859418468,0.17285906,0.6499765,0.17716447
1859454701,0.6128344,0.19334607,0.1938196
1859467293,0.23944704,0.37076673,0.3897862
1859514682,0.33714345,0.29457748,0.3682791
1859526217,0.10319116,0.09808615,0.7987227
1859563712,0.3471194,0.24516124,0.40771934
1859578541,0.43631378,0.34027997,0.22340624
1859672848,0.08863689,0.77751386,0.13384925
1859721150,0.35289094,0.38007733,0.26703164
1859732816,0.34207025,0.39081216,0.26711756
1859954967,0.45334727,0.27588186,0.27077088
1859975804,0.31557396,0.34160024,0.34282574
1860009787,0.43790463,0.28180802,0.28028744
1860097954,0.15734494,0.6613574,0.18129767
1860201293,0.37582666,0.371571,0.25260237
1860275029,0.3362169,0.3321972,0.33158597
1860355513,0.26230854,0.47008228,0.2676092
1860381578,0.50036776,0.27731904,0.22231317
1860415021,0.11422223,0.09531033,0.7904675
1860445206,0.3998852,0.32761416,0.2725007
1860503694,0.6208081,0.18216938,0.19702251
1860550093,0.27346408,0.33453402,0.39200196
1860580440,0.37047696,0.3097588,0.31976423
1860675301,0.31741488,0.3567839,0.32580122
1860831060,0.2700321,0.380954,0.34901386
1860850011,0.2560838,0.3607954,0.38312078
1860857426,0.11417291,0.1119386,0.77388847
1860921222,0.59843063,0.18505953,0.21650982
1861016796,0.23568153,0.52304286,0.24127565
1861032798,0.15878573,0.16557725,0.675637
1861131743,0.3225827,0.3680085,0.3094088
1861191866,0.08427391,0.8083983,0.10732776
1861222165,0.34299842,0.28979948,0.36720213
1861223819,0.21903493,0.24062036,0.5403448
1861231205,0.21060027,0.50565785,0.28374183
1861295003,0.31007165,0.34109125,0.34883714
1861477768,0.15663825,0.17871633,0.66464543
1861724173,0.17439005,0.6158397,0.2097703
1861726332,0.31172946,0.32974124,0.35852933
1861756060,0.26214167,0.20318352,0.53467476
1861838574,0.6502106,0.14981909,0.19997022
1861861772,0.43510926,0.31290263,0.25198808
1862047478,0.17305447,0.118365765,0.7085798
1862065656,0.3465419,0.36936596,0.28409228
1862110732,0.42811024,0.3201642,0.25172558
1862173971,0.22676365,0.21106888,0.5621674
1862219676,0.49025396,0.27289125,0.23685478
1862340086,0.5216212,0.26943046,0.20894839
1862401553,0.09390418,0.7794304,0.1266654
1862417500,0.33971566,0.26463255,0.39565182
1862532999,0.41203195,0.32673302,0.2612351
1862546675,0.30698118,0.38454282,0.30847594
1862608411,0.37449884,0.2678716,0.3576295
1862730226,0.41851595,0.3136588,0.26782528
1862788994,0.25565612,0.21024759,0.5340963
1862838481,0.22822505,0.22797324,0.5438017
1862850455,0.4272948,0.28533795,0.28736722
1863088144,0.11641052,0.10348599,0.7801035
1863118818,0.20990418,0.38276073,0.40733507
1863247139,0.12616025,0.7196765,0.15416329
1863360021,0.31488085,0.33271408,0.35240513
1863423841,0.5045108,0.2648655,0.23062372
1863465904,0.4952462,0.26910618,0.23564757
1863559524,0.38498658,0.36181474,0.2531987
1863562859,0.2597057,0.3700712,0.37022305
1863815751,0.39075136,0.31482545,0.29442325
1863875339,0.33034784,0.35016584,0.3194863
1864022887,0.21235032,0.164097,0.6235526
1864098639,0.2941702,0.44067928,0.2651505
1864141623,0.08713127,0.80362743,0.109241284
1864166566,0.21458542,0.5237628,0.26165175
1864169962,0.41227043,0.28025246,0.30747718
1864174615,0.28583255,0.35490006,0.35926735
1864334788,0.49386412,0.26913425,0.23700157
1864355532,0.18736857,0.64974284,0.16288853
1864437319,0.14010602,0.70289516,0.15699886
1864516018,0.36422762,0.2691139,0.36665842
1864590426,0.3109395,0.347161,0.34189945
1864605761,0.7935439,0.08922587,0.117230244
1864607000,0.3150354,0.36387277,0.3210918
1864719960,0.6045152,0.17157257,0.22391224
1864722866,0.2669749,0.26971412,0.46331096
1864751204,0.19724673,0.5864767,0.2162766
1864833600,0.41499016,0.31179678,0.273213
1865134936,0.29267898,0.3761551,0.33116603
1865238616,0.22696103,0.49394518,0.2790938
1865252645,0.3534884,0.33330396,0.3132077
1865363990,0.11857466,0.74676394,0.13466139
1865383897,0.17770201,0.62308025,0.19921774
1865766131,0.2343322,0.52392083,0.24174699
1865782479,0.4976295,0.2844869,0.21788357
1865878272,0.43932015,0.32423607,0.23644386
1865979390,0.5922287,0.22122133,0.18654998
1866004150,0.1908609,0.5945312,0.2146079
1866112716,0.48583275,0.28062266,0.2335445
1866191341,0.23568663,0.51111454,0.25319886
1866319154,0.36485246,0.34261724,0.29253033
1866426404,0.407248,0.33924696,0.25350502
1866430773,0.42609295,0.3098349,0.26407212
1866609926,0.58498967,0.18978016,0.22523017
1866613370,0.3753419,0.33291647,0.29174164
1866831838,0.17513092,0.1104183,0.7144508
1866833391,0.23893988,0.47850692,0.2825532
1866899387,0.2903164,0.3941472,0.31553644
1866987081,0.3813706,0.34588456,0.27274475
1866987131,0.24608803,0.31540048,0.43851152
1867025316,0.3094897,0.295033,0.3954773
1867041610,0.37543464,0.3261589,0.29840642
1867189402,0.34310332,0.26244056,0.39445612
1867262281,0.123468265,0.10939528,0.76713645
1867285526,0.10678535,0.7734124,0.11980225
1867292191,0.16852137,0.5391124,0.29236624
1867310064,0.538513,0.24211672,0.21937028
1867444698,0.48403114,0.2733588,0.24261016
1867473365,0.135292,0.7143525,0.15035547
1867563464,0.24462643,0.31309828,0.4422753
1867732683,0.3169655,0.2478104,0.4352241
1867803008,0.3605321,0.34810752,0.29136032
1868000890,0.3282346,0.3614654,0.31029996
1868011795,0.097502865,0.79725635,0.10524076
1868023576,0.7207888,0.11649341,0.16271783
1868040201,0.4847974,0.2797441,0.23545857
1868058930,0.31280884,0.30817795,0.37901318
1868082530,0.26527894,0.2705878,0.4641333
1868092172,0.40447244,0.2791289,0.31639862
1868146236,0.24489649,0.41095546,0.344148
1868205692,0.33633,0.32460067,0.33906928
1868237076,0.33877158,0.36608103,0.29514733
1868239586,0.07835228,0.818073,0.10357469
1868266979,0.120142296,0.7308321,0.1490256
1868284224,0.33061033,0.34839773,0.32099187
1868299774,0.23446698,0.4616543,0.30387864
1868322237,0.4861187,0.24614464,0.26773673
1868416802,0.4274199,0.3127285,0.2598516
1868426442,0.45971417,0.28118607,0.25909975
1868614913,0.22834769,0.47500408,0.29664826
1868763075,0.37358794,0.31333557,0.31307647
1868849650,0.40810493,0.33341116,0.25848398
1868916529,0.1680071,0.18065722,0.65133566
1868934535,0.2936224,0.25232574,0.45405185
1869054181,0.3223452,0.34039935,0.33725554
1869067716,0.7012364,0.13303468,0.16572896
1869093004,0.4502275,0.29504198,0.25473055
1869095831,0.13131055,0.11588386,0.75280565
1869248107,0.11470224,0.12787557,0.7574222
1869277228,0.32952577,0.30200607,0.36846817
1869326017,0.28157762,0.32957062,0.3888518
1869417563,0.34120584,0.27695066,0.38184348
1869533716,0.21365644,0.18844692,0.59789664
1869540883,0.33634824,0.36955673,0.294095
1869600806,0.15172996,0.14352454,0.70474553
1869847477,0.2775255,0.3953113,0.32716316
1869937161,0.26131272,0.491057,0.24763027
1870005528,0.28777102,0.257111,0.45511797
1870214022,0.33794454,0.32374537,0.3383101
1870482438,0.37698954,0.26023245,0.362778
1870542664,0.3409109,0.3449299,0.3141592
1870809189,0.29798147,0.330588,0.3714305
1870815008,0.20673582,0.49904373,0.29422048
1870942314,0.33383602,0.26762682,0.39853713
1870960983,0.4712472,0.2665542,0.26219857
1871227340,0.27412376,0.36175042,0.36412585
1871240555,0.40621898,0.26077032,0.33301073
1871329492,0.18658091,0.49020916,0.32321
1871404810,0.20928137,0.5465486,0.24416998
1871503902,0.1297175,0.6585046,0.21177787
1871527577,0.2101514,0.2566059,0.5332427
1871616158,0.47253373,0.22045712,0.30700907
1871750913,0.50425917,0.27827102,0.21746981
1871774147,0.23642378,0.44264913,0.3209271
1871788436,0.3375014,0.39822713,0.2642715
1871988319,0.17251836,0.5222863,0.3051953
1872011943,0.16345073,0.63692963,0.19961967
1872039285,0.42743573,0.29421708,0.27834722
1872060993,0.56647646,0.19130488,0.2422186
1872067872,0.48842457,0.28765544,0.22392005
1872385595,0.35980326,0.33838126,0.30181545
1872391170,0.33042678,0.33264446,0.33692876
1872438016,0.75622827,0.09822566,0.14554611
1872609489,0.24442865,0.29052147,0.4650499
1872763242,0.2578536,0.3700606,0.37208578
1872821386,0.589272,0.18709287,0.22363506
1872883493,0.23205706,0.2465298,0.52141315
1873023874,0.36501402,0.28382832,0.35115772
1873135561,0.6839262,0.15038487,0.16568889
1873161038,0.20467211,0.59484416,0.20048378
1873171725,0.34144452,0.39528862,0.2632668
1873226313,0.27631027,0.34289488,0.38079485
1873290029,0.28058133,0.33013967,0.38927904
1873420040,0.5700216,0.19539052,0.23458783
1873432245,0.5790862,0.19311807,0.22779569
1873588420,0.40036926,0.28056177,0.319069
1873634085,0.4618503,0.20258972,0.33556005
1873640878,0.3012448,0.44064704,0.25810817
1873716888,0.16053492,0.18212809,0.657337
1873738179,0.47888607,0.25438127,0.26673263
1873808840,0.13171221,0.69382674,0.17446105
1873828465,0.08721193,0.7823536,0.13043441
1873878842,0.20939478,0.16855122,0.62205404
1873973868,0.18373296,0.1711026,0.6451645
1874266091,0.21434909,0.2855962,0.5000547
1874283844,0.16920511,0.6554663,0.17532866
1874385839,0.501563,0.2729879,0.2254491
1874403202,0.31296593,0.37161216,0.3154219
1874612150,0.5225153,0.2092309,0.26825377
1874630422,0.21554056,0.23390965,0.55054975
1874669339,0.26891902,0.38589427,0.3451868
1874675406,0.2427761,0.4452173,0.31200668
1874919949,0.40680978,0.2766922,0.316498
1875137214,0.17163841,0.62434924,0.20401232
1875137677,0.18420316,0.5877914,0.22800545
1875170042,0.34934828,0.40064698,0.25000474
1875201708,0.2803387,0.46059567,0.2590656
1875262547,0.6113661,0.1721593,0.2164746
1875295461,0.13966754,0.7192529,0.14107962
1875313777,0.4051389,0.30331373,0.2915473
1875538745,0.608473,0.19652204,0.19500493
1875715082,0.24289036,0.35584116,0.40126848
1875767721,0.17155686,0.3595137,0.4689294
1875952631,0.26850203,0.335431,0.39606705
1876061811,0.4465208,0.30214703,0.25133207
1876070452,0.29754168,0.3112488,0.3912095
1876082767,0.3032936,0.31867164,0.37803477
1876098326,0.42270288,0.23851262,0.3387845
1876115683,0.32213718,0.3092922,0.3685706
1876206857,0.2803434,0.5182343,0.20142226
1876260647,0.19349091,0.43893242,0.36757663
1876364697,0.31612167,0.30649173,0.37738666
1876581285,0.2351695,0.52315396,0.24167661
1876840178,0.28722066,0.3033679,0.4094114
1877032626,0.3029088,0.3122609,0.38483027
1877055186,0.29507715,0.38689965,0.31802332
1877073658,0.2995678,0.23562555,0.46480668
1877127245,0.16715749,0.64547384,0.18736866
1877207884,0.5146898,0.2655551,0.21975508
1877277793,0.1881924,0.2136292,0.5981783
1877384764,0.23057652,0.37870035,0.3907232
1877430933,0.30306244,0.2981162,0.39882135
1877587731,0.2885116,0.3960182,0.3154702
1877632938,0.12500726,0.72957087,0.1454219
1877664204,0.45010352,0.2810002,0.26889634
1877687595,0.5385626,0.21605927,0.2453781
1877711278,0.18777345,0.26456365,0.54766285
1877732212,0.51241636,0.24697232,0.24061134
1877790521,0.3456858,0.3469671,0.3073471
1877929927,0.60641104,0.20466715,0.1889218
1877970971,0.07399249,0.07532631,0.8506812
1877980551,0.5292639,0.24445014,0.22628589
1878082486,0.5022633,0.26333982,0.23439692
1878166759,0.16196996,0.15875958,0.6792705
1878561126,0.18270236,0.19196305,0.62533456
1878590925,0.17623104,0.44254637,0.38122258
1878716260,0.36541262,0.36116403,0.27342337
1878737018,0.40471986,0.3040869,0.2911933
1878779390,0.43308997,0.31194186,0.2549681
1878814595,0.6335125,0.17902316,0.18746434
1878880851,0.44827425,0.20514329,0.34658247
1879012866,0.2891124,0.34583822,0.3650494
1879083434,0.3622942,0.27971548,0.35799026
1879160384,0.6472588,0.14233482,0.2104064
1879347955,0.31866762,0.3723964,0.30893594
1879460775,0.42647782,0.2965151,0.2770071
1879499932,0.23322815,0.20511591,0.56165606
1879556446,0.44249272,0.23986898,0.31763828
1879597973,0.30064544,0.3304035,0.36895102
1879721367,0.33458692,0.31750658,0.34790653
1879729085,0.32874182,0.3541064,0.3171518
1879822262,0.33306554,0.3937407,0.27319366
1879828080,0.2652229,0.3791865,0.35559064
1879945342,0.43548733,0.29408392,0.27042872
1880071104,0.26147994,0.2849434,0.45357665
1880246459,0.3599578,0.38375205,0.25629008
1880340213,0.34429666,0.32542065,0.3302827
1880569336,0.23523526,0.50055045,0.26421428
1880712623,0.45388982,0.27198762,0.2741227
1880838364,0.24185412,0.27358446,0.4845614
1880857695,0.2231676,0.35764575,0.4191866
1880976374,0.24984218,0.46722457,0.28293324
1881185253,0.23799913,0.40461993,0.357381
1881200007,0.32884666,0.35717356,0.3139798
1881249808,0.24235426,0.263247,0.49439868
1881464382,0.09972118,0.10400147,0.79627734
1881481673,0.4605616,0.26964602,0.26979232
1881540325,0.08369024,0.084137596,0.83217216
1881565460,0.37195024,0.31387362,0.3141761
1881603775,0.25995177,0.40073743,0.3393108
1881628556,0.36269367,0.27443886,0.36286741
1881744686,0.34293097,0.40212494,0.2549441
1881744788,0.24877001,0.30460712,0.44662285
1881792593,0.27880657,0.44331634,0.27787712
1881894553,0.40409622,0.19192556,0.40397823
1882177605,0.25137556,0.31725678,0.4313677
1882226464,0.625882,0.19030878,0.18380912
1882262712,0.62697685,0.19320485,0.17981824
1882358487,0.5256501,0.25369495,0.22065504
1882508709,0.30079573,0.3767956,0.3224087
1882696069,0.54544765,0.2451476,0.20940474
1882807003,0.57315534,0.20059618,0.22624844
1882966420,0.30611166,0.24543338,0.44845495
1882999466,0.25744367,0.41630313,0.32625318
1883072453,0.7978265,0.08490525,0.1172683
1883162937,0.38295063,0.3445289,0.27252048
1883265356,0.31316862,0.30366114,0.38317028
1883269752,0.41604307,0.36118397,0.22277291
1883353733,0.2724424,0.43876576,0.28879192
1883371154,0.1398417,0.12599602,0.7341622
1883477292,0.23191841,0.4522067,0.31587487
1883580056,0.27235788,0.45332742,0.27431467
1883650683,0.30688313,0.41515073,0.2779661
1883733659,0.31425476,0.35567567,0.33006954
1883790313,0.13708399,0.12589899,0.737017
1883803766,0.60253114,0.18710181,0.21036701
1883873185,0.52428883,0.23459671,0.24111438
1883945079,0.2156283,0.24590854,0.5384632
1883995143,0.330388,0.374052,0.29556006
1884123745,0.4276245,0.2721382,0.3002373
1884208805,0.3288618,0.32808706,0.3430511
1884228105,0.29103005,0.45378196,0.25518802
1884237748,0.2849967,0.23578295,0.47922033
1884261713,0.43137908,0.30325526,0.26536572
1884555756,0.36577356,0.37282792,0.2613986
1884747909,0.43350792,0.3213494,0.24514264
1885000608,0.27104563,0.31875026,0.41020408
1885142871,0.12316406,0.7472524,0.1295835
1885287315,0.6192623,0.15675396,0.22398373
1885324199,0.4367593,0.3367063,0.2265344
1885463947,0.26486856,0.45517492,0.27995646
1885497351,0.19995874,0.1928645,0.6071767
1885617945,0.44171375,0.2820888,0.2761974
1885619857,0.36204252,0.3707315,0.26722595
1885660248,0.10448405,0.1332558,0.76226014
1885740547,0.302317,0.4203754,0.27730766
1885756929,0.33503363,0.37950438,0.285462
1885766626,0.11008582,0.76231843,0.12759572
1885848790,0.3962415,0.30859232,0.2951662
1885878178,0.23764391,0.500778,0.26157805
1886010380,0.3129258,0.2145504,0.47252378
1886027967,0.368592,0.36250493,0.26890314
1886045715,0.13959846,0.6933238,0.1670777
1886109441,0.52997816,0.24218868,0.22783321
1886158354,0.18822509,0.20161138,0.61016345
1886605007,0.33210453,0.38218376,0.28571165
1886747746,0.5507892,0.23734686,0.21186401
1886793999,0.32038656,0.27827138,0.40134212
1886833793,0.37779891,0.36625236,0.25594866
1886864981,0.5051414,0.25265884,0.2421997
1886909701,0.288333,0.33535117,0.37631577
1886910472,0.48183054,0.24362054,0.27454895
1886971720,0.6851915,0.1341476,0.18066084
1887077660,0.38851652,0.3578295,0.2536539
1887262924,0.17304246,0.59203386,0.2349238
1887413204,0.2287081,0.37807965,0.39321226
1887499173,0.25072554,0.4671124,0.28216216
1887781261,0.39877552,0.27129596,0.3299285
1887800433,0.5995957,0.20831947,0.19208479
1887809448,0.40349913,0.3257952,0.27070567
1888050485,0.4830409,0.16018829,0.35677078
1888127475,0.5999709,0.18461058,0.21541856
1888166782,0.3803475,0.34891614,0.27073634
1888184779,0.25927645,0.41268432,0.32803917
1888213653,0.42999732,0.31889358,0.2511091
1888290995,0.42652652,0.2704934,0.30298012
1888371375,0.6526317,0.16757676,0.17979148
1888375478,0.32140234,0.4147294,0.26386827
1888388975,0.5040738,0.25363088,0.24229525
1888438074,0.30363995,0.43632504,0.26003504
1888526932,0.53448534,0.19257696,0.27293766
1888549358,0.41477594,0.3014929,0.28373104
1888644453,0.5963739,0.20795697,0.19566914
1888705566,0.26608622,0.3033321,0.43058175
1888753290,0.26322863,0.28893644,0.44783497
1888796790,0.2755187,0.22984116,0.4946402
1888946920,0.20056085,0.20891626,0.5905229
1888991921,0.3003146,0.2961748,0.4035106
1889039208,0.32089326,0.37371573,0.30539095
1889050276,0.37078628,0.34484887,0.28436488
1889065705,0.34940574,0.2608008,0.38979355
1889107551,0.341455,0.42204118,0.23650378
1889118346,0.72329277,0.12175329,0.1549539
1889132607,0.22039448,0.23294663,0.5466589
1889197508,0.32229057,0.3645873,0.31312206
1889326009,0.22604561,0.18273257,0.5912218
1889370344,0.37770993,0.35484824,0.26744187
1889475583,0.29557893,0.3432809,0.3611401
1889504802,0.24417348,0.30362946,0.45219705
1889524102,0.38818923,0.30020303,0.31160775
1889605686,0.23808347,0.23666602,0.5252505
1889659827,0.3466952,0.3163939,0.33691093
1889673886,0.4993819,0.26943296,0.23118517
1889699298,0.3921246,0.26820147,0.33967394
1889712219,0.38335824,0.3367246,0.27991712
1889727819,0.28523532,0.19933979,0.5154249
1889730829,0.73981476,0.111214265,0.14897092
1889794525,0.23748048,0.284083,0.47843644
1889794537,0.46998605,0.26186046,0.2681534
1889820953,0.5055979,0.27949837,0.21490377
1889867274,0.2732132,0.36275238,0.36403435
1889892191,0.31099632,0.35161534,0.33738834
1890127572,0.7778135,0.08950004,0.1326865
1890195839,0.12156823,0.7437519,0.13467987
1890337223,0.30269995,0.40976062,0.28753936
1890400956,0.23876776,0.4688792,0.292353
1890447165,0.27497867,0.4762783,0.24874301
1890465344,0.3577691,0.316864,0.32536682
1890535693,0.4470603,0.16644324,0.38649642
1890566684,0.24831156,0.24106938,0.5106191
1890592375,0.35303694,0.38167536,0.2652876
1890619816,0.5318497,0.22520195,0.24294832
1890622851,0.3806852,0.34303817,0.27627662
1890757379,0.41223475,0.2836324,0.3041328
1890788019,0.38421106,0.36520967,0.25057924
1890820631,0.12479952,0.11386572,0.7613348
1890903681,0.17026508,0.6104945,0.21924049
1890921731,0.14899743,0.14137737,0.70962524
1891019146,0.32966384,0.2460271,0.42430907
1891035279,0.104674436,0.09136732,0.80395824
1891093934,0.25356212,0.428812,0.31762588
1891331196,0.39104244,0.3151916,0.293766
1891403005,0.06780161,0.06638215,0.8658162
1891413241,0.553543,0.22759832,0.21885881
1891434293,0.27415052,0.30770475,0.41814476
1891461456,0.68531936,0.1509726,0.16370809
1891639406,0.287668,0.32235846,0.38997352
1891657509,0.29028636,0.3480168,0.36169678
1891702442,0.36551085,0.3462295,0.28825963
1891769378,0.4528156,0.2654021,0.2817824
1891786725,0.3226535,0.35460773,0.32273886
1891807875,0.2798991,0.25325143,0.4668495
1891810764,0.24343799,0.42938888,0.3271732
1891836768,0.083465315,0.8110924,0.105442226
1891965792,0.33868745,0.24001324,0.42129937
1892111903,0.3047844,0.41966045,0.2755552
1892139156,0.06846485,0.83326006,0.098275095
1892228386,0.2500352,0.5214495,0.22851531
1892321714,0.53358775,0.2272589,0.23915336
1892449409,0.2697068,0.30237532,0.42791784
1892514381,0.33099094,0.38583985,0.28316927
1892537995,0.684967,0.14706588,0.16796711
1892739887,0.36673877,0.30018353,0.33307767
1892747367,0.2975402,0.4854841,0.2169757
1892761574,0.3558401,0.30051658,0.34364328
1892767565,0.2881727,0.41559044,0.29623693
1892849984,0.34318933,0.32937896,0.3274318
1893071505,0.17342012,0.4491974,0.37738252
1893072333,0.3503439,0.31817365,0.33148244
1893124081,0.24099205,0.4550709,0.30393696
1893152967,0.6524935,0.15709604,0.19041054
1893160339,0.27370092,0.3521635,0.37413564
1893177444,0.34992218,0.34457093,0.3055069
1893541731,0.25694975,0.45935386,0.28369635
1893589266,0.36812365,0.34655222,0.28532413
1893704725,0.47254482,0.25729874,0.2701564
1893745272,0.35364893,0.3347981,0.3115529
1893752978,0.36704051,0.29764163,0.33531788
1893821640,0.29409465,0.27605423,0.42985106
1893883182,0.2585475,0.4498995,0.29155302
1893906195,0.16569328,0.15356372,0.680743
1894022325,0.2672888,0.4464033,0.28630787
1894039057,0.1303398,0.13658874,0.73307145
1894044141,0.29665652,0.29041657,0.41292697
1894061286,0.19735862,0.2292903,0.573351
1894249317,0.34336022,0.40322363,0.25341618
1894258479,0.18194509,0.5975148,0.22054023
1894437230,0.45125118,0.21950114,0.32924765
1894547992,0.36040977,0.3485238,0.29106644
1894587819,0.10776968,0.08975514,0.80247515
1894760618,0.224524,0.27142972,0.5040463
1894800271,0.32435206,0.3788755,0.29677254
1894858590,0.32628027,0.41552335,0.25819638
1894911753,0.25215054,0.27844316,0.4694063
1894924788,0.5088031,0.2722478,0.21894908
1895002528,0.30649304,0.3506252,0.3428818
1895398000,0.33583796,0.37563267,0.28852937
1895408144,0.39837593,0.30607963,0.29554445
1895443405,0.17739293,0.15672903,0.66587806
1895479235,0.20119427,0.4094599,0.38934582
1895562045,0.71215004,0.12987228,0.15797773
1895677998,0.24093068,0.4713382,0.2877311
1895712543,0.11860743,0.12053827,0.76085436
1895716042,0.36639273,0.37746572,0.25614154
1895734265,0.29407758,0.3210185,0.3849039
1895744126,0.18710166,0.5852699,0.2276284
1895932541,0.49343,0.25501102,0.25155893
1896050177,0.3241325,0.2534253,0.4224422
1896058806,0.29814148,0.4067502,0.2951083
1896180712,0.09672442,0.085609876,0.81766576
1896202026,0.24168016,0.19473016,0.56358963
1896351606,0.5906404,0.19450203,0.21485753
1896505676,0.2773401,0.43577588,0.28688404
1896514219,0.48933357,0.2633803,0.24728617
1896650442,0.24552302,0.39583367,0.35864332
1896659610,0.2138243,0.49982375,0.28635195
1896773159,0.18767701,0.5101301,0.3021928
1896801746,0.26764274,0.49764088,0.23471631
1896832005,0.3253163,0.3858665,0.2888172
1896983048,0.40582004,0.31505057,0.27912936
1897082135,0.37775424,0.31571385,0.30653194
1897195681,0.30062097,0.3828278,0.31655124
1897285531,0.3475018,0.38045216,0.27204597
1897309126,0.32225785,0.22965387,0.4480883
1897365126,0.26867488,0.37847653,0.35284862
1897498764,0.08897199,0.80123067,0.10979728
1897501527,0.42358604,0.3228362,0.25357774
1897547254,0.6590039,0.16179705,0.17919898
1897630123,0.503878,0.25543463,0.24068746
1897630259,0.31416136,0.32433727,0.36150137
1897648851,0.23692808,0.42515287,0.337919
1897674071,0.5969888,0.20351848,0.19949268
1897700982,0.39497483,0.31184036,0.29318488
1897718228,0.26073214,0.4493126,0.28995523
1897751896,0.23773247,0.53415185,0.22811571
1897851703,0.25803635,0.46720523,0.27475843
1898007564,0.5656614,0.19342764,0.24091098
1898102623,0.20788161,0.21316643,0.578952
1898164346,0.58574307,0.18541558,0.22884133
1898339929,0.41086856,0.3178448,0.27128658
1898371447,0.53456086,0.26466465,0.2007745
1898392019,0.16490537,0.631892,0.20320258
1898559280,0.20890433,0.540885,0.25021073
1898724069,0.15143442,0.6657208,0.18284479
1898769163,0.36000922,0.289655,0.35033578
1898796270,0.4028278,0.34358972,0.25358242
1898821889,0.18396291,0.6252076,0.19082955
1898853504,0.7058985,0.12342962,0.17067182
1899016485,0.32958728,0.37641147,0.29400116
1899073583,0.6066923,0.19621952,0.19708817
1899128543,0.19930644,0.5889357,0.21175788
1899229732,0.2019448,0.17442146,0.6236337
1899355547,0.36813104,0.30925727,0.3226117
1899424313,0.5533796,0.2047325,0.24188791
1899432331,0.2583382,0.36516446,0.37649733
1899471176,0.58996814,0.16884778,0.24118403
1899534694,0.21914107,0.25690168,0.5239573
1899609546,0.062394656,0.85220045,0.085404836
1899618251,0.60974634,0.1863882,0.20386551
1899757089,0.11378518,0.752171,0.13404389
1899812326,0.29317716,0.3674809,0.33934188
1899823463,0.40586922,0.18061279,0.413518
1899886438,0.75330216,0.10786392,0.13883395
1899922296,0.7926983,0.08175201,0.12554972
1900115977,0.29605973,0.271801,0.43213922
1900152143,0.3804236,0.3341856,0.28539085
1900391484,0.2604189,0.44541565,0.2941655
1900423745,0.6259903,0.17757054,0.19643928
1900455439,0.100714274,0.7833628,0.11592294
1900666695,0.26172605,0.4697054,0.26856855
1900781055,0.20219047,0.5374146,0.26039487
1900823525,0.37882096,0.32570276,0.29547635
1900998039,0.32029146,0.37439272,0.30531585
1901023205,0.21286629,0.5283611,0.25877264
1901049268,0.2941023,0.23371375,0.47218403
1901072805,0.29216483,0.27340636,0.43442884
1901082050,0.13415477,0.72334063,0.14250463
1901162611,0.26712486,0.31012568,0.4227494
1901252551,0.21048464,0.22240269,0.5671126
1901377630,0.20271005,0.5542945,0.24299546
1901453310,0.16809504,0.6600805,0.17182444
1901549820,0.4381403,0.25044417,0.31141552
1901601226,0.32302696,0.36758238,0.3093906
1901728218,0.226482,0.18983473,0.5836833
1901768554,0.34347662,0.35688677,0.29963654
1901782362,0.14895543,0.67512214,0.17592238
1901877257,0.20841834,0.287917,0.5036647
1901890710,0.5400949,0.2530604,0.2068447
1901923033,0.25719744,0.2867998,0.45600274
1901966415,0.13831961,0.70049834,0.16118202
1901996237,0.30625096,0.20269728,0.49105176
1902098227,0.3149312,0.39618823,0.28888062
1902104199,0.3501268,0.34010735,0.30976593
1902254814,0.3829843,0.33634135,0.28067434
1902280069,0.17127937,0.643909,0.18481167
1902289228,0.2961808,0.4543643,0.24945492
1902459969,0.13834815,0.6793576,0.1822943
1902481506,0.4367333,0.2910967,0.27217004
1902585849,0.23288621,0.4918591,0.27525467
1902662537,0.22608031,0.18698262,0.58693707
1902712371,0.5717112,0.22983389,0.19845496
1902771126,0.11809027,0.14620917,0.73570055
1902839496,0.34178403,0.37281054,0.2854054
1902892307,0.20687002,0.6060203,0.18710972
1903007965,0.31185636,0.36404875,0.32409483
1903057605,0.3327211,0.2545472,0.41273168
1903201862,0.61057115,0.1712408,0.21818814
1903305026,0.10883289,0.7572935,0.13387357
1903324989,0.53968674,0.15785241,0.30246094
1903376317,0.2541499,0.21258242,0.5332676
1903450741,0.48117757,0.27096123,0.24786122
1903459778,0.7715683,0.08344355,0.14498815
1903586845,0.6187961,0.19489,0.18631384
1903607181,0.5118718,0.24255525,0.24557295
1903638916,0.37488714,0.3267455,0.2983673
1903681851,0.515546,0.2631546,0.22129944
1903729255,0.3023015,0.38787442,0.3098241
1903772790,0.083953485,0.8113835,0.10466304
1903781583,0.5145973,0.26057616,0.22482653
1903843250,0.2909238,0.4006989,0.30837733
1904031889,0.471539,0.287502,0.24095897
1904052721,0.19433038,0.54725766,0.2584121
1904079396,0.10927812,0.088618614,0.8021032
1904135405,0.47094637,0.29401827,0.23503526
1904395485,0.23316197,0.52323097,0.24360712
1904467349,0.3470316,0.3662756,0.28669277
1904495098,0.23815979,0.27462536,0.48721483
1904519159,0.34090826,0.35802588,0.30106577
1904720328,0.3809694,0.31270415,0.30632648
1904743564,0.45035735,0.30114117,0.2485015
1904832657,0.21499528,0.3658342,0.41917053
1904867633,0.82348996,0.07186792,0.10464213
1905015118,0.4053585,0.20134565,0.3932958
1905195866,0.28105018,0.31278342,0.40616646
1905293097,0.33071464,0.35229066,0.3169947
1905298990,0.2373805,0.5186253,0.24399427
1905385879,0.66541326,0.15732469,0.17726211
1905415201,0.32299152,0.296124,0.38088447
1905421999,0.6727195,0.12075881,0.20652172
1905426680,0.20394912,0.2636685,0.53238237
1905459660,0.07883276,0.8127995,0.10836774
1905507108,0.18525083,0.17290945,0.6418397
1905556402,0.26209548,0.27014157,0.46776295
1905572629,0.4925166,0.26273748,0.24474584
1905624227,0.4828266,0.24751003,0.26966342
1905699048,0.42911884,0.31095096,0.2599302
1905793467,0.39660448,0.30819744,0.29519814
1905826432,0.29063958,0.39272863,0.3166318
1905876560,0.78638226,0.09081796,0.12279973
1905888865,0.16522203,0.1651624,0.66961557
1905923101,0.5956702,0.19258036,0.21174946
1905944624,0.29961008,0.36051914,0.33987078
1905968293,0.24765016,0.3003918,0.45195806
1905998021,0.34137335,0.40709078,0.2515359
1906118285,0.7237346,0.12010868,0.15615681
1906120372,0.42097732,0.34752798,0.23149462
1906165378,0.39795557,0.32066056,0.28138393
1906324450,0.3325151,0.40460283,0.26288205
1906343285,0.4130846,0.29516435,0.2917511
1906439953,0.26482075,0.40550873,0.32967055
1906724678,0.46677646,0.21325551,0.31996804
1906725677,0.33667433,0.34875876,0.3145669
1906768438,0.31840974,0.32746184,0.35412848
1906780683,0.32144058,0.29485032,0.3837091
1906836378,0.18595895,0.20078902,0.61325204
1906887234,0.21121587,0.2110644,0.5777197
1906914731,0.417881,0.32063407,0.26148492
1906949958,0.36446965,0.29938704,0.33614329
1907039264,0.251555,0.4818343,0.26661077
1907292578,0.26642656,0.2642213,0.46935204
1907411910,0.7512279,0.10102515,0.147747
1907564520,0.3435841,0.35019392,0.30622202
1907599473,0.30585134,0.3124572,0.38169146
1907622449,0.18538438,0.18591195,0.6287037
1907668120,0.26025718,0.2001214,0.5396214
1907735717,0.25153872,0.44792947,0.30053177
1907951282,0.43290713,0.3028239,0.26426893
1908039822,0.7130262,0.13330609,0.15366772
1908268081,0.25014997,0.30542,0.44443014
1908333786,0.2790136,0.39113122,0.3298551
1908362872,0.34081697,0.3224927,0.3366903
1908571335,0.23033187,0.23634294,0.53332514
1908894608,0.45724097,0.27471665,0.26804236
1908902888,0.13545202,0.7078093,0.15673868
1908916537,0.4269613,0.3222817,0.25075695
1908935400,0.26892176,0.3436614,0.38741687
1909008472,0.38931042,0.3009483,0.3097413
1909081698,0.24809192,0.39626387,0.35564414
1909134836,0.35222152,0.35971388,0.2880647
1909150615,0.1985057,0.18049976,0.62099457
1909190325,0.3368397,0.30777803,0.35538223
1909283543,0.09375305,0.7912236,0.11502334
1909297628,0.36375827,0.2998759,0.33636588
1909338815,0.56905687,0.18258287,0.24836032
1909410681,0.23898175,0.46294,0.2980783
1909479936,0.3498259,0.31309202,0.3370821
1909530828,0.2981621,0.3801113,0.32172662
1909535068,0.18357623,0.1584232,0.6580006
1909858426,0.61959237,0.1882759,0.19213174
1909872555,0.21255636,0.20453635,0.5829073
1909878163,0.51671416,0.24314922,0.24013656
1909882241,0.3297463,0.34897885,0.32127482
1910173790,0.2750076,0.4388318,0.2861606
1910263530,0.21543097,0.5971785,0.18739048
1910315221,0.16926591,0.14102153,0.6897125
1910389575,0.32641345,0.27342695,0.4001595
1910662084,0.10100755,0.7748137,0.124178775
1910666481,0.46004626,0.18611555,0.35383812
1910714170,0.2719238,0.42164305,0.30643308
1911079888,0.3776724,0.28571835,0.3366092
1911114917,0.20852064,0.22341526,0.5680641
1911187346,0.46099722,0.26745632,0.2715465
1911207155,0.43058443,0.32122567,0.24818985
1911335120,0.34759802,0.32144874,0.33095324
1911369274,0.18591085,0.5768611,0.23722807
1911387922,0.09898865,0.7829224,0.118089
1911556636,0.3212552,0.31192014,0.36682463
1911766426,0.20084289,0.17766085,0.6214963
1911776231,0.5029791,0.26395583,0.23306508
1911788689,0.29094422,0.37813064,0.33092523
1911823527,0.39170694,0.26581272,0.34248036
1911865547,0.23201834,0.4836647,0.284317
1911933902,0.27515638,0.37447405,0.3503696
1912007933,0.12505652,0.7270946,0.14784896
1912011487,0.4413357,0.33260256,0.2260618
1912031580,0.44906774,0.31423292,0.23669934
1912169582,0.3392403,0.35220912,0.30855063
1912221484,0.19529274,0.2289304,0.57577693
1912257047,0.50591224,0.20261984,0.2914679
1912275586,0.3422834,0.35182768,0.3058889
1912361393,0.3498359,0.4240489,0.22611521
1912534125,0.10736646,0.099403515,0.79323006
1912669565,0.47333497,0.26490536,0.2617597
1912773333,0.24916907,0.35708636,0.39374456
1912846077,0.3103751,0.41172528,0.27789965
1912948836,0.29533702,0.34336126,0.36130175
1913020537,0.31690344,0.30475926,0.3783373
1913216503,0.3592602,0.29732502,0.34341472
1913284394,0.39143363,0.21787599,0.3906904
1913369636,0.4004974,0.3080483,0.29145432
1913458756,0.21461482,0.29141596,0.4939693
1913628364,0.5331653,0.26167154,0.20516315
1913782662,0.09836425,0.78186107,0.119774684
1913813260,0.46076062,0.27404058,0.26519886
1913891504,0.38560405,0.30131158,0.3130844
1913931511,0.2357787,0.5033631,0.26085815
1914012687,0.12699965,0.72619426,0.1468061
1914026266,0.74033916,0.10172431,0.15793656
1914176755,0.163832,0.66621286,0.16995513
1914182727,0.20626833,0.5376362,0.2560954
1914250685,0.6881414,0.14143814,0.1704205
1914257230,0.107405216,0.77161485,0.1209799
1914285674,0.30793694,0.3650922,0.32697085
1914445559,0.596176,0.2076891,0.19613488
1914477060,0.41366014,0.3191467,0.2671932
1914504972,0.30886328,0.3434083,0.34772846
1914550130,0.34399605,0.30087632,0.35512772
1914614315,0.12588757,0.7214273,0.15268512
1914628669,0.33974925,0.3181915,0.34205925
1914689048,0.29678947,0.3272677,0.37594292
1914746569,0.17842035,0.65086555,0.17071411
1914838041,0.22544459,0.4640708,0.3104846
1914923709,0.3057812,0.22651057,0.46770817
1914960261,0.45655257,0.26911008,0.27433735
1915224966,0.12652168,0.11669544,0.7567828
1915265286,0.10325556,0.110755414,0.78598905
1915329322,0.23940265,0.5134204,0.24717698
1915356423,0.35292417,0.33371514,0.31336063
1915398297,0.39876413,0.34636974,0.25486612
1915544755,0.5388625,0.24654119,0.21459629
1915565273,0.5110162,0.25561163,0.23337209
1915592401,0.34294435,0.29146302,0.36559272
1915613064,0.15168488,0.1539506,0.6943645
1915721421,0.1761291,0.6254381,0.19843274
1915874676,0.71082604,0.1226765,0.1664975
1915910537,0.47479844,0.2731607,0.2520409
1915923986,0.3230702,0.35532758,0.32160226
1916062582,0.3816592,0.2112122,0.4071287
1916068402,0.3806158,0.3360291,0.28335506
1916164838,0.559675,0.22238716,0.21793789
1916198598,0.44699413,0.3598466,0.19315934
1916201412,0.48853937,0.26977518,0.24168546
1916220207,0.26767057,0.36183777,0.3704917
1916501863,0.27124345,0.37239888,0.3563576
1916503891,0.22187369,0.25820062,0.5199257
1916529111,0.15503863,0.6726553,0.17230614
1916630861,0.28386816,0.3746736,0.3414582
1916668244,0.32326612,0.3260461,0.3506878
1916725900,0.14825985,0.12294264,0.7287975
1916866473,0.36974883,0.3278532,0.30239797
1916996256,0.42034,0.34430283,0.23535708
1917174147,0.32815355,0.36230767,0.30953875
1917355966,0.57066476,0.22519213,0.20414312
1917464300,0.3312958,0.36532396,0.30338025
1917469090,0.28291684,0.37059417,0.34648907
1917469153,0.53084904,0.28562987,0.18352108
1917597744,0.3377078,0.3773055,0.2849867
1917615627,0.18070498,0.17703332,0.6422617
1917616706,0.25043902,0.44642758,0.3031334
1917620047,0.4366116,0.2749978,0.28839067
1917688994,0.15431966,0.13046367,0.71521664
1917885013,0.38296562,0.29410434,0.32293004
1917951871,0.17233777,0.6164046,0.2112577
1918040944,0.10888889,0.09888893,0.7922222
1918079053,0.34637845,0.36244604,0.29117548
1918144220,0.3953938,0.3577669,0.24683934
1918159592,0.3198322,0.31172577,0.36844197
1918238531,0.31631634,0.34693632,0.33674735
1918438745,0.17642012,0.6274953,0.19608451
1918445911,0.32838985,0.33559012,0.33602008
1918511171,0.5151473,0.17233041,0.3125223
1918636967,0.1945751,0.56436354,0.24106145
1918735371,0.5075261,0.2696855,0.22278836
1918739047,0.3264667,0.30097443,0.3725588
1918964891,0.4145303,0.34242514,0.24304448
1918996088,0.26826704,0.33871824,0.39301473
1919020478,0.79454386,0.08530253,0.120153666
1919231895,0.09186597,0.775206,0.13292801
1919268140,0.38935828,0.29772362,0.31291813
1919278047,0.28443807,0.17155656,0.54400533
1919452043,0.34619212,0.27176937,0.3820385
1919556895,0.282234,0.42757624,0.2901897
1919606171,0.6187376,0.1905826,0.1906799
1919644742,0.4609202,0.22573447,0.31334534
1919687565,0.30746117,0.33333188,0.35920694
1919860036,0.32935214,0.32128704,0.34936088
1919884998,0.51274097,0.29190838,0.19535072
1919927286,0.19567053,0.59383196,0.21049748
1919951170,0.29571092,0.44576436,0.2585248
1920103898,0.51270443,0.26919222,0.21810341
1920162051,0.35155553,0.3471051,0.30133936
1920196315,0.33634743,0.29543504,0.36821747
1920228588,0.1791364,0.6323513,0.18851228
1920272336,0.42154208,0.32925913,0.24919881
1920335280,0.394929,0.27587843,0.32919255
1920362192,0.28693107,0.45605686,0.25701207
1920457913,0.4277839,0.21763591,0.35458016
1920536186,0.32683393,0.37643397,0.29673213
1920586656,0.15117346,0.6788148,0.17001173
1920687230,0.5096217,0.25638413,0.23399414
1921012689,0.41623166,0.3301897,0.2535786
1921030040,0.24202502,0.3869794,0.37099558
1921147220,0.33479705,0.3486697,0.31653327
1921192821,0.08148761,0.06594548,0.8525669
1921297082,0.34206548,0.3711608,0.2867737
1921300610,0.5261293,0.24217403,0.23169664
1921416746,0.26088467,0.35084823,0.38826707
1921452850,0.20734715,0.1965216,0.59613127
1921482581,0.22343935,0.23409149,0.5424692
1921505091,0.38526353,0.309498,0.30523846
1921513925,0.61693513,0.17611577,0.2069491
1921587980,0.45319986,0.3006423,0.24615785
1921662483,0.2876788,0.31530985,0.3970114
1921923157,0.34895045,0.34777626,0.30327335
1921955739,0.12791541,0.72389525,0.14818932
1921987772,0.3560737,0.31386313,0.33006316
1922102849,0.45800966,0.3215799,0.22041054
1922126421,0.24957326,0.34005374,0.41037297
1922135646,0.20572671,0.5581361,0.23613715
1922176223,0.34179804,0.3220736,0.33612832
1922193552,0.4011229,0.3446553,0.25422174
1922224514,0.43591577,0.33934885,0.22473535
1922245310,0.4696971,0.30043185,0.229871
1922271299,0.3715845,0.30903867,0.31937674
1922301665,0.24570373,0.25589636,0.49839985
1922305449,0.19052863,0.17149433,0.637977
1922338900,0.28726897,0.4365556,0.27617538
1922447574,0.61644757,0.1871232,0.19642925
1922510022,0.73165715,0.1094889,0.15885392
1922970158,0.15618503,0.6552256,0.1885893
1923029103,0.42532912,0.30679396,0.267877
1923152582,0.28774488,0.4131112,0.2991439
1923225965,0.3584251,0.3077118,0.33386308
1923248070,0.123299085,0.71235925,0.16434163
1923281437,0.317814,0.3812154,0.30097067
1923297123,0.25340092,0.42784098,0.31875804
1923355232,0.38120016,0.35122192,0.26757783
1923454666,0.20592381,0.20740081,0.5866754
1923532617,0.18150426,0.5651562,0.25333947
1923691692,0.20330794,0.17175308,0.62493896
1923750316,0.34049737,0.40267766,0.256825
1923760770,0.3344178,0.3293283,0.33625394
1923911222,0.62275267,0.18604718,0.19120015
1923982866,0.32574484,0.3271517,0.34710342
1924066406,0.4011532,0.3127299,0.28611687
1924067069,0.4139175,0.34438002,0.2417024
1924281675,0.2932896,0.3988634,0.30784705
1924340767,0.1797724,0.54927695,0.27095065
1924343155,0.38000655,0.30354786,0.31644562
1924346066,0.68876374,0.1426932,0.1685431
1924377914,0.24787351,0.4270974,0.3250291
1924442952,0.3942622,0.32034865,0.2853891
1924572705,0.22447172,0.49587855,0.27964973
1924619920,0.30667773,0.3590068,0.33431545
1924659477,0.55817664,0.21101792,0.23080544
1924694211,0.24756017,0.48994157,0.26249832
1924714583,0.3174023,0.29950348,0.38309422
1924784149,0.20534723,0.5840164,0.2106364
1924946339,0.18801326,0.15458798,0.65739876
1925028847,0.45974216,0.2939574,0.24630041
1925129596,0.68235284,0.13552524,0.1821219
1925263235,0.46085387,0.28988975,0.2492563
1925301909,0.5343184,0.22174457,0.24393706
1925350258,0.5691432,0.21834418,0.21251267
1925463520,0.30524343,0.3420369,0.35271972
1925468702,0.2576472,0.393462,0.3488909
1925530013,0.2750681,0.3397363,0.38519564
1925542480,0.28988126,0.34562284,0.36449587
1925698567,0.14637405,0.7205807,0.13304523
1925888214,0.25706226,0.29918963,0.44374815
1925932905,0.4745927,0.16350265,0.3619047
1925960747,0.3291371,0.3888117,0.2820512
1925991682,0.1185171,0.75923365,0.12224927
1926077910,0.10381835,0.10231307,0.7938686
1926235191,0.52547824,0.2125381,0.26198366
1926307068,0.18073331,0.62356186,0.19570486
1926365942,0.37376943,0.32247514,0.30375546
1926438109,0.1906992,0.22918302,0.58011776
1926504166,0.62299526,0.15490928,0.22209543
1926553260,0.3990611,0.325054,0.27588493
1926612597,0.12225047,0.7375799,0.14016971
1926612836,0.37345657,0.26203942,0.364504
1926613320,0.37708408,0.34389734,0.27901852
1926743548,0.24334389,0.27019885,0.4864572
1926907093,0.775682,0.09058694,0.13373111
1926963468,0.13159141,0.13627154,0.732137
1926966126,0.43860993,0.3088652,0.25252485
1927044674,0.55320644,0.23863818,0.20815535
1927172262,0.15145092,0.69598234,0.15256676
1927358770,0.19347835,0.22430237,0.58221936
1927368175,0.17314504,0.18950298,0.63735193
1927398576,0.39603066,0.30186516,0.30210423
1927468545,0.4006784,0.31551686,0.28380474
1927540163,0.28641135,0.29464585,0.41894278
1927600529,0.39317957,0.34727353,0.25954688
1927672278,0.6401173,0.19144195,0.16844079
1927816252,0.4581219,0.28920195,0.25267607
1927872149,0.3193538,0.40638947,0.27425668
1928001860,0.73538923,0.10398825,0.16062248
1928028629,0.25731248,0.3945367,0.3481508
1928070940,0.7366543,0.0986076,0.16473812
1928339155,0.60482806,0.18066865,0.21450327
1928474673,0.2101737,0.20534272,0.5844836
1928551624,0.57881814,0.21631232,0.20486951
1928630441,0.18421994,0.49965966,0.3161205
1928668495,0.20420307,0.17707543,0.61872154
1928731144,0.3383992,0.41689765,0.24470305
1928886235,0.13656262,0.1305418,0.7328956
1928907430,0.19781294,0.21171317,0.5904739
1928963087,0.4314116,0.29287958,0.2757088
1929359410,0.36349735,0.39359024,0.24291237
1929423963,0.38972372,0.29308492,0.31719145
1929448580,0.063776396,0.8237994,0.11242425
1929525304,0.41354752,0.29791495,0.28853747
1929637134,0.4025549,0.32779798,0.26964718
1929679200,0.49980778,0.22916976,0.27102244
1929832872,0.14776756,0.69518775,0.15704474
1929848629,0.09706151,0.79189,0.111048564
1929865000,0.35193086,0.39867747,0.24939167
1929899678,0.25858703,0.3200978,0.4213152
1929901663,0.28124255,0.35310048,0.36565703
1929909317,0.3781006,0.31669578,0.30520362
1929911626,0.19778948,0.53839946,0.26381102
1929989289,0.3111781,0.42195597,0.2668659
1930061031,0.20656915,0.5513307,0.24210012
1930113970,0.19405201,0.18937697,0.616571
1930154293,0.3116151,0.34174007,0.34664476
1930239615,0.08746954,0.7938852,0.11864528
1930256868,0.17881404,0.5905828,0.23060319
1930297147,0.44710246,0.26182258,0.29107502
1930308380,0.235614,0.45827758,0.30610836
1930532918,0.345838,0.3537243,0.30043772
1930563507,0.30446613,0.33176303,0.36377087
1930633256,0.26192588,0.2864643,0.45160982
1930675773,0.31000614,0.16169465,0.52829933
1930696574,0.41545886,0.33314338,0.2513977
1930720850,0.66827476,0.155578,0.17614721
1930770088,0.27762243,0.32116416,0.40121344
1930805760,0.31539202,0.30946204,0.37514597
1930819902,0.3783418,0.30706236,0.3145958
1930830918,0.43171245,0.32292983,0.24535774
1930842761,0.23361604,0.5223648,0.24401918
1930870162,0.45137906,0.24141464,0.30720627
1930874922,0.42479286,0.32283992,0.25236723
1930886822,0.30256584,0.41073176,0.2867024
1930900650,0.22455458,0.231754,0.54369146
1930919117,0.31484887,0.32617757,0.35897362
1930991820,0.22647592,0.19539286,0.5781312
1931016439,0.41574675,0.3237681,0.26048514
1931040071,0.52783245,0.20749442,0.26467314
1931258300,0.0646583,0.8342692,0.10107246
1931305930,0.32768103,0.33348846,0.3388305
1931307279,0.34220812,0.38511634,0.27267557
1931352037,0.20208725,0.57604957,0.22186317
1931371645,0.23157938,0.55977315,0.20864746
1931438362,0.5290446,0.2106229,0.26033247
1931475042,0.26346862,0.32604632,0.41048512
1931505998,0.18202965,0.6299728,0.18799755
1931642465,0.34224737,0.35694832,0.30080438
1931738263,0.34027323,0.36703485,0.2926919
1931761082,0.58527106,0.14250249,0.2722264
1931819914,0.37365627,0.3898755,0.23646832
1931845641,0.20059311,0.6066707,0.19273631
1932357269,0.35403112,0.3641752,0.28179368
1932517558,0.60840845,0.20679517,0.18479633
1932533188,0.26178083,0.37076938,0.36744988
1932585864,0.141547,0.13662666,0.7218263
1932633305,0.23183823,0.21511814,0.55304366
1932674410,0.15243609,0.67716163,0.1704023
1932740416,0.070462465,0.83280975,0.096727766
1933174811,0.4568669,0.28141087,0.2617223
1933261490,0.15949173,0.6387088,0.20179948
1933305475,0.59369767,0.20677811,0.19952424
1933363885,0.19434817,0.4617519,0.34389988
1933492350,0.46948537,0.25924104,0.27127355
1933528534,0.29295266,0.27613783,0.4309095
1933708856,0.30480933,0.41607022,0.27912045
1933779135,0.4094941,0.33653975,0.25396612
1933865603,0.22745414,0.21662189,0.555924
1934002630,0.25726599,0.40802878,0.33470526
1934016691,0.4369189,0.32489836,0.23818277
1934106333,0.27436614,0.23385543,0.49177843
1934179789,0.15422404,0.6783113,0.16746461
1934182076,0.09453237,0.8030136,0.10245402
1934245480,0.25870264,0.39232197,0.3489754
1934266460,0.33249018,0.32423934,0.34327048
1934274630,0.20761499,0.20908295,0.5833021
1934291748,0.22636916,0.2605043,0.5131266
1934487984,0.22385783,0.23238151,0.54376066
1934565531,0.2408615,0.51261586,0.24652264
1934622957,0.15837072,0.613381,0.22824824
1934725709,0.42828274,0.27736765,0.2943496
1934836259,0.28651702,0.43935245,0.27413055
1934905060,0.6143363,0.19041112,0.19525258
1934927273,0.37999454,0.3659339,0.2540716
1934929637,0.3409712,0.33572778,0.32330105
1934966513,0.25360262,0.39499223,0.35140514
1935004672,0.3314284,0.3470026,0.32156903
1935020981,0.3782859,0.32412907,0.2975851
1935022074,0.5352553,0.2128763,0.2518684
1935023921,0.10019807,0.7841193,0.11568263
1935047265,0.29527456,0.2590978,0.4456277
1935053256,0.4225412,0.25018832,0.32727048
1935086823,0.31250772,0.3406544,0.3468378
1935171950,0.08856355,0.7911109,0.120325565
1935196885,0.33906373,0.33734724,0.323589
1935286483,0.49101865,0.2772329,0.23174839
1935476034,0.4663435,0.280211,0.2534455
1935503883,0.37085074,0.29242772,0.33672154
1935513003,0.26272324,0.2610716,0.4762052
1935527469,0.42238936,0.33233234,0.2452783
1935691487,0.35779604,0.37110338,0.2711006
1935762331,0.28537545,0.36550918,0.34911543
1935774515,0.15093218,0.1426924,0.7063754
1935871825,0.41271114,0.31776705,0.2695218
1935886457,0.40398365,0.3282734,0.26774293
1935888460,0.46246347,0.30262226,0.23491433
1935940632,0.36587372,0.3599542,0.274172
1935940770,0.30464774,0.3416134,0.35373887
1935964342,0.16017845,0.64237314,0.19744839
1936085390,0.26219484,0.4225191,0.31528607
1936106595,0.3274257,0.40962964,0.26294467
1936231392,0.20540178,0.20828997,0.58630824
1936284412,0.36464295,0.34437302,0.2909841
1936409647,0.18581876,0.5714018,0.2427794
1936486922,0.31058165,0.39464107,0.29477733
1936543101,0.29967338,0.3714313,0.32889533
1936785809,0.61910653,0.17825492,0.20263854
1936854682,0.35583362,0.31633973,0.3278267
1936917946,0.24671184,0.5406777,0.21261047
1936977356,0.19143488,0.20180424,0.6067609
1937006257,0.38288128,0.33248362,0.2846351
1937076497,0.37408227,0.35997587,0.26594183
1937094363,0.19245341,0.20127022,0.60627633
1937116817,0.28218752,0.3835349,0.3342776
1937205909,0.3218409,0.31373486,0.36442435
1937209721,0.34512615,0.34658137,0.3082925
1937456708,0.28947943,0.24186169,0.4686589
1937516643,0.09446927,0.09165939,0.8138714
1937646122,0.28163904,0.38139573,0.33696538
1937696411,0.14951417,0.25324962,0.59723634
1937701104,0.2848988,0.442003,0.27309823
1937735256,0.37500954,0.3538818,0.27110866
1937785831,0.2698704,0.38363636,0.34649324
1937965169,0.3199406,0.3774594,0.30259994
1938150072,0.26674905,0.38464257,0.3486085
1938326808,0.20575148,0.19156925,0.6026793
1938330946,0.5432211,0.22549126,0.2312877
1938338402,0.53580797,0.24638972,0.2178023
1938384601,0.615308,0.18396018,0.20073186
1938396429,0.41124973,0.32170606,0.2670442
1938397625,0.31334049,0.2940038,0.39265573
1938478536,0.36035416,0.31789523,0.32175058
1938678195,0.21682748,0.5532285,0.22994407
1938725275,0.1163491,0.7336057,0.15004522
1938813242,0.11957724,0.11930143,0.7611214
1938826872,0.33968374,0.34592003,0.31439626
1939179742,0.28046256,0.26875517,0.4507823
1939324211,0.61989784,0.15892725,0.22117493
1939327292,0.45107323,0.22230077,0.326626
1939394401,0.45203203,0.24734014,0.30062783
1939462930,0.29137287,0.42090243,0.28772476
1939473132,0.47394288,0.23302016,0.2930369
1939662580,0.36915562,0.3136081,0.31723627
1939767009,0.27383602,0.39980805,0.326356
1939850026,0.23638242,0.421792,0.34182557
1939861353,0.40851182,0.2889287,0.30255947
1939878894,0.29577747,0.4272338,0.27698874
1939952441,0.5939619,0.21329726,0.19274087
1940278122,0.5674023,0.22310174,0.20949596
1940318071,0.34289807,0.3376287,0.3194732
1940318369,0.36725375,0.34434125,0.28840503
1940336532,0.46819946,0.28571653,0.24608397
1940398432,0.3272058,0.340389,0.3324052
1940479063,0.31671584,0.38213083,0.30115336
1940603481,0.26167893,0.25010568,0.48821542
1940757182,0.25792864,0.32692906,0.41514227
1940782655,0.3331235,0.39311993,0.27375653
1940815712,0.67408806,0.14132915,0.18458275
1940869186,0.091522865,0.79731095,0.11116622
1940976797,0.4066297,0.36904252,0.22432785
1941056346,0.2932495,0.32703763,0.37971285
1941070775,0.35841247,0.34176078,0.2998268
1941085768,0.2669386,0.41783652,0.31522495
1941168974,0.34839854,0.3113627,0.34023875
1941191966,0.18496126,0.13898173,0.67605704
1941271199,0.36347353,0.3353077,0.30121872
1941301348,0.46707505,0.26864618,0.2642787
1941357254,0.64721066,0.16990049,0.18288891
1941916230,0.4162331,0.34357256,0.24019434
1941942822,0.24762562,0.3716557,0.38071862
1942025883,0.25386494,0.45700577,0.28912935
1942135167,0.38743114,0.348972,0.2635968
1942175994,0.31979662,0.36972046,0.31048292
1942187869,0.23636797,0.52363056,0.24000147
1942201024,0.36224663,0.36104542,0.27670792
1942386044,0.27784443,0.3800529,0.34210268
1942386136,0.24753064,0.23529716,0.5171722
1942509842,0.2080483,0.22087024,0.57108146
1942766368,0.32828715,0.4034658,0.26824704
1942991277,0.22413914,0.5186002,0.25726065
1943054304,0.24447432,0.4247473,0.33077833
1943207285,0.27181804,0.32209724,0.40608466
1943227393,0.43677014,0.2305175,0.3327124
1943404286,0.25050294,0.24165906,0.507838
1943429475,0.29225498,0.3287996,0.37894547
1943447306,0.2828855,0.2693383,0.44777614
1943576508,0.20074299,0.56103635,0.23822056
1943717706,0.15106578,0.13068493,0.71824926
1943749698,0.35956264,0.31528533,0.32515198
1943852121,0.44983193,0.30244675,0.24772133
1943885084,0.2344777,0.38470656,0.38081574
1943924714,0.44307172,0.28839204,0.26853618
1943976524,0.29276487,0.35538462,0.35185057
1944016147,0.45937195,0.29057446,0.2500536
1944032620,0.10532363,0.7483042,0.14637227
1944308391,0.33238918,0.40086848,0.26674235
1944720742,0.27573776,0.2699502,0.45431203
1944786642,0.33450145,0.37125584,0.29424274
1944827397,0.21636178,0.4824542,0.30118403
1944905773,0.16580097,0.18376915,0.65042984
1945014857,0.32946256,0.35616025,0.3143772
1945088288,0.2003325,0.24460377,0.5550638
1945127333,0.35424903,0.37928498,0.266466
1945150677,0.4390682,0.2984436,0.26248813
1945184592,0.3378338,0.34736824,0.31479794
1945216570,0.5998211,0.19978958,0.20038939
1945297482,0.34411758,0.28784862,0.36803374
1945305751,0.5133015,0.21717778,0.2695207
1945379083,0.17355593,0.19557197,0.63087213
1945516866,0.19643798,0.15605158,0.6475104
1945530747,0.23824637,0.45825514,0.30349857
1945707768,0.19184254,0.6241482,0.18400927
1945880394,0.088179365,0.7802922,0.13152839
1945975305,0.48513708,0.17294697,0.34191597
1946003778,0.30763575,0.39772376,0.2946405
1946225570,0.1914882,0.5580582,0.25045365
1946327661,0.49189633,0.27637106,0.23173262
1946376452,0.34088793,0.28048277,0.37862927
1946442965,0.18706916,0.2011304,0.61180043
1946448127,0.27924955,0.4164121,0.30433843
1946516667,0.3892041,0.3400691,0.27072683
1946593026,0.31007433,0.35181475,0.33811092
1946672605,0.573308,0.22324978,0.20344229
1946850172,0.44450143,0.28000072,0.27549785
1946854071,0.22563449,0.5261931,0.2481724
1946865603,0.4229149,0.19662061,0.38046452
1946866717,0.6498471,0.14487222,0.20528069
1946976773,0.29070053,0.3313076,0.37799194
1946997702,0.28484786,0.39083397,0.32431817
1947048711,0.47889388,0.280918,0.24018812
1947049089,0.21821845,0.5347607,0.24702086
1947064670,0.111350805,0.7746405,0.114008754
1947145709,0.42331854,0.3305183,0.24616316
1947229483,0.111118875,0.7517492,0.13713187
1947349731,0.35103735,0.3508703,0.29809234
1947404406,0.16900092,0.5317633,0.29923567
1947432490,0.24314652,0.19865686,0.5581966
1947449051,0.46611777,0.28850305,0.24537921
1947607959,0.3002664,0.34224394,0.35748962
1947619279,0.35898837,0.28871542,0.35229623
1947670186,0.2759785,0.28302845,0.4409931
1947689771,0.21365166,0.55575275,0.23059554
1947824752,0.529312,0.25059146,0.2200966
1948003496,0.3153975,0.3033561,0.38124645
1948006976,0.15743473,0.66138387,0.18118134
1948033791,0.17330422,0.16461486,0.6620809
1948045589,0.37528002,0.36799383,0.25672618
1948070459,0.21003011,0.56151056,0.22845937
1948137761,0.65275663,0.16168837,0.18555506
1948234841,0.15514687,0.66836524,0.17648791
1948255326,0.42932928,0.3347842,0.23588651
1948270475,0.32781342,0.232524,0.43966258
1948280577,0.41305572,0.32399505,0.2629492
1948384065,0.061658677,0.84190017,0.096441194
1948548763,0.38496587,0.35530812,0.25972605
1948696218,0.46812135,0.2858031,0.24607562
1948712467,0.559032,0.20434093,0.23662704
1948829155,0.27842876,0.28226602,0.43930522
1949016164,0.2673399,0.44156447,0.2910956
1949028697,0.34396845,0.34976447,0.30626708
1949195065,0.386888,0.2724802,0.34063175
1949284697,0.3046697,0.35538626,0.33994403
1949301310,0.38671672,0.29260534,0.32067794
1949309134,0.36173174,0.29665533,0.34161294
1949310222,0.38282093,0.31010443,0.30707473
1949370792,0.31265756,0.2886914,0.39865103
1949390694,0.2575826,0.20939524,0.53302217
1949399371,0.31097597,0.3480107,0.34101343
1949462120,0.35869765,0.3318948,0.30940756
1949485239,0.36905205,0.3120007,0.31894723
1949718491,0.29327607,0.42584413,0.28087986
1949860458,0.39849654,0.3154131,0.28609037
1949884427,0.44927147,0.29485193,0.2558766
1949903023,0.38464385,0.3436865,0.2716697
1950145745,0.21786644,0.4834193,0.29871422
1950196442,0.2783706,0.23439717,0.48723218
1950291772,0.536006,0.23319289,0.23080122
1950353060,0.38379082,0.2095231,0.40668613
1950434992,0.09207679,0.090553455,0.8173697
1950440082,0.27861178,0.4356448,0.28574345
1950470959,0.14749743,0.15779786,0.6947047
1950526355,0.3692185,0.29831672,0.33246478
1950588393,0.117237076,0.12048251,0.76228034
1950658254,0.2775735,0.35281312,0.36961338
1950739188,0.4365307,0.28837425,0.27509505
1950759538,0.6729208,0.1463662,0.18071297
1950837105,0.18183045,0.1759309,0.6422386
1951068280,0.2517395,0.39159486,0.35666558
1951173249,0.28341,0.43543425,0.2811558
1951330279,0.4315843,0.29058608,0.27782965
1951347347,0.4288319,0.2944995,0.27666864
1951397645,0.2731007,0.27900192,0.44789732
1951660402,0.45899,0.30860683,0.23240317
1951729143,0.43684214,0.293383,0.26977485
1951777593,0.4717539,0.27109692,0.2571492
1951799434,0.35016897,0.34864205,0.30118898
1951829015,0.13518016,0.71594954,0.14887033
1951955639,0.15424147,0.6782487,0.16750982
1951968908,0.12368742,0.7186223,0.15769029
1952177029,0.3460474,0.35075542,0.30319718
1952184284,0.31865022,0.28338397,0.39796585
1952193683,0.611272,0.20043424,0.18829383
1952278171,0.45291612,0.29148278,0.25560114
1952297695,0.23478754,0.45284173,0.31237066
1952368009,0.5071636,0.24850418,0.24433225
1952380151,0.33187488,0.37335524,0.29477
1952381316,0.11049233,0.75361603,0.13589165
1952415615,0.27967495,0.3861689,0.3341562
1952448639,0.34156618,0.32852793,0.32990587
1952637069,0.41325432,0.33476457,0.2519811
1952639136,0.19456579,0.18509956,0.6203347
1952681229,0.2563997,0.3395879,0.40401244
1952702405,0.29683354,0.3841659,0.3190005
1952760468,0.47725233,0.28265768,0.24009
1952779103,0.16124532,0.67572474,0.16302988
1952869631,0.3172977,0.43046802,0.25223422
1952991384,0.4343575,0.32029036,0.24535212
1953047267,0.30715904,0.4178148,0.2750261
1953111629,0.22510451,0.2147486,0.56014687
1953205939,0.3483,0.33814523,0.31355476
1953292467,0.26241833,0.47780073,0.25978094
1953365276,0.39630148,0.33127144,0.27242702
1953473006,0.33414528,0.38272837,0.28312644
1953548329,0.18176344,0.286663,0.5315736
1953550769,0.21364494,0.20996852,0.5763865
1953559498,0.21578333,0.38754854,0.3966681
1953561355,0.13048424,0.6543237,0.21519198
1953633987,0.42623255,0.31867734,0.25509015
1953695454,0.35461116,0.3599457,0.28544322
1953709907,0.32592362,0.38515046,0.28892598
1953843140,0.27227756,0.36070496,0.36701745
1953960789,0.3161123,0.32889715,0.3549906
1954121554,0.31500056,0.41667476,0.26832473
1954122660,0.17628017,0.5605534,0.2631665
1954132720,0.2304625,0.44422138,0.32531616
1954154836,0.2375589,0.21848789,0.5439532
1954156651,0.3980517,0.31070203,0.29124627
1954210594,0.51740193,0.25035545,0.23224254
1954312258,0.30202037,0.44689366,0.25108594
1954462532,0.40010387,0.34655777,0.25333834
1954599413,0.26379973,0.34992757,0.38627276
1954625092,0.33538723,0.39020473,0.27440804
1954647738,0.5907049,0.20145275,0.20784228
1954734350,0.10039632,0.089577995,0.8100257
1955016191,0.32084012,0.2689393,0.41022053
1955042200,0.59634286,0.19090025,0.21275683
1955088899,0.16715838,0.6213941,0.21144748
1955119688,0.36919546,0.35041988,0.28038463
1955201711,0.49689105,0.20631503,0.29679385
1955262835,0.13866693,0.6859737,0.17535931
1955395273,0.4091299,0.30911717,0.28175294
1955413169,0.17758405,0.16518368,0.6572323
1955448536,0.46837002,0.29630375,0.23532629
1955537048,0.4898734,0.2589291,0.25119752
1955907406,0.13387081,0.15758196,0.70854723
1955943203,0.16994919,0.53245836,0.2975924
1955993134,0.16428772,0.6665992,0.16911305
1956108041,0.25188935,0.45874915,0.28936148
1956128667,0.44617972,0.29080784,0.2630124
1956198928,0.33467573,0.4013046,0.26401964
1956231132,0.6194307,0.17893119,0.2016381
1956308006,0.2274204,0.25010377,0.5224758
1956393136,0.2186426,0.54714364,0.23421375
1956419338,0.095891275,0.1000263,0.8040824
1956456206,0.23349696,0.24274544,0.52375764
1956552274,0.10168104,0.09143351,0.80688536
1956553622,0.21883364,0.20882179,0.5723446
1956650689,0.45720834,0.24412687,0.29866484
1956787439,0.25513914,0.4190695,0.32579133
1956811890,0.18126774,0.5984757,0.22025654
1956822964,0.20597708,0.36104947,0.43297347
1957000742,0.35101247,0.26610193,0.38288558
1957051717,0.32304963,0.37600526,0.3009451
1957077076,0.27876285,0.45773795,0.2634992
1957162227,0.13862267,0.65227497,0.20910235
1957172480,0.3237026,0.3357313,0.34056607
1957244511,0.307042,0.27880135,0.41415662
1957332042,0.31795117,0.3654053,0.31664348
1957395595,0.28223854,0.38476327,0.33299822
1957399757,0.16681404,0.13944946,0.69373655
1957468200,0.25661638,0.4045347,0.33884898
1957493761,0.570239,0.23252225,0.19723879
1957524537,0.28837195,0.31762925,0.3939988
1957539802,0.24103555,0.47365674,0.28530765
1957825720,0.29847762,0.29223287,0.40928957
1957835983,0.1801614,0.62331516,0.19652353
1957894108,0.5013131,0.28877345,0.20991354
1957903233,0.32912636,0.40847543,0.26239827
1957968238,0.13797815,0.14806868,0.7139532
1957988452,0.7298906,0.10569282,0.16441652
1958113052,0.3783785,0.24613808,0.3754834
1958130585,0.48175052,0.21136175,0.3068877
1958185995,0.61530906,0.19963017,0.1850608
1958220056,0.32697454,0.31609735,0.35692814
1958300285,0.48669258,0.2863678,0.22693965
1958378440,0.29937294,0.36745197,0.33317506
1958500625,0.26936516,0.34266663,0.38796818
1958533078,0.17912006,0.20905313,0.61182684
1958550474,0.13450539,0.13556147,0.7299331
1958555657,0.42360342,0.34367427,0.23272237
1958626058,0.17781952,0.17217857,0.6500019
1958638672,0.17584385,0.17801034,0.6461458
1958645013,0.22575366,0.30594516,0.46830115
1959007963,0.17873092,0.6316146,0.18965441
1959010349,0.7388511,0.120708026,0.14044085
1959135607,0.22134276,0.45434165,0.3243156
1959230898,0.24564804,0.4745436,0.27980834
1959257548,0.41544738,0.30216923,0.28238344
1959276422,0.1257514,0.7102573,0.16399129
1959306640,0.1736283,0.12637846,0.6999932
1959374892,0.30663058,0.2615861,0.4317833
1959422442,0.37034857,0.339164,0.29048738
1959427509,0.30543873,0.3424765,0.35208482
1959549447,0.25092828,0.5146083,0.23446336
1959615924,0.4259192,0.30019203,0.2738887
1959636715,0.43277514,0.28197226,0.28525257
1959699511,0.41499838,0.27871963,0.3062819
1959743785,0.5648437,0.21395075,0.22120553
1959789641,0.3961714,0.37099832,0.2328303
1959807919,0.4710167,0.27871963,0.25026366
1959840422,0.7940073,0.08385007,0.12214258
1959878363,0.5887662,0.17302601,0.23820774
1959992602,0.15956096,0.15481307,0.685626
1960160544,0.18414815,0.16845767,0.6473942
1960167747,0.3515619,0.36454788,0.28389037
1960228781,0.2817922,0.3274861,0.39072177
1960230502,0.21435317,0.17582823,0.6098186
1960260006,0.11865997,0.7168343,0.16450574
1960265532,0.42323178,0.14528848,0.43147978
1960341504,0.32753202,0.2247581,0.44770992
1960390821,0.36208156,0.3334856,0.30443284
1960571983,0.36236113,0.33917528,0.29846364
1960675267,0.45512015,0.2522829,0.29259694
1960689999,0.38944268,0.30525678,0.30530053
1960710343,0.18163602,0.5769971,0.2413669
1960790936,0.45636284,0.27627203,0.26736504
1960812731,0.7350092,0.09778662,0.16720411
1960849386,0.24237956,0.42092615,0.3366943
1960930593,0.34778625,0.35312322,0.29909053
1961046965,0.32650858,0.2984989,0.37499255
1961064124,0.5875244,0.19687137,0.2156042
1961229859,0.2981863,0.35902458,0.34278908
1961241847,0.24901423,0.41657233,0.3344134
1961450503,0.4670015,0.22794627,0.30505225
1961466958,0.74405694,0.11808603,0.13785706
1961591045,0.3736403,0.3811787,0.24518107
1961654747,0.48829526,0.27705047,0.23465422
1961657825,0.31339964,0.38127142,0.305329
1961699612,0.5724514,0.17515822,0.25239038
1961771547,0.36264417,0.3292174,0.3081385
1961951079,0.35897028,0.3359065,0.30512318
1961977747,0.2709798,0.3251959,0.4038243
1962155446,0.3340752,0.28190374,0.384021
1962306286,0.37353423,0.32196015,0.30450553
1962326497,0.30339077,0.22299196,0.4736173
1962405087,0.632554,0.13883397,0.22861205
1962555467,0.24132766,0.30468833,0.453984
1962572135,0.28861377,0.25736088,0.45402542
1962727587,0.26309845,0.3404859,0.39641568
1962734517,0.38203922,0.31804803,0.29991272
1962848495,0.40168953,0.3105121,0.28779837
1962933750,0.16420643,0.62990624,0.20588739
1962943826,0.1837972,0.18339486,0.63280797
1962985944,0.16259013,0.15751506,0.6798948
1963022847,0.2163395,0.42527953,0.35838094
1963127892,0.5033702,0.26796842,0.22866136
1963365257,0.53270686,0.2118732,0.25542
1963424818,0.32934767,0.36761165,0.3030407
1963453580,0.36470905,0.3621915,0.27309945
1963561224,0.33204198,0.32931075,0.33864728
1963794986,0.3793862,0.32956955,0.2910443
1963843272,0.22117104,0.5074185,0.2714105
1964206035,0.35314128,0.36640775,0.28045097
1964215541,0.23168541,0.48730162,0.28101295
1964268799,0.20367868,0.2033164,0.59300494
1964343408,0.7169508,0.10980844,0.17324078
1964354621,0.32422057,0.3439182,0.33186117
1964990648,0.3291542,0.4140176,0.25682828
1965019309,0.135919,0.6898961,0.17418495
1965111907,0.2525147,0.4496136,0.29787174
1965227231,0.31664678,0.37122938,0.3121239
1965229684,0.21869862,0.47910514,0.3021963
1965267213,0.31322536,0.24853735,0.43823725
1965387428,0.3191149,0.3201698,0.36071536
1965440466,0.30156714,0.33781987,0.360613
1965454681,0.19528243,0.5554292,0.24928834
1965482858,0.15805279,0.6513954,0.19055182
1965537067,0.2984771,0.36660498,0.3349179
1965577387,0.31125486,0.3448839,0.34386128
1965670564,0.38206938,0.33728197,0.28064868
1965693665,0.36624008,0.39237657,0.24138328
1965805436,0.30239475,0.33045805,0.36714718
1965824543,0.5392384,0.25097337,0.20978828
1965919938,0.7971912,0.0818964,0.12091237
1965950816,0.07842449,0.8090288,0.1125467
1966008052,0.11680427,0.73323274,0.14996293
1966055446,0.38151258,0.35602525,0.2624622
1966116153,0.20901541,0.54175425,0.24923043
1966205635,0.39565086,0.274533,0.32981607
1966528022,0.7530498,0.10886358,0.13808663
1966591338,0.43105265,0.326514,0.24243334
1966611026,0.36061382,0.32629797,0.3130882
1966831742,0.3413251,0.3243629,0.33431193
1966856991,0.5313583,0.24858294,0.22005871
1966889128,0.36617917,0.33890694,0.29491392
1966943693,0.54946524,0.23042788,0.22010681
1967008886,0.46507004,0.2819689,0.25296104
1967122077,0.22270057,0.5203045,0.2569949
1967328267,0.1267166,0.12098025,0.7523031
1967336040,0.082226776,0.07903739,0.8387358
1967367226,0.36136582,0.33706468,0.30156955
1967385089,0.176336,0.61661875,0.20704524
1967460318,0.45285133,0.25710323,0.29004544
1967562362,0.2223062,0.50434875,0.2733451
1967786449,0.37794426,0.3514322,0.27062356
1967801244,0.6398152,0.15941238,0.20077239
1967814794,0.16930339,0.64385766,0.1868389
1967976444,0.27246523,0.34478548,0.3827493
1968017613,0.2994379,0.42113787,0.2794242
1968030872,0.4162675,0.19136417,0.39236832
1968043317,0.31600887,0.35207182,0.3319194
1968174794,0.30049697,0.44015592,0.25934705
1968213577,0.2008076,0.56954545,0.22964692
1968215075,0.49005926,0.22923355,0.28070718
1968239369,0.29997435,0.35281244,0.3472133
1968276141,0.32557616,0.3995729,0.2748509
1968309275,0.29010314,0.37017694,0.33971998
1968405143,0.37382334,0.33340728,0.29276937
1968425889,0.33395344,0.3758638,0.29018277
1968480417,0.22193153,0.49828073,0.27978775
1968786668,0.2943052,0.3670008,0.338694
1968787158,0.3126647,0.28050154,0.40683368
1968789291,0.48762342,0.22437793,0.28799868
1968820665,0.47125432,0.22088684,0.30785885
1968860668,0.4877641,0.22610542,0.28613043
1969163012,0.36408392,0.3280998,0.30781627
1969196102,0.31499213,0.40954664,0.2754612
1969240249,0.31090555,0.3637259,0.32536855
1969251342,0.2852175,0.38715705,0.32762542
1969252810,0.19357549,0.55408037,0.25234422
1969332395,0.10840828,0.7682335,0.12335826
1969339920,0.3660431,0.3516577,0.28229925
1969382621,0.30557287,0.3147063,0.37972087
1969673942,0.58643883,0.21028575,0.20327535
1969744267,0.31321582,0.31562147,0.37116274
1969744622,0.35808215,0.29259253,0.3493253
1969828315,0.61469144,0.18706568,0.19824292
1969899613,0.5402806,0.2556082,0.20411117
1969956402,0.62521327,0.17470968,0.20007697
1969983266,0.35241878,0.3391531,0.3084281
1970019246,0.38744017,0.3261986,0.28636122
1970027403,0.34689882,0.34553424,0.30756694
1970057042,0.57556635,0.20835724,0.21607639
1970063535,0.08445671,0.82228327,0.093260095
1970457647,0.4306759,0.24720994,0.32211417
1970459147,0.53373355,0.24404868,0.22221771
1970504429,0.24591754,0.44674972,0.30733272
1970623684,0.28793672,0.4273721,0.28469115
1970700700,0.27199265,0.4313394,0.2966679
1970848612,0.4096969,0.29374164,0.29656142
1970948979,0.376042,0.2849287,0.3390293
1971009660,0.35358545,0.32467094,0.32174367
1971025509,0.47735316,0.27120218,0.25144464
1971090300,0.33725956,0.3613943,0.30134618
1971281245,0.551864,0.2551987,0.1929373
1971338488,0.17908238,0.6435936,0.17732404
1971353300,0.5380268,0.23538765,0.22658554
1971454241,0.23360287,0.47417635,0.29222077
1971571106,0.27424887,0.16329716,0.562454
1971670453,0.15166715,0.6627697,0.18556322
1971814497,0.38576418,0.34776428,0.26647156
1971879584,0.46724874,0.30299738,0.22975391
1971956502,0.33138335,0.29000264,0.37861392
1972057454,0.36422238,0.27005973,0.36571792
1972062473,0.262771,0.24450685,0.49272212
1972167622,0.2929935,0.4446464,0.26236013
1972223096,0.34454882,0.25073108,0.40472013
1972388254,0.46929312,0.2890825,0.24162439
1972520353,0.5161747,0.23243394,0.25139135
1972660565,0.35323316,0.32702097,0.31974593
1972850699,0.5167926,0.2451432,0.23806426
1972955896,0.47381124,0.2570172,0.26917166
1972970769,0.2104005,0.2190744,0.5705251
1973004627,0.7553617,0.1142661,0.13037223
1973153879,0.24907742,0.45155668,0.2993659
1973179123,0.51146317,0.22099636,0.26754045
1973238065,0.17365147,0.5498248,0.27652374
1973321380,0.22629362,0.25319356,0.5205128
1973364483,0.4620709,0.2732868,0.26464236
1973374326,0.727743,0.12748507,0.14477195
1973434018,0.2841613,0.28433654,0.4315021
1973441616,0.2894946,0.28874633,0.4217591
1973523977,0.30785105,0.3247645,0.3673844
1973543302,0.6714354,0.13104214,0.19752242
1973551416,0.2774708,0.45664895,0.26588026
1973605933,0.3566616,0.31672862,0.3266098
1973606757,0.3751852,0.33411017,0.29070464
1973694738,0.4340044,0.31766376,0.2483318
1973707667,0.3741306,0.34650517,0.27936426
1973768515,0.20301016,0.51549363,0.2814963
1973773267,0.28995463,0.28079686,0.4292485
1973950612,0.49882972,0.274608,0.22656232
1974024226,0.35012397,0.39188385,0.25799212
1974062775,0.18953182,0.178829,0.6316391
1974078822,0.34829038,0.33756572,0.31414387
1974098849,0.38055047,0.3285773,0.2908723
1974196122,0.36837792,0.37978122,0.2518409
1974240102,0.3306211,0.2616364,0.40774247
1974547526,0.34910616,0.33851454,0.3123792
1974594195,0.5680473,0.20201509,0.22993757
1974603581,0.1102453,0.7626805,0.12707426
1974731853,0.22154175,0.51496935,0.26348883
1974751055,0.26076454,0.47904834,0.26018706
1975021646,0.5083601,0.17563786,0.316002
1975083187,0.37654048,0.37233227,0.2511273
1975127646,0.54897,0.2383417,0.21268833
1975161431,0.650609,0.151335,0.19805598
1975200686,0.421455,0.27866712,0.29987797
1975200918,0.4358743,0.3107603,0.25336537
1975245961,0.40285322,0.27644616,0.32070068
1975382564,0.39545608,0.31180087,0.2927431
1975433988,0.32010725,0.31822774,0.36166504
1975468963,0.40224844,0.3070833,0.29066822
1975580512,0.36615276,0.29362866,0.34021854
1975639013,0.1446948,0.6803504,0.17495474
1975724678,0.50873226,0.2569474,0.23432031
1975888582,0.44779778,0.28073367,0.27146858
1976096544,0.35294214,0.35241088,0.294647
1976098111,0.19427639,0.5695392,0.23618442
1976265157,0.4006353,0.32872006,0.27064458
1976314446,0.0923386,0.08703986,0.8206216
1976457553,0.38442257,0.3550681,0.26050934
1976543150,0.38923147,0.36160877,0.24915974
1976775943,0.422377,0.3081867,0.26943633
1976831047,0.3350056,0.36355793,0.30143648
1976852704,0.29511294,0.40116596,0.3037212
1976960367,0.16551287,0.64587355,0.18861368
1976999780,0.30173233,0.29950428,0.39876336
1977001831,0.474132,0.2948184,0.23104957
1977044162,0.7096433,0.13306628,0.15729053
1977069580,0.25587177,0.41398183,0.33014634
1977100411,0.43398085,0.35263574,0.21338336
1977285234,0.5692568,0.20769428,0.22304887
1977378972,0.45276916,0.31839392,0.22883695
1977400117,0.18098496,0.6351392,0.18387575
1977496836,0.16172478,0.5834643,0.25481087
1977574381,0.2255919,0.38666132,0.38774684
1977602758,0.26277107,0.28738952,0.4498394
1977609352,0.2844386,0.252007,0.46355444
1977734624,0.21355098,0.59091264,0.1955363
1977815837,0.4240544,0.26226857,0.313677
1977846877,0.283175,0.30399168,0.41283336
1977859455,0.23643133,0.51950383,0.24406488
1977875229,0.24331073,0.52955294,0.22713625
1977888961,0.3568421,0.34417498,0.29898292
1978236419,0.61374414,0.15996206,0.22629374
1978358675,0.33993223,0.32468894,0.33537883
1978366923,0.28488252,0.38978678,0.32533073
1978501254,0.75855476,0.10691858,0.13452663
1978544414,0.29291418,0.47906023,0.22802563
1978567091,0.5813049,0.21745323,0.20124188
1978569140,0.48931986,0.28946474,0.22121534
1978570043,0.36227146,0.3377458,0.2999827
1978817458,0.42942128,0.28284216,0.28773656
1979065930,0.43849498,0.2983445,0.2631605
1979071380,0.48109946,0.24601786,0.27288267
1979149528,0.31563598,0.3824176,0.30194646
1979157517,0.114993125,0.09826064,0.78674626
1979160812,0.22225149,0.19942617,0.5783223
1979276703,0.37706518,0.34062997,0.28230485
1979536620,0.19209327,0.3573739,0.45053285
1979571144,0.32610396,0.38264722,0.2912489
1979643324,0.33616582,0.38144827,0.28238592
1979720137,0.23168902,0.27188715,0.49642384
1979776943,0.28924707,0.42069918,0.29005376
1979878273,0.2687848,0.4596587,0.27155647
1979889974,0.57552445,0.20811771,0.2163579
1980052267,0.74219537,0.11859077,0.1392139
1980109294,0.24081783,0.36503792,0.39414424
1980142176,0.33347422,0.32621226,0.3403135
1980433876,0.25471836,0.46900624,0.27627543
1980435947,0.35364377,0.26315197,0.3832042
1980468450,0.442082,0.2759901,0.281928
1980493935,0.49839425,0.20460603,0.29699972
1980609368,0.10773097,0.768161,0.12410798
1980649945,0.20378059,0.5639549,0.23226452
1980729686,0.33570182,0.3700454,0.29425287
1980863641,0.51793027,0.23859006,0.24347968
1980942635,0.58175725,0.19162723,0.22661549
1980968468,0.43928868,0.23874596,0.32196537
1980982031,0.38428,0.32774585,0.2879741
1981057741,0.29503876,0.36576015,0.33920115
1981141275,0.20298639,0.55331206,0.24370159
1981325015,0.2588314,0.2606783,0.4804903
1981330905,0.27361968,0.44027033,0.28611004
1981400782,0.36822146,0.32042575,0.31135276
1981464797,0.6081623,0.20415783,0.18767989
1981487553,0.56879574,0.2149037,0.21630053
1981522422,0.24925314,0.24982727,0.50091964
1981553122,0.20373327,0.5991803,0.19708647
1981590435,0.58550817,0.2045651,0.2099267
1981636538,0.3976761,0.25838125,0.3439426
1981670392,0.816941,0.07447352,0.10858541
1981772121,0.49000242,0.25347963,0.25651798
1982091576,0.53159636,0.23459776,0.23380585
1982208848,0.3431699,0.3808072,0.276023
1982557856,0.72313976,0.099800356,0.17705989
1982561311,0.42266598,0.33224264,0.24509135
1982645042,0.30598977,0.3257405,0.36826974
1982711514,0.20995577,0.19224685,0.5977974
1982818485,0.296152,0.40839452,0.29545352
1982848734,0.6592933,0.15759818,0.18310854
1982891062,0.28467777,0.32660577,0.38871646
1982920691,0.3079468,0.2744025,0.4176507
1982951658,0.23484193,0.50895023,0.2562078
1983045885,0.18609503,0.18371888,0.63018614
1983054829,0.37426504,0.33952707,0.2862079
1983087171,0.10829181,0.76163507,0.13007317
1983141514,0.41033396,0.34371826,0.24594772
1983238762,0.4334708,0.2774098,0.28911945
1983278661,0.46327338,0.28076184,0.2559647
1983281713,0.68433464,0.13088503,0.18478036
1983323519,0.35534903,0.3860359,0.25861505
1983345652,0.33398655,0.31253663,0.3534768
1983364153,0.288091,0.25344858,0.45846042
1983367696,0.39596927,0.33786502,0.26616573
1983384701,0.5355651,0.22631279,0.23812218
1983628927,0.36482158,0.34048137,0.29469708
1983637714,0.38957217,0.2812825,0.32914528
1983720308,0.39282668,0.34237206,0.26480123
1984030416,0.26237595,0.42955017,0.30807397
1984050145,0.5703496,0.19701762,0.23263282
1984065919,0.4790133,0.26744598,0.25354075
1984110916,0.36586854,0.3525275,0.28160396
1984157497,0.11864593,0.1248599,0.75649416
1984234280,0.26207763,0.43900952,0.2989128
1984265496,0.2726038,0.46172374,0.2656725
1984509907,0.43338433,0.2721891,0.2944265
1984627040,0.25012365,0.28078616,0.46909022
1984694337,0.3778113,0.339871,0.28231776
1984828935,0.25482357,0.38013214,0.3650443
1984939791,0.30541345,0.3460106,0.34857598
1984984912,0.37452018,0.32085502,0.3046248
1985061371,0.64970714,0.15298072,0.19731219
1985061890,0.33862948,0.3832344,0.27813613
1985110046,0.33143508,0.33988798,0.328677
1985244147,0.40008685,0.27581355,0.32409966
1985376974,0.43518233,0.16947828,0.39533937
1985390889,0.31446308,0.2938632,0.39167377
1985463580,0.28478763,0.32034537,0.39486694
1985492547,0.2045738,0.17164515,0.62378097
1985538616,0.3773798,0.27602878,0.34659135
1985568851,0.3665131,0.29662696,0.3368599
1985708657,0.5678813,0.18957762,0.24254106
1985722274,0.20320456,0.5452594,0.25153604
1985800342,0.34910998,0.30590916,0.34498087
1985871395,0.3215104,0.33101693,0.34747267
1985905529,0.3076472,0.39080626,0.30154642
1985922735,0.22252658,0.1895694,0.58790404
1986115088,0.5434656,0.2518676,0.20466682
1986225891,0.30508813,0.33646306,0.35844886
1986382587,0.33431345,0.37780374,0.28788278
1986472305,0.15904912,0.1263196,0.7146313
1986515950,0.38287523,0.33351234,0.28361243
1986619761,0.53821915,0.19084013,0.2709407
1986767896,0.6333552,0.1790438,0.18760099
1986880414,0.20420125,0.5420875,0.25371122
1986908541,0.24959321,0.417805,0.33260185
1986918436,0.458594,0.2916604,0.24974562
1986986318,0.20035817,0.22899458,0.57064724
1986996721,0.4641775,0.27479777,0.2610248
1987046622,0.67432433,0.1327071,0.1929686
1987065399,0.6096078,0.16881292,0.22157924
1987071361,0.69961584,0.13051194,0.16987222
1987124137,0.38353023,0.30435246,0.31211725
1987291682,0.29802972,0.37899464,0.32297572
1987359131,0.5663952,0.23468278,0.19892201
1987409018,0.48232234,0.25396195,0.26371568
1987592787,0.27400887,0.33877966,0.38721153
1987650741,0.7444116,0.11143347,0.14415498
1987772895,0.47276372,0.2528681,0.27436817
1987787108,0.26935396,0.39329708,0.33734894
1987972149,0.44310674,0.32969427,0.22719896
1987973500,0.21190345,0.20851141,0.5795852
1987975591,0.28931797,0.29140735,0.41927478
1988023375,0.701217,0.13532388,0.16345908
1988037824,0.33502263,0.36581624,0.29916108
1988222234,0.2689081,0.51123327,0.2198587
1988441187,0.23395921,0.21137697,0.55466384
1988452464,0.1910416,0.5216392,0.28731918
1988745405,0.36585513,0.36599448,0.26815045
1988854898,0.5325023,0.22087565,0.24662206
1988898033,0.27365723,0.3765622,0.34978053
1989040254,0.47272474,0.25964394,0.26763126
1989067519,0.15263079,0.66237205,0.18499716
1989110935,0.5889675,0.19311066,0.2179218
1989183758,0.19896677,0.19733506,0.60369813
1989325522,0.5973316,0.17362002,0.22904834
1989326123,0.6387519,0.1870249,0.17422314
1989333144,0.29597476,0.4213399,0.28268534
1989374296,0.37619284,0.30966794,0.31413928
1989496020,0.3458509,0.2606802,0.39346892
1989519028,0.30143306,0.41956407,0.27900276
1989685321,0.19211538,0.6471995,0.16068508
1989749249,0.44706044,0.25647867,0.29646093
1989756666,0.34354213,0.4072894,0.24916853
1989916913,0.23811531,0.25509542,0.50678927
1989983690,0.15675084,0.63942295,0.20382617
1990207622,0.38617724,0.28767955,0.32614318
1990226441,0.192,0.2135379,0.5944621
1990307114,0.37569344,0.3580873,0.2662192
1990319593,0.2514671,0.42685,0.32168293
1990424950,0.11073351,0.1009842,0.78828233
1990440373,0.25875401,0.23882267,0.5024234
1990575238,0.3456605,0.3000547,0.35428482
1990778880,0.2022987,0.52332735,0.2743739
1990796695,0.36763942,0.31506366,0.31729695
1991068866,0.32058144,0.268291,0.4111275
1991408795,0.26986971,0.19910806,0.5310222
1991465081,0.33543852,0.42022312,0.2443384
1991641887,0.29539382,0.32963553,0.37497064
1991670501,0.29750976,0.27108172,0.43140855
1991707666,0.15326382,0.5920352,0.25470108
1991776671,0.301107,0.32851812,0.3703749
1991868649,0.39845574,0.2673306,0.33421367
1991967670,0.16260864,0.5695186,0.26787272
1992103532,0.15777259,0.16584578,0.6763817
1992125346,0.44312182,0.2976627,0.2592155
1992464602,0.41360974,0.2780532,0.30833706
1992537155,0.48069927,0.25442865,0.26487198
1992695585,0.2270875,0.21038999,0.56252253
1992721852,0.3317653,0.3799336,0.28830105
1992725893,0.2931666,0.3906948,0.31613868
1992829621,0.42669767,0.2947658,0.2785366
1992881385,0.46226376,0.29153058,0.24620564
1992893755,0.41377228,0.34233472,0.24389297
1992977789,0.20466538,0.44452146,0.35081318
1992980033,0.11003569,0.74217623,0.1477881
1993090171,0.33694822,0.2803295,0.38272232
1993181641,0.14375849,0.14597219,0.71026933
1993240930,0.38745913,0.33264753,0.2798933
1993347624,0.31743926,0.3209993,0.36156148
1993364677,0.3879237,0.2506013,0.36147505
1993374241,0.40927678,0.27985495,0.31086826
1993470073,0.6387593,0.17217495,0.18906567
1993508894,0.32480055,0.35597348,0.319226
1993628059,0.41926545,0.2968698,0.28386474
1993724915,0.29628682,0.45750546,0.24620771
1993853711,0.2773161,0.24799189,0.474692
1993902763,0.41873437,0.30573666,0.27552888
1993985814,0.15017281,0.68338954,0.16643766
1993992589,0.29050595,0.28135687,0.42813718
1994032605,0.5404793,0.25568813,0.2038326
1994036398,0.20973757,0.56761044,0.222652
1994217438,0.109957956,0.68369734,0.20634474
1994221812,0.4362393,0.2823533,0.28140733
1994255077,0.23600376,0.3748497,0.3891466
1994290511,0.572907,0.2069613,0.22013171
1994299265,0.28638658,0.25021148,0.4634019
1994311035,0.6331193,0.17801298,0.18886763
1994338904,0.20299059,0.28826773,0.50874174
1994409432,0.41373688,0.30434453,0.28191853
1994485699,0.42127165,0.30567428,0.27305403
1994743386,0.18979232,0.2162072,0.59400046
1994946492,0.19473487,0.5813877,0.22387747
1995076849,0.31841868,0.3686452,0.3129362
1995087062,0.5235565,0.26933008,0.20711346
1995112271,0.36994186,0.3501517,0.27990642
1995271562,0.15877502,0.6598833,0.18134171
1995374640,0.35256314,0.3123526,0.33508426
1995404641,0.27598342,0.33255616,0.39146048
1995614160,0.35120428,0.30609676,0.34269893
1995696901,0.1250531,0.72809315,0.14685376
1995785920,0.28693756,0.36005253,0.35300994
1995791856,0.30627126,0.38246968,0.31125903
1995841913,0.37373686,0.3218127,0.30445048
1995847932,0.3194736,0.37282944,0.30769694
1995866268,0.62082845,0.17366694,0.20550461
1995889591,0.13471088,0.6868653,0.17842376
1996016764,0.6719123,0.15094078,0.17714691
1996108199,0.16681124,0.63782036,0.19536845
1996172403,0.28329226,0.34818026,0.36852747
1996208772,0.5966567,0.21522568,0.18811765
1996511383,0.3051662,0.3529909,0.34184286
1996609520,0.16141982,0.16019,0.6783902
1996770259,0.27359492,0.42345715,0.30294794
1996795461,0.35388094,0.291833,0.354286
1996844545,0.11668285,0.7543974,0.12891975
1996861910,0.4371718,0.2645091,0.298319
1996862896,0.40953094,0.3209987,0.26947036
1997016599,0.5450286,0.17124933,0.2837221
1997063849,0.31337354,0.3839976,0.3026289
1997069435,0.3050489,0.43221292,0.26273817
1997086016,0.33011743,0.34453344,0.32534915
1997096721,0.14532794,0.6783494,0.17632267
1997112132,0.17084263,0.60461295,0.22454445
1997163254,0.25832048,0.31734705,0.4243324
1997396270,0.28215092,0.4785691,0.23927993
1997481073,0.4183356,0.281281,0.30038348
1997667155,0.07107669,0.83275604,0.096167296
1997789128,0.29746997,0.29027325,0.4122568
1997808417,0.48267585,0.26595747,0.25136673
1997881048,0.6159105,0.1296259,0.25446355
1997924498,0.3817819,0.37726346,0.24095464
1997944773,0.055685785,0.8643417,0.07997248
1998054979,0.3660752,0.3498727,0.28405213
1998208398,0.3903859,0.22502282,0.38459134
1998234756,0.5519525,0.23845595,0.20959163
1998366514,0.78279644,0.07749219,0.13971138
1998487674,0.26060513,0.28406098,0.45533395
1998702220,0.40879607,0.3103928,0.28081113
1998773470,0.39636055,0.33135396,0.27228555
1998861104,0.309125,0.40176255,0.2891125
1998866028,0.24752313,0.26468638,0.48779052
1998876754,0.15213181,0.66827244,0.17959574
1998986023,0.23406592,0.44738728,0.31854677
1999032159,0.2529626,0.34038314,0.40665427
1999098899,0.4041309,0.28631058,0.30955848
1999125505,0.433419,0.33096534,0.23561557
1999231315,0.32201952,0.34613672,0.3318438
1999526009,0.20607404,0.5666125,0.22731353
1999583787,0.19308013,0.5844753,0.22244462
1999648521,0.4904241,0.26870802,0.24086781
1999852355,0.25297487,0.28850746,0.45851764
1999855855,0.22538577,0.26723638,0.50737786
1999878908,0.36568066,0.35673618,0.27758315
2000044781,0.3490758,0.3179008,0.33302346
2000199486,0.25314415,0.2407732,0.50608265
2000210699,0.5498871,0.23813665,0.21197622
2000484455,0.32768622,0.3836333,0.28868055
2000560288,0.284032,0.43287015,0.2830978
2000608572,0.19879612,0.22150058,0.57970333
2000675971,0.37267548,0.3311008,0.29622376
2000687191,0.6991379,0.1267995,0.1740626
2000754560,0.27240148,0.3312129,0.39638564
2000812322,0.23528467,0.44847488,0.31624043
2000906946,0.41788945,0.32335898,0.2587516
2000917426,0.5271203,0.1865492,0.2863305
2001031114,0.628513,0.18256249,0.18892457
2001050187,0.22004263,0.28234723,0.49761006
2001059803,0.3878228,0.32974014,0.28243712
2001203909,0.24531817,0.3786626,0.3760192
2001223387,0.18364567,0.5964038,0.21995053
2001375420,0.12893948,0.6840743,0.18698622
2001395405,0.2594559,0.25920576,0.4813383
2001582756,0.17568287,0.18964632,0.6346708
2001625501,0.42070284,0.18990032,0.38939673
2001778296,0.17007625,0.59085464,0.23906909
2001789554,0.4233816,0.276971,0.29964733
2001955660,0.6795619,0.10069199,0.21974611
2001989170,0.37901595,0.34606448,0.2749195
2002178728,0.48699847,0.24546796,0.26753357
2002330049,0.6033695,0.18861939,0.20801118
2002349787,0.215547,0.4851061,0.29934692
2002455046,0.2201096,0.55628276,0.22360764
2002504518,0.52344155,0.25500542,0.22155309
2002516243,0.5182677,0.24439843,0.23733386
2002549438,0.16793583,0.6465456,0.18551864
2002700366,0.48219597,0.32033175,0.19747223
2002798719,0.31439203,0.34202346,0.34358454
2002856938,0.14090222,0.16507517,0.69402266
2002861609,0.3108489,0.37044674,0.3187044
2002948551,0.21537882,0.5327604,0.2518608
2003229420,0.269677,0.3644777,0.3658453
2003234083,0.75431585,0.09971493,0.14596921
2003304319,0.5463329,0.23528242,0.21838465
2003437531,0.44711334,0.26965204,0.2832346
2003438451,0.3738534,0.37916654,0.24698006
2003469369,0.304617,0.20791015,0.48747283
2003518404,0.4499133,0.30178255,0.24830423
2003618030,0.3469072,0.27171528,0.38137746
2003669470,0.42703035,0.22593606,0.34703362
2003718257,0.27223092,0.41501945,0.31274962
2003759300,0.23561743,0.45692432,0.30745822
2003966798,0.3989015,0.16998567,0.43111286
2003986602,0.27652737,0.3222319,0.40124077
2004045809,0.25985736,0.24234572,0.49779686
2004107214,0.15924597,0.16168399,0.67907006
2004177423,0.64398104,0.18004394,0.17597502
2004209619,0.63087696,0.14341065,0.22571246
2004279155,0.3440519,0.34463176,0.31131634
2004337375,0.33576977,0.29414484,0.3700854
2004470111,0.30511814,0.27531612,0.41956574
2004471853,0.30921894,0.34509432,0.34568667
2004511659,0.3245398,0.39240515,0.28305504
2004598889,0.5923463,0.20727909,0.2003747
2004767599,0.21598755,0.54255575,0.24145672
2004823178,0.3366429,0.36881348,0.2945436
2004824754,0.3427337,0.34536865,0.3118976
2004834533,0.56358236,0.2161173,0.22030032
2004846203,0.14037646,0.68447,0.17515357
2005129540,0.36012846,0.30722997,0.3326415
2005147627,0.45812455,0.24845645,0.29341894
2005668941,0.25533038,0.44087765,0.30379194
2005691611,0.3360291,0.36544222,0.29852867
2005718928,0.29061058,0.3495662,0.35982317
2005822229,0.3191581,0.40332592,0.277516
2005944587,0.3666234,0.33932975,0.29404688
2006010719,0.42737535,0.3178106,0.254814
2006106730,0.37402043,0.32537884,0.30060074
2006149797,0.32646158,0.3524542,0.3210842
2006208658,0.54142815,0.24218741,0.21638449
2006264958,0.36055097,0.3699991,0.26944995
2006287996,0.40308675,0.32295808,0.27395517
2006317931,0.21319954,0.19960023,0.58720016
2006364550,0.4301628,0.2280376,0.3417996
2006422565,0.1585701,0.15595663,0.6854732
2006490422,0.093851484,0.789549,0.116599515
2006600665,0.4396435,0.26660174,0.29375485
2006619666,0.39844215,0.2953571,0.30620077
2006672047,0.31826875,0.3486994,0.3330319
2006701065,0.53490955,0.2409081,0.22418234
2006863916,0.34995192,0.30475137,0.34529665
2006871879,0.41244403,0.33485317,0.2527029
2007002401,0.34317663,0.365592,0.2912314
2007085861,0.26008564,0.4026069,0.33730742
2007120055,0.28577465,0.27017155,0.44405377
2007160821,0.455358,0.28040573,0.26423624
2007385774,0.15091543,0.30074126,0.54834324
2007493352,0.101546116,0.105157964,0.79329586
2007620579,0.33083567,0.3687825,0.3003818
2007664418,0.28142548,0.2957541,0.42282042
2007697166,0.11166278,0.10942104,0.7789162
2007745930,0.3102899,0.40952906,0.28018114
2008057300,0.2629542,0.482379,0.25466684
2008085748,0.43610644,0.32204473,0.24184878
2008156380,0.3988524,0.31762218,0.28352535
2008240975,0.24511491,0.4518396,0.30304548
2008634204,0.36701912,0.33843526,0.29454562
2008638761,0.3931976,0.30987805,0.2969244
2008663365,0.38750154,0.3306342,0.28186426
2008712758,0.3891823,0.36681262,0.24400514
2008807321,0.3387149,0.3083396,0.35294557
2008905081,0.44699344,0.2987853,0.25422126
2009005763,0.44104338,0.25224137,0.30671522
2009006679,0.37670106,0.33536422,0.28793472
2009019682,0.4460295,0.30358183,0.25038868
2009028643,0.23388468,0.41143224,0.35468313
2009237648,0.21330397,0.48507985,0.30161622
2009245721,0.3801151,0.27619213,0.34369272
2009249310,0.123959966,0.72921425,0.1468258
2009267947,0.16623092,0.6202385,0.21353057
2009302840,0.22922784,0.26248458,0.5082876
2009325444,0.44192305,0.29035923,0.26771775
2009443908,0.59098524,0.20067282,0.20834194
2009453948,0.45599782,0.27164745,0.27235472
2009565913,0.31202692,0.28450504,0.40346804
2009608592,0.2614846,0.43052256,0.30799294
2009615307,0.39774892,0.31914535,0.2831058
2009619087,0.13135871,0.7114629,0.15717837
2009635995,0.26258639,0.19732317,0.5400905
2009745126,0.26604488,0.31902692,0.41492817
2009766910,0.34439558,0.3205874,0.33501697
2009812615,0.27776802,0.24600877,0.47622314
2010038162,0.1938837,0.517693,0.28842333
2010069401,0.31706032,0.29816204,0.38477764
2010082041,0.17672378,0.5911795,0.23209672
2010142503,0.40193668,0.30336764,0.29469573
2010273589,0.4909951,0.2885465,0.22045842
2010275388,0.17133687,0.6382713,0.19039188
2010374611,0.523774,0.23818143,0.23804449
2010395394,0.5114204,0.23577793,0.25280172
2010405203,0.48449278,0.23243874,0.28306845
2010414379,0.09754815,0.10294623,0.7995056
2010420309,0.28840873,0.44101387,0.27057737
2010536086,0.2228198,0.5470215,0.2301586
2010540869,0.5074166,0.24308987,0.2494936
2010662752,0.076609336,0.82461214,0.098778486
2010664012,0.22664317,0.20568608,0.5676708
2010689423,0.16342129,0.15279594,0.68378276
2010956342,0.580435,0.21281682,0.20674819
2011041452,0.33700916,0.38960823,0.27338266
2011114111,0.22970615,0.576375,0.1939188
2011170978,0.44806555,0.29704502,0.25488937
2011267686,0.38381872,0.33919093,0.27699038
2011361612,0.34072974,0.20692138,0.45234883
2011363222,0.19158487,0.58660007,0.22181508
2011390091,0.4017667,0.31129962,0.2869337
2011392115,0.674077,0.16318268,0.16274032
2011509086,0.13814873,0.7150787,0.1467725
2011685892,0.4454818,0.30307567,0.25144246
2011715470,0.2654649,0.34119755,0.3933375
2011791573,0.30870366,0.3457742,0.3455221
2011831189,0.27630714,0.21946716,0.5042257
2011914343,0.27185583,0.3332663,0.39487788
2011945598,0.44689,0.3227347,0.23037529
2011974952,0.392077,0.32494703,0.28297594
2012051860,0.46796235,0.3017222,0.23031548
2012101974,0.26761326,0.35917935,0.37320736
2012114981,0.4481343,0.2661859,0.2856798
2012170472,0.2759004,0.29189622,0.43220338
2012305881,0.27597684,0.3439419,0.38008127
2012331411,0.5774411,0.20640866,0.21615021
2012503705,0.15475182,0.15759203,0.68765616
2012568120,0.31303623,0.43517712,0.25178662
2012571314,0.31561705,0.3146368,0.3697462
2012663187,0.20221694,0.4792557,0.31852734
2012741083,0.3976598,0.28302714,0.31931308
2012875992,0.053748626,0.055217076,0.89103436
2012901422,0.2748442,0.31353676,0.41161904
2013211715,0.32911915,0.24274327,0.4281375
2013334601,0.17144002,0.6240485,0.20451158
2013441224,0.4879404,0.254197,0.2578626
2013578314,0.4194658,0.3102642,0.27027
2013595761,0.5864993,0.17042416,0.24307652
2013653507,0.35583535,0.29640967,0.34775487
2013679260,0.30660096,0.29122105,0.40217802
2013744351,0.44749337,0.31768087,0.23482578
2013958883,0.1890344,0.1936392,0.6173264
2014025361,0.29222164,0.2692795,0.43849888
2014076233,0.70216787,0.13554431,0.16228776
2014338121,0.40110216,0.30689338,0.2920044
2014359453,0.10585235,0.10396622,0.79018146
2014491560,0.69195443,0.1214366,0.18660891
2014552638,0.13030143,0.6670962,0.20260233
2014566289,0.32916316,0.38358325,0.2872536
2014636831,0.58426756,0.2172353,0.1984971
2014642458,0.36433485,0.24704386,0.38862136
2014643361,0.34231174,0.36855277,0.28913552
2014705262,0.27051452,0.39670792,0.3327775
2014756486,0.25177515,0.2816596,0.4665652
2014769092,0.53213686,0.16344406,0.30441913
2014783285,0.2585252,0.3616795,0.37979528
2014809841,0.1606537,0.62528515,0.21406113
2014908410,0.5950788,0.1756642,0.22925693
2014911233,0.09205279,0.077123314,0.83082384
2014913197,0.19865324,0.21075508,0.59059167
2014935630,0.22339724,0.27346408,0.50313866
2014942633,0.6144831,0.16728397,0.21823296
2014946724,0.35523275,0.35138777,0.29337946
2014957584,0.10351476,0.09590367,0.80058146
2015092590,0.3443496,0.3667334,0.28891698
2015093375,0.49756604,0.2578981,0.24453588
2015285147,0.20026073,0.5831837,0.21655564
2015355824,0.3009864,0.3108387,0.38817486
2015357481,0.716084,0.1077583,0.1761577
2015401213,0.15352875,0.68880546,0.15766585
2015429054,0.58418584,0.21643078,0.19938332
2015455536,0.24138647,0.44827357,0.31033987
2015465596,0.36118224,0.30806166,0.33075613
2015491977,0.30960038,0.30941296,0.38098663
2015508638,0.34883872,0.30339488,0.34776643
2015539374,0.21338126,0.23856719,0.54805154
2015605486,0.46846375,0.2700976,0.2614387
2015653027,0.15911065,0.64262056,0.19826886
2016082640,0.17883158,0.6378087,0.18335967
2016142964,0.25774935,0.34181333,0.40043733
2016146041,0.2684378,0.42329174,0.30827042
2016180794,0.27102712,0.3441083,0.3848646
2016238451,0.2201443,0.46329856,0.3165571
2016282146,0.13426135,0.1334492,0.7322895
2016372423,0.27298427,0.36800134,0.35901442
2016378424,0.79129446,0.083043166,0.12566242
2016616419,0.1609179,0.65187615,0.18720594
2016741035,0.60545385,0.18440996,0.21013612
2016766440,0.40942353,0.3172898,0.27328667
2016798300,0.40308735,0.33714363,0.25976905
2016806047,0.15375227,0.14148524,0.70476246
2016824256,0.45971167,0.28216115,0.25812718
2016830511,0.24448264,0.31703898,0.43847838
2016850515,0.47543514,0.2424909,0.2820739
2016864806,0.18795957,0.17463005,0.6374104
2016879128,0.7561399,0.10139558,0.14246458
2017043804,0.17805684,0.18507062,0.63687253
2017249929,0.17859049,0.21185192,0.6095576
2017254710,0.30499917,0.43267283,0.26232797
2017334047,0.16913575,0.6530027,0.17786154
2017366630,0.36130422,0.3510977,0.2875981
2017520233,0.37471163,0.32320234,0.302086
2017602664,0.35015494,0.3670259,0.28281918
2017736139,0.6062284,0.19038329,0.20338832
2017743748,0.4776114,0.18830818,0.3340804
2017752666,0.36159927,0.28291088,0.3554899
2017761610,0.6730404,0.106070206,0.22088933
2017787933,0.3265793,0.35599986,0.31742093
2017790601,0.2914267,0.31788024,0.39069304
2017821766,0.24076034,0.40025422,0.35898542
2017890151,0.18246023,0.26791447,0.5496252
2018055806,0.32442078,0.3627675,0.3128118
2018117127,0.71341115,0.14661732,0.13997155
2018211589,0.30269867,0.24786867,0.44943273
2018227487,0.5115277,0.21010077,0.27837148
2018437932,0.7325758,0.09851264,0.16891165
2018606744,0.27556014,0.22210996,0.5023298
2018645633,0.35022014,0.38633722,0.26344264
2018759522,0.13963157,0.12185259,0.73851585
2018794261,0.6767052,0.15062913,0.17266566
2018930914,0.56349504,0.2398772,0.1966278
2019044576,0.11821098,0.7561099,0.12567909
2019054143,0.21199563,0.19896385,0.5890406
2019095147,0.0624,0.85122234,0.08637766
2019111212,0.3344473,0.29279554,0.37275717
2019186665,0.3361533,0.34124658,0.3226002
2019214119,0.29255152,0.32643777,0.38101065
2019365155,0.46688268,0.30203187,0.23108536
2019463228,0.30220047,0.437618,0.2601816
2019467320,0.6439423,0.17068611,0.18537164
2019535527,0.17320997,0.16883397,0.65795606
2019671601,0.28749484,0.3644933,0.34801188
2019833690,0.38468048,0.3066456,0.3086739
2019941086,0.325252,0.3961599,0.2785881
2020010623,0.68091565,0.13948095,0.17960337
2020047493,0.11899858,0.7283307,0.1526708
2020116656,0.7998294,0.07503551,0.12513505
2020217297,0.12631713,0.7353648,0.13831803
2020229045,0.3612575,0.3294118,0.30933073
2020249090,0.29380262,0.3595122,0.34668514
2020344604,0.17617941,0.6381348,0.18568575
2020404871,0.49365526,0.23840593,0.2679388
2020426195,0.33676893,0.3549528,0.3082783
2020546008,0.4258835,0.30997443,0.264142
2020581031,0.42745855,0.32242396,0.25011748
2020582390,0.36997586,0.2759619,0.35406226
2020596315,0.39619234,0.2785122,0.32529548
2020614042,0.21944222,0.29826695,0.48229083
2020648265,0.1920309,0.19553368,0.61243546
2020655674,0.25838932,0.21329693,0.52831376
2020767299,0.24145284,0.22564338,0.5329038
2020797948,0.39449716,0.22241189,0.3830909
2020798249,0.31413528,0.34416384,0.34170082
2020819727,0.5270864,0.2615077,0.21140595
2020860095,0.3176279,0.2739434,0.40842873
2020866664,0.5207084,0.2610748,0.2182169
2020867727,0.4274937,0.36151478,0.21099153
2020885844,0.15986125,0.63674,0.20339866
2020944014,0.6215855,0.13045521,0.24795927
2021120992,0.3835911,0.30284983,0.3135591
2021291768,0.55052274,0.22543392,0.22404328
2021294601,0.3229538,0.36641645,0.31062973
2021583063,0.4293505,0.29004526,0.28060424
2021587184,0.2857328,0.366315,0.34795225
2021673257,0.30951837,0.37395835,0.31652328
2021740077,0.31057248,0.4345458,0.25488177
2021889835,0.3157747,0.35152262,0.33270258
2021953804,0.58050275,0.1797814,0.23971584
2022034358,0.4342405,0.2992022,0.26655737
2022062978,0.23816416,0.3499627,0.41187313
2022240337,0.30894637,0.36231223,0.32874134
2022262191,0.19498934,0.5156182,0.28939244
2022368912,0.30472353,0.32548136,0.36979517
2022394365,0.41447872,0.28206578,0.3034555
2022439785,0.36480424,0.3470443,0.28815144
2022455310,0.26659125,0.25707567,0.47633305
2022523485,0.24432622,0.39244524,0.3632286
2022575689,0.24404213,0.25705495,0.4989029
2022602365,0.36478812,0.35656485,0.27864698
2022911993,0.18105447,0.570721,0.24822459
2022981120,0.103741296,0.09892201,0.7973367
2023008011,0.40450373,0.28847027,0.3070261
2023111211,0.46374714,0.3040627,0.23219009
2023113195,0.33566827,0.32777897,0.33655274
2023159103,0.27923837,0.24406931,0.4766923
2023228694,0.3341416,0.36891112,0.29694727
2023318972,0.45329654,0.30919757,0.23750582
2023367275,0.19685206,0.60691094,0.196237
2023507660,0.35474032,0.36805597,0.27720374
2023604029,0.4633005,0.26583037,0.2708691
2023677478,0.49922764,0.27234793,0.22842444
2024019662,0.40554613,0.2959248,0.2985291
2024192981,0.11379715,0.7538365,0.13236631
2024278869,0.17229827,0.6379052,0.18979657
2024291909,0.29846978,0.4155666,0.28596362
2024308268,0.53794783,0.20870274,0.2533494
2024320022,0.17398283,0.17238289,0.6536343
2024359059,0.2648051,0.448748,0.28644687
2024463498,0.4367194,0.3361872,0.22709344
2024507596,0.37769753,0.19792232,0.4243802
2024610769,0.25217506,0.44464397,0.3031809
2024677938,0.50514925,0.29004493,0.2048058
2024680136,0.43410093,0.3304208,0.23547821
2024809138,0.23410754,0.38732055,0.37857187
2024854910,0.31856105,0.3776832,0.30375576
2024914080,0.28018865,0.2858048,0.4340065
2025042962,0.3596738,0.36543015,0.27489612
2025112600,0.48327956,0.27904814,0.23767237
2025115443,0.37529066,0.3900739,0.23463546
2025284166,0.27027056,0.4139153,0.31581414
2025591426,0.25719345,0.21397497,0.52883154
2025807295,0.1207446,0.7334815,0.14577392
2025808592,0.288038,0.39883024,0.31313175
2025871361,0.3289316,0.26861265,0.40245575
2025892233,0.24337065,0.26319012,0.4934393
2025931603,0.25363627,0.4090836,0.33728015
2026019381,0.30619162,0.38234314,0.31146523
2026095965,0.14587012,0.13340001,0.7207299
2026262418,0.30835518,0.39294678,0.29869807
2026328352,0.13220853,0.7086836,0.15910782
2026412864,0.18027756,0.600023,0.21969941
2026474084,0.36031812,0.36486164,0.2748203
2026532095,0.14586532,0.6737013,0.1804333
2026561247,0.3527901,0.37233958,0.2748703
2026600805,0.11322739,0.75620747,0.1305651
2026795544,0.34594423,0.23568279,0.41837305
2026828158,0.09062008,0.07336199,0.836018
2026935252,0.4257692,0.31191498,0.26231587
2026974035,0.26015618,0.2621744,0.47766945
2027011649,0.22344954,0.18180028,0.5947502
2027133560,0.5579437,0.23471741,0.20733887
2027203300,0.2790208,0.28015065,0.44082862
2027276813,0.11618772,0.746467,0.13734528
2027297201,0.12690635,0.11335495,0.75973874
2027346970,0.17891951,0.167883,0.6531975
2027407860,0.4679575,0.27591485,0.2561277
2027469490,0.36384436,0.3348618,0.30129382
2027538663,0.5294853,0.20957462,0.2609401
2027610050,0.2403755,0.19719188,0.5624326
2027659245,0.6751741,0.14589405,0.17893174
2027679033,0.18819718,0.6287271,0.18307577
2027693112,0.4780758,0.25849706,0.26342708
2027834504,0.69459003,0.13644995,0.16896006
2027838479,0.3052295,0.32524446,0.36952603
2027882487,0.3672506,0.37741417,0.2553352
2027902208,0.41841722,0.3070809,0.27450192
2027919484,0.4128535,0.3278203,0.25932613
2027937559,0.40494776,0.34366858,0.25138363
2027942289,0.56975913,0.2074743,0.22276664
2027985453,0.35976753,0.347555,0.2926775
2028040111,0.22863512,0.5221173,0.24924766
2028041863,0.425203,0.27870035,0.29609665
2028053374,0.2511511,0.23190278,0.51694614
2028093912,0.332986,0.35586476,0.31114927
2028215884,0.28774709,0.34809005,0.36416286
2028219972,0.36273092,0.31839332,0.31887573
2028390189,0.3601936,0.32427865,0.3155277
2028455256,0.32377946,0.33223608,0.34398448
2028574522,0.37335768,0.37797526,0.24866709
2028871902,0.10110855,0.08828174,0.81060976
2029152141,0.29322195,0.38277817,0.32399988
2029372460,0.32887223,0.3088007,0.36232704
2029447167,0.34936777,0.30659035,0.34404185
2029477617,0.19569059,0.45254454,0.35176486
2029536656,0.3437678,0.34662616,0.30960605
2029563868,0.37848654,0.2110195,0.41049394
2029570050,0.41977784,0.3319001,0.24832201
2029580750,0.23759145,0.45532998,0.3070785
2029760778,0.22119404,0.378037,0.400769
2030058519,0.186525,0.5917371,0.22173797
2030134992,0.27096143,0.4692526,0.25978598
2030179258,0.21532492,0.27680862,0.50786644
2030199894,0.28453884,0.33517486,0.3802864
2030244311,0.55474603,0.25969547,0.1855585
2030307990,0.26932195,0.45231715,0.27836087
2030360883,0.19649383,0.5867446,0.21676151
2030651048,0.15997006,0.17127532,0.66875464
2030700303,0.058386765,0.05767369,0.8839395
2030805286,0.1401112,0.20273896,0.6571498
2030833966,0.4046821,0.30795565,0.28736234
2031072054,0.20729499,0.533942,0.25876302
2031158649,0.37516037,0.34441915,0.28042057
2031180140,0.19653101,0.23328361,0.5701854
2031236487,0.48600987,0.29269165,0.2212985
2031292921,0.47041264,0.27944124,0.25014612
2031293798,0.28204885,0.34775117,0.37019995
2031412153,0.2882727,0.4273452,0.28438222
2031447538,0.30198953,0.26947272,0.42853776
2031545371,0.3491046,0.34395695,0.3069385
2031563164,0.50904053,0.25449157,0.23646785
2031568051,0.6732145,0.17090428,0.15588123
2031583468,0.26161474,0.27715173,0.46123356
2031595614,0.3174351,0.3372354,0.34532955
2031602975,0.40908056,0.3226689,0.26825055
2031767313,0.16530131,0.19341688,0.6412818
2031839076,0.29636487,0.41347495,0.29016015
2031872123,0.44809744,0.3094491,0.24245349
2031931391,0.67437917,0.10795521,0.21766563
2031993147,0.29364976,0.326576,0.3797742
2032047891,0.31894046,0.37741613,0.30364335
2032176673,0.49172747,0.253518,0.25475454
2032195410,0.35399854,0.33097458,0.31502688
2032272018,0.07962177,0.80918485,0.11119342
2032348389,0.69997704,0.1501058,0.14991714
2032456938,0.3443854,0.36990252,0.28571206
2032504715,0.28039506,0.41930214,0.30030277
2032593737,0.19157468,0.22141087,0.58701444
2032608881,0.2966217,0.40407228,0.29930604
2032693467,0.17548035,0.6122,0.21231969
2032698362,0.37158102,0.3401345,0.28828445
2032781077,0.34852272,0.43909666,0.21238068
2032843112,0.6598895,0.13898322,0.20112726
2032872722,0.71341103,0.13286676,0.15372221
2032978315,0.28023267,0.2587498,0.4610176
2033157046,0.57441014,0.22088388,0.20470598
2033280305,0.34734663,0.34840584,0.3042476
2033294448,0.44270307,0.30061963,0.25667733
2033300233,0.29617557,0.34507203,0.3587524
2033487953,0.38041738,0.3211806,0.29840204
2033501028,0.41726682,0.3387639,0.2439693
2033528020,0.5284996,0.22511192,0.24638851
2033562043,0.4136753,0.33971113,0.24661353
2033563762,0.39463443,0.349766,0.25559968
2033641961,0.24094795,0.39134732,0.36770475
2033712461,0.52962977,0.19696258,0.27340764
2033852652,0.3098695,0.4007061,0.28942442
2033945064,0.3505841,0.36242592,0.28699005
2033953991,0.34561372,0.34161103,0.31277528
2034007454,0.2801484,0.36476535,0.35508624
2034012455,0.20329937,0.5879879,0.20871276
2034174885,0.55954975,0.17802452,0.26242572
2034203959,0.2590766,0.24589674,0.49502662
2034206309,0.20292924,0.25239727,0.5446735
2034284843,0.3241837,0.3525463,0.32326996
2034306781,0.33872768,0.2414661,0.41980624
2034457056,0.33171996,0.36945307,0.2988269
2034527757,0.16078603,0.6352744,0.20393956
2034539788,0.2979981,0.36307544,0.3389265
2034614134,0.22379224,0.26105672,0.515151
2034623425,0.46133766,0.2835711,0.25509122
2034625513,0.31231114,0.3324755,0.3552133
2034717027,0.4606577,0.2344059,0.3049364
2034728186,0.849419,0.05541372,0.095167324
2034732425,0.32486895,0.36295646,0.31217462
2034756241,0.18022297,0.15409485,0.66568226
2034821902,0.058386765,0.05767369,0.8839395
2034865768,0.39411217,0.33915848,0.26672938
2034939310,0.5058361,0.26679403,0.2273699
2035231411,0.2942529,0.40206736,0.30367973
2035274759,0.10545695,0.106525466,0.7880176
2035301316,0.4934328,0.24294983,0.26361743
2035397330,0.18975706,0.5852133,0.22502956
2035397929,0.3003405,0.38888186,0.31077763
2035448771,0.10925613,0.7209253,0.16981858
2035538930,0.1335302,0.7237453,0.14272451
2035564046,0.29031658,0.30169424,0.4079891
2035592012,0.47996274,0.22590902,0.29412833
2035593417,0.32652247,0.37535626,0.29812127
2035648388,0.31694546,0.35993892,0.32311562
2035661454,0.63812685,0.13280521,0.22906798
2035779480,0.48714995,0.25739554,0.2554545
2035802448,0.29601064,0.34982732,0.35416204
2035967138,0.41070923,0.26557168,0.323719
2036037766,0.26422134,0.24269755,0.49308115
2036100885,0.08891644,0.8236438,0.08743976
2036126179,0.23898175,0.4337174,0.32730094
2036126652,0.40881583,0.32425925,0.26692492
2036193113,0.38793468,0.3204233,0.29164204
2036224159,0.45854658,0.2848681,0.2565853
2036265262,0.4025927,0.29221404,0.30519333
2036277459,0.14704223,0.6891927,0.163765
2036314696,0.16846032,0.25765383,0.5738858
2036376342,0.19189028,0.5744988,0.23361088
2036443660,0.185712,0.5886681,0.22561984
2036585943,0.29246825,0.24583548,0.4616963
2036626157,0.1948504,0.5525354,0.25261423
2036747664,0.3518597,0.3504517,0.2976886
2036767903,0.23418517,0.5123292,0.25348562
2036806849,0.5069809,0.26292866,0.23009048
2036908580,0.15443821,0.40366188,0.44189996
2036910160,0.32257238,0.37117946,0.30624816
2036914119,0.3608731,0.35538682,0.2837401
2036956013,0.34599766,0.4107115,0.24329089
2037055295,0.37577486,0.33394143,0.29028368
2037090966,0.34361976,0.38235447,0.27402583
2037105580,0.19753575,0.56427366,0.23819064
2037110108,0.3825705,0.3495496,0.2678799
2037265555,0.2688709,0.28701523,0.44411394
2037272619,0.32057014,0.40803346,0.2713964
2037324833,0.6426497,0.17078906,0.1865613
2037346719,0.46212697,0.29004106,0.24783197
2037418828,0.30488098,0.34359086,0.3515282
2037648711,0.32516512,0.27682215,0.3980127
2037713928,0.27503374,0.43785152,0.2871147
2037809015,0.29244435,0.34137598,0.36617962
2037822167,0.32396984,0.3953489,0.28068122
2037934131,0.620843,0.19165626,0.1875007
2038013333,0.3381147,0.3045703,0.35731497
2038038270,0.6439856,0.15997662,0.1960378
2038063745,0.672195,0.16181861,0.16598642
2038188540,0.37274495,0.30073756,0.3265175
2038252531,0.081307895,0.8182058,0.10048633
2038264336,0.2422046,0.5056649,0.25213054
2038415983,0.3066115,0.33147436,0.36191407
2038518686,0.47158253,0.23140827,0.2970092
2038551279,0.34289432,0.38097093,0.27613482
2038577800,0.2686681,0.4213321,0.30999985
2038638847,0.480515,0.2925252,0.2269598
2038892160,0.28807157,0.4731586,0.23876987
2038978239,0.10453563,0.776786,0.118678354
2039071331,0.41073593,0.30158707,0.28767696
2039232761,0.4648037,0.29840943,0.2367868
2039255366,0.66438204,0.16257724,0.17304069
2039350323,0.40565482,0.30601498,0.2883302
2039665838,0.13718309,0.6821483,0.18066864
2039689527,0.36077708,0.3417319,0.297491
2039698096,0.09704485,0.09696946,0.8059857
2039764749,0.22891994,0.3877007,0.3833794
2039849542,0.10890454,0.10908707,0.78200835
2039992314,0.06681446,0.8212229,0.1119626
2040106895,0.24528523,0.4283999,0.32631487
2040130502,0.15274268,0.670986,0.17627133
2040299346,0.26643735,0.42198756,0.31157508
2040334775,0.33031836,0.3432497,0.32643202
2040378302,0.5371338,0.22397387,0.23889232
2040426478,0.18115894,0.15378122,0.6650599
2040440700,0.653881,0.16018085,0.18593818
2040486542,0.30407655,0.31568128,0.3802422
2040578887,0.16064432,0.614059,0.22529668
2040659428,0.46249712,0.2710322,0.26647073
2040695754,0.32019746,0.34853885,0.33126366
2040705405,0.14905277,0.12258478,0.7283624
2040863009,0.46633396,0.30868655,0.22497952
2040947624,0.3441018,0.32008696,0.33581126
2041030349,0.07718066,0.80890906,0.113910235
2041054679,0.48168895,0.23476823,0.28354284
2041084212,0.26615316,0.28794706,0.44589972
2041140760,0.2625135,0.42571065,0.3117759
2041164643,0.30172738,0.3877881,0.3104845
2041217418,0.37061778,0.3274349,0.30194727
2041292821,0.40642104,0.27734894,0.31623
2041325379,0.36430275,0.37409827,0.26159903
2041510296,0.19546138,0.1965901,0.6079485
2041572258,0.632089,0.15474404,0.21316697
2041776957,0.0897569,0.7965548,0.11368824
2042048334,0.25058216,0.47116864,0.27824926
2042083907,0.1951881,0.49907166,0.30574024
2042102695,0.5369987,0.23767945,0.22532187
2042109029,0.2703293,0.3203145,0.40935618
2042235498,0.3035999,0.43698233,0.25941777
2042247073,0.27439082,0.4138199,0.31178933
2042276055,0.15791757,0.66905993,0.17302246
2042321794,0.15218776,0.68999964,0.15781257
2042326550,0.5198543,0.24358147,0.23656426
2042363832,0.39883298,0.33170187,0.26946506
2042428286,0.33708644,0.37372082,0.28919277
2042496946,0.42817423,0.3191014,0.25272435
2042498391,0.69744086,0.14209986,0.16045934
2042541805,0.12243222,0.7374439,0.1401239
2042570816,0.31576508,0.28066385,0.40357104
2042622629,0.28810096,0.30839294,0.40350607
2042639730,0.33315068,0.3386618,0.32818758
2042713033,0.34383225,0.4301217,0.22604613
2042764845,0.41510603,0.2793919,0.30550203
2042774768,0.1701408,0.6093143,0.2205449
2042843260,0.72398823,0.11139041,0.1646213
2042982082,0.34130764,0.32441097,0.3342814
2043008408,0.69345886,0.14012563,0.16641548
2043058757,0.25330317,0.5087144,0.23798245
2043141695,0.40713805,0.33873442,0.25412753
2043179426,0.38320106,0.3632294,0.2535695
2043239335,0.3743034,0.31765595,0.3080406
2043333755,0.32694238,0.3383987,0.3346589
2043583804,0.39369577,0.34499118,0.261313
2043614323,0.24091648,0.514742,0.24434148
2043727343,0.41091335,0.3384353,0.25065133
2043779990,0.1824865,0.18762904,0.6298844
2043833965,0.39954737,0.28143644,0.3190162
2043838494,0.403009,0.3479985,0.24899249
2043851691,0.78436446,0.09163473,0.1240007
2043912083,0.5610249,0.22804098,0.21093407
2044026350,0.08962966,0.08856261,0.8218078
2044127167,0.5099094,0.23374644,0.2563442
2044271587,0.33508012,0.35248664,0.3124333
2044294043,0.22689225,0.34291315,0.4301945
2044328442,0.77209014,0.09388545,0.13402441
2044368934,0.4816098,0.28398088,0.2344093
2044456617,0.4084349,0.3387986,0.25276652
2044483625,0.2947094,0.33813995,0.3671506
2044780533,0.37523293,0.28488114,0.33988586
2044783052,0.46804345,0.18148196,0.35047454
2044878597,0.23254256,0.3259993,0.4414582
2044880521,0.224477,0.5212623,0.25426078
2044888694,0.709763,0.13718706,0.15304999
2044934250,0.13660482,0.14120637,0.72218883
2044973718,0.35612997,0.30622125,0.33764884
2044995128,0.4885383,0.2857982,0.22566351
2045100131,0.7065645,0.13064228,0.1627932
2045300967,0.29743156,0.41341525,0.2891532
2045321139,0.17206444,0.17791717,0.6500184
2045374258,0.41591257,0.26958722,0.31450018
2045455561,0.32648137,0.2958164,0.3777022
2045584249,0.29767787,0.3501431,0.35217902
2045678876,0.3768086,0.35606217,0.26712924
2045704262,0.117127605,0.096824564,0.7860478
2045744756,0.23145136,0.31609565,0.45245305
2045838531,0.09342969,0.7817891,0.12478119
2045875456,0.34068978,0.3331266,0.32618362
2045900242,0.25673017,0.26713994,0.47612986
2045954163,0.59832305,0.19977161,0.20190534
2045986586,0.42364246,0.3239806,0.25237694
2046072545,0.41361108,0.24562941,0.3407595
2046097310,0.21727653,0.18968159,0.59304184
2046128425,0.29912636,0.34252727,0.3583463
2046163765,0.3367327,0.35150388,0.31176335
2046247512,0.35367134,0.33587113,0.31045756
2046317371,0.3127684,0.379984,0.3072476
2046340046,0.3743012,0.30675843,0.31894028
2046389166,0.31418943,0.38148805,0.30432254
2046536550,0.19458914,0.5501546,0.25525618
2046580265,0.54997534,0.21100529,0.23901936
2046663205,0.5909375,0.17471811,0.23434436
2046842481,0.24713486,0.4482916,0.3045736
2046843534,0.41028523,0.3302033,0.25951144
2046930754,0.28303072,0.34453723,0.37243205
2047102532,0.35737574,0.28121987,0.36140436
2047379906,0.35490227,0.31717318,0.32792455
2047428779,0.5249637,0.2476986,0.22733769
2047579569,0.2649934,0.45044613,0.28456047
2047589588,0.2713322,0.2330092,0.49565858
2047718704,0.17330258,0.60393226,0.22276519
2047730611,0.3650591,0.3710967,0.26384416
2047734841,0.49418166,0.27604237,0.22977601
2047819516,0.32015896,0.29804665,0.38179436
2047819657,0.56984437,0.18530142,0.24485426
2047827645,0.11526318,0.74518627,0.13955058
2047888579,0.36725292,0.24780257,0.3849445
2047934782,0.5556323,0.23229265,0.21207505
2047988109,0.4779596,0.2671736,0.2548668
2048014648,0.30054688,0.41426826,0.28518495
2048184040,0.42870286,0.32452697,0.24677017
2048500456,0.36100206,0.34747443,0.2915235
2048500498,0.27929407,0.27500984,0.4456961
2048695677,0.31868345,0.37173963,0.30957693
2048806664,0.16704746,0.15167026,0.68128234
2048865514,0.60376453,0.19663471,0.19960076
2048909399,0.15913107,0.59311163,0.24775727
2048920052,0.13510585,0.6844425,0.18045163
2048970928,0.329931,0.400493,0.26957598
2048975366,0.47865647,0.28724697,0.23409648
2048992121,0.37469992,0.33753896,0.28776106
2049075830,0.42900887,0.33895332,0.23203775
2049094289,0.52444506,0.24325144,0.23230349
2049112430,0.32918718,0.33849907,0.33231375
2049194872,0.68964285,0.14999315,0.16036393
2049273519,0.22530697,0.17506449,0.59962857
2049321272,0.1406608,0.68029624,0.17904294
2049384464,0.23644088,0.45382458,0.30973458
2049415823,0.4201806,0.32098377,0.2588356
2049477829,0.3049646,0.35934812,0.33568722
2049484830,0.095806845,0.09754442,0.80664873
2049645541,0.49506354,0.24673358,0.25820288
2049673496,0.20723714,0.2266384,0.56612444
2049704467,0.40260133,0.2937611,0.30363753
2049719749,0.33301955,0.20522371,0.46175668
2049809382,0.5075039,0.2537591,0.23873697
2049815963,0.095325515,0.75450164,0.15017286
2049913641,0.3592057,0.32153547,0.3192589
2050084668,0.2898064,0.3256397,0.38455382
2050133612,0.2770594,0.32592478,0.3970158
2050136071,0.44416413,0.2014229,0.3544129
2050174594,0.55531543,0.22852823,0.21615633
2050265878,0.24048316,0.5032193,0.25629756
2050377917,0.22187465,0.501535,0.27659035
2050447077,0.19872712,0.56307137,0.23820156
2050517048,0.33934775,0.3568819,0.3037704
2050536121,0.4938947,0.2673717,0.23873353
2050557721,0.49331155,0.24875557,0.25793293
2050590880,0.4171547,0.2923858,0.29045954
2050704857,0.089305446,0.08502211,0.8256724
2050767029,0.24965781,0.4527332,0.29760897
2050934139,0.09968093,0.8056065,0.09471264
2050948249,0.25533605,0.46971783,0.27494615
2051045614,0.29661793,0.35996518,0.34341702
2051130161,0.13715617,0.1414342,0.7214096
2051163591,0.333163,0.3485618,0.31827527
2051238205,0.20311353,0.57206446,0.22482201
2051283020,0.57023185,0.22730936,0.20245886
2051355056,0.29341057,0.32469162,0.38189787
2051554607,0.45927563,0.31260073,0.22812362
2051777202,0.14018895,0.65282863,0.2069824
2051994049,0.43864334,0.292487,0.26886967
2052020036,0.23149872,0.20845233,0.560049
2052050594,0.44141853,0.3101701,0.2484114
2052139243,0.6952169,0.1406743,0.1641089
2052168803,0.2941061,0.34748256,0.35841137
2052218032,0.27037218,0.4388239,0.29080388
2052477783,0.35953033,0.32689753,0.31357208
2052492015,0.29673877,0.38074827,0.32251295
2052661836,0.4072357,0.3173902,0.27537403
2052727085,0.40641823,0.30847192,0.28510982
2052824400,0.35249272,0.3437261,0.30378112
2052994074,0.1949949,0.19361182,0.6113932
2053102831,0.13718067,0.6468906,0.21592875
2053118443,0.09335152,0.7865971,0.12005138
2053358820,0.4180151,0.33201262,0.24997237
2053664723,0.35830852,0.40598997,0.23570146
2053764468,0.39597857,0.3036406,0.30038086
2053800209,0.24982594,0.3967644,0.35340968
2053870086,0.47568607,0.24951737,0.2747966
2053889727,0.20285626,0.29549158,0.5016522
2054058212,0.6949309,0.12900499,0.17606416
2054130724,0.37233117,0.21152447,0.41614437
2054182870,0.3416768,0.26735026,0.39097294
2054189430,0.3555439,0.32570055,0.31875545
2054234432,0.15465663,0.15447871,0.6908646
2054238041,0.28088498,0.39536977,0.32374522
2054337496,0.2446142,0.2590559,0.49632987
2054389663,0.7204924,0.106453694,0.17305392
2054396232,0.14638676,0.117109135,0.7365042
2054525058,0.13424106,0.72269183,0.14306703
2054551896,0.10610703,0.7496193,0.1442737
2054606384,0.46158832,0.241423,0.29698873
2054947892,0.32815942,0.34282947,0.3290111
2054971856,0.24644049,0.55304855,0.20051105
2055031233,0.2794849,0.2530567,0.4674584
2055064389,0.59992725,0.18308057,0.21699221
2055078018,0.30989015,0.3662362,0.3238736
2055100785,0.4954814,0.21401714,0.2905015
2055102794,0.41066903,0.28853798,0.30079305
2055115628,0.6517695,0.14811781,0.20011267
2055124130,0.35912415,0.3664359,0.27443996
2055143597,0.33835128,0.3414082,0.3202406
2055176768,0.32660863,0.38610217,0.28728917
2055195793,0.3657111,0.3458972,0.28839168
2055262775,0.19056682,0.52183455,0.2875987
2055309626,0.4160225,0.24979344,0.33418402
2055313978,0.3146694,0.40637478,0.27895582
2055352957,0.44900548,0.31806844,0.2329261
2055388324,0.4474605,0.29293412,0.2596055
2055520293,0.4461458,0.26679528,0.28705895
2055619065,0.35896078,0.350056,0.29098332
2055704375,0.28576994,0.29568517,0.4185449
2055784892,0.5825278,0.19393067,0.22354148
2055834300,0.23975387,0.47800034,0.28224578
2055982865,0.31471062,0.27792457,0.40736482
2056081829,0.21755125,0.24672493,0.53572387
2056266968,0.21413937,0.26924646,0.51661414
2056317969,0.3122731,0.38173985,0.30598712
2056346603,0.20214641,0.5174826,0.280371
2056432444,0.43611842,0.33463505,0.22924647
2056500865,0.22645181,0.5372276,0.2363206
2056600454,0.5966746,0.22349237,0.17983298
2056659681,0.519236,0.26283002,0.21793394
2056687875,0.47708362,0.27959654,0.24331978
2056691897,0.44431978,0.29727453,0.25840566
2056804621,0.7058337,0.16300426,0.13116208
2056857853,0.30401337,0.34356692,0.35241976
2056903005,0.07265696,0.82940465,0.09793835
2056966488,0.1806386,0.5645674,0.2547939
2057094525,0.29160038,0.3540089,0.3543907
2057097866,0.2816686,0.4304645,0.28786698
2057144633,0.3887046,0.29156613,0.31972933
2057169150,0.10187356,0.75670856,0.14141789
2057208360,0.5168947,0.26849097,0.21461423
2057222617,0.23137641,0.4885156,0.28010803
2057249517,0.4196031,0.3181872,0.26220965
2057340460,0.18277715,0.17302118,0.6442017
2057365513,0.21712512,0.25196207,0.5309129
2057393540,0.44346693,0.27957574,0.2769573
2057434995,0.23114078,0.5108465,0.2580127
2057519579,0.52790993,0.21365331,0.25843674
2057525469,0.7950172,0.08351555,0.12146725
2057548019,0.17540015,0.28087863,0.5437212
2057599323,0.28574446,0.3706114,0.34364414
2057625386,0.58480006,0.18583314,0.22936681
2057861009,0.3087406,0.3492256,0.34203383
2057901219,0.36324662,0.27772534,0.359028
2057910241,0.21018052,0.45875728,0.3310622
2057916317,0.38437802,0.26897457,0.34664747
2057934565,0.2977618,0.35334074,0.34889752
2057944024,0.30721888,0.26478732,0.42799377
2057966793,0.43321782,0.2955745,0.2712077
2058157825,0.14750285,0.66681576,0.18568139
2058195535,0.2042976,0.5479129,0.24778949
2058240919,0.5244464,0.2570534,0.2185001
2058358489,0.27229923,0.29507264,0.43262815
2058373939,0.6107855,0.14566672,0.24354777
2058400044,0.09325327,0.09507505,0.81167173
2058406297,0.39800495,0.35574472,0.24625035
2058462994,0.548822,0.24089704,0.210281
2058483281,0.22043078,0.34834138,0.43122783
2058710885,0.21217118,0.18675297,0.6010758
2058733250,0.48342305,0.28459758,0.23197941
2058740544,0.17694022,0.6618443,0.1612155
2058826890,0.40888724,0.3207084,0.27040434
2058885236,0.3228867,0.37914518,0.29796812
2058939377,0.34073785,0.34815776,0.31110433
2058984376,0.2657862,0.36757827,0.36663553
2059000257,0.473464,0.29816732,0.22836867
2059026762,0.2474769,0.46721947,0.28530356
2059079748,0.3226749,0.32979935,0.3475257
2059118028,0.714898,0.1327604,0.1523416
2059264371,0.11099781,0.1029861,0.78601617
2059295475,0.3579283,0.29325712,0.34881464
2059321727,0.27555624,0.3613578,0.36308593
2059352448,0.32572958,0.37592432,0.29834613
2059430119,0.11043727,0.7640824,0.12548041
2059685419,0.29309127,0.44338802,0.26352072
2059685460,0.42950356,0.28285024,0.2876463
2059746785,0.27458596,0.30296615,0.4224479
2059857821,0.30989274,0.40455726,0.28555003
2059906539,0.15588193,0.14910814,0.69501
2060004168,0.4317217,0.29311854,0.27515972
2060054874,0.3639531,0.35715693,0.27888995
2060062876,0.27682605,0.34338108,0.37979278
2060063474,0.2901163,0.3722664,0.33761725
2060124534,0.37978035,0.3149776,0.30524215
2060364692,0.37097788,0.31071025,0.31831187
2060443395,0.12285314,0.725621,0.15152584
2060538649,0.30220157,0.3650186,0.3327798
2060650091,0.18534163,0.35806802,0.45659038
2060786003,0.7073695,0.13621224,0.15641826
2060909779,0.3836419,0.32956126,0.28679684
2060916424,0.2895367,0.34865552,0.36180773
2061015208,0.3621098,0.34689546,0.29099476
2061031455,0.2174551,0.37405846,0.4084864
2061135439,0.3576223,0.27907738,0.36330032
2061178081,0.3349939,0.31395102,0.35105512
2061206865,0.10098936,0.09368227,0.80532837
2061270374,0.3271046,0.36110944,0.31178594
2061476319,0.37351847,0.30574465,0.32073689
2061557193,0.36001655,0.3484813,0.29150215
2061570293,0.13422124,0.13316005,0.7326187
2061638089,0.5586147,0.23319381,0.20819148
2061686789,0.31488034,0.42851683,0.25660288
2061724674,0.21433204,0.5707707,0.21489727
2061780499,0.24829851,0.42052764,0.33117384
2061833504,0.2524917,0.46825805,0.2792502
2061845207,0.114452414,0.7318713,0.1536763
2061921957,0.48588702,0.26127014,0.2528429
2061969853,0.52140594,0.2507082,0.22788584
2062076959,0.28922155,0.33327946,0.37749895
2062272179,0.261363,0.34310928,0.39552772
2062293191,0.5468366,0.21691555,0.23624784
2062299627,0.23903225,0.51083446,0.25013322
2062332670,0.34489253,0.33969936,0.31540805
2062382271,0.33452845,0.4002055,0.26526612
2062610750,0.102882266,0.7687495,0.12836824
2062688966,0.29254335,0.44605136,0.26140526
2062856702,0.29365882,0.31134027,0.3950009
2062906782,0.2801567,0.4885985,0.23124477
2063000478,0.3128446,0.32846594,0.35868943
2063092557,0.54237366,0.19688177,0.26074454
2063109794,0.51023996,0.23501341,0.2547466
2063490204,0.66465265,0.16776828,0.16757901
2063596732,0.4344081,0.29962862,0.26596326
2063626814,0.09003752,0.08098156,0.8289809
2063660249,0.31304163,0.28891155,0.39804685
2063760755,0.32649684,0.27526248,0.39824066
2064073375,0.17905387,0.5670254,0.25392067
2064142878,0.37327138,0.3272585,0.29947022
2064263586,0.3429512,0.31512174,0.34192702
2064278683,0.32716012,0.30837888,0.36446103
2064377407,0.6196276,0.17906536,0.20130706
2064389224,0.2985327,0.36930487,0.33216238
2064556103,0.20067899,0.5685538,0.23076712
2064560023,0.3929653,0.3567004,0.25033426
2064570662,0.33790407,0.31757915,0.3445168
2064751859,0.37934294,0.24923861,0.3714184
2064792774,0.37936395,0.27420652,0.3464295
2064814005,0.45758662,0.3118724,0.23054099
2064977072,0.4768989,0.3063865,0.21671453
2065022932,0.11897905,0.7562373,0.12478357
2065056920,0.18860969,0.58500344,0.22638679
2065127145,0.47866288,0.27519417,0.24614291
2065135883,0.45296896,0.3138751,0.23315592
2065231830,0.25223815,0.39230582,0.35545602
2065232481,0.5258956,0.2469661,0.22713827
2065318090,0.27226156,0.47488523,0.2528532
2065409767,0.557532,0.20492466,0.23754331
2065649874,0.31098086,0.31160486,0.3774143
2065727593,0.27558303,0.31187996,0.41253707
2065800836,0.38952914,0.20941576,0.4010552
2065834756,0.19479632,0.56668574,0.2385179
2065960871,0.45139232,0.29328492,0.25532272
2066029010,0.10749425,0.11556657,0.7769392
2066042684,0.30603153,0.41381273,0.28015578
2066069164,0.4990656,0.20155275,0.29938173
2066155810,0.4084922,0.2916924,0.29981545
2066357215,0.3864057,0.3462919,0.26730245
2066415489,0.31994715,0.39973867,0.2803142
2066498559,0.31283557,0.36704695,0.32011747
2066643678,0.5333371,0.21421884,0.2524441
2066670784,0.22328082,0.501586,0.2751331
2066799892,0.23315153,0.2511389,0.5157095
2066808210,0.27271175,0.290916,0.43637225
2066811470,0.5022469,0.25909027,0.2386628
2067107989,0.59515,0.20704286,0.1978072
2067132981,0.16480336,0.65895045,0.17624617
2067163526,0.29876155,0.37056258,0.33067593
2067206890,0.3141098,0.37235576,0.31353444
2067302428,0.48478246,0.29276437,0.22245318
2067459496,0.3687505,0.3265548,0.30469465
2067584068,0.15049455,0.63659775,0.21290767
2067643545,0.34455758,0.30871636,0.34672606
2067680611,0.41640538,0.28405514,0.29953945
2067818840,0.5969739,0.19750647,0.20551966
2067859800,0.45412657,0.29910097,0.24677245
2067894858,0.2648329,0.3049282,0.43023896
2067904004,0.24587221,0.35571644,0.39841133
2067933437,0.744146,0.109478645,0.14637539
2068023116,0.35722786,0.3502309,0.29254127
2068043137,0.16260464,0.61686534,0.22053002
2068087121,0.31961983,0.39699683,0.2833833
2068116748,0.37082377,0.37506777,0.2541085
2068364687,0.5794121,0.2272228,0.19336507
2068566150,0.70745295,0.10717781,0.18536927
2068695880,0.35672373,0.33235523,0.31092104
2068735359,0.6156316,0.16944385,0.21492457
2068779106,0.3440571,0.3302944,0.32564843
2068818744,0.27436343,0.30069062,0.4249459
2068829148,0.41385907,0.31578645,0.2703545
2068912113,0.35786825,0.34923682,0.29289493
2069029113,0.08044665,0.8183331,0.10122026
2069034150,0.25253406,0.24976987,0.49769604
2069035040,0.3893632,0.23284996,0.37778687
2069121572,0.25943518,0.26723936,0.4733254
2069210365,0.38531977,0.29442352,0.32025665
2069251388,0.28030452,0.37583855,0.3438569
2069311941,0.28252527,0.2420088,0.47546586
2069353968,0.35022333,0.33872232,0.31105432
2069399300,0.26928717,0.30633116,0.42438167
2069428289,0.21708646,0.20130707,0.58160645
2069447311,0.6504386,0.17048998,0.17907143
2069464512,0.36647007,0.3677033,0.26582658
2069473632,0.33439758,0.34281418,0.3227882
2069536161,0.44307336,0.2793012,0.27762538
2069557470,0.2035249,0.5617385,0.23473664
2069608827,0.2306221,0.5265807,0.24279726
2069614816,0.31203523,0.3832462,0.30471867
2069685180,0.33120367,0.37491602,0.29388037
2069849101,0.39435354,0.32940495,0.27624145
2069890707,0.42240027,0.3096392,0.26796055
2070025326,0.12868254,0.112646945,0.7586705
2070036756,0.4473342,0.2497032,0.3029626
2070046352,0.62085897,0.17958443,0.19955665
2070121304,0.34332696,0.35446373,0.30220938
2070252376,0.6289164,0.16049747,0.21058619
2070255177,0.3542284,0.19514073,0.4506309
2070417057,0.52396315,0.23734786,0.23868895
2070445002,0.3316968,0.2162653,0.45203784
2070460504,0.35076597,0.28950232,0.35973176
2070485135,0.5033007,0.24853933,0.24815993
2070497144,0.32228848,0.41756517,0.2601463
2070678602,0.68386513,0.12526569,0.19086924
2070739472,0.4878164,0.26573277,0.24645078
2070751352,0.3162748,0.39775717,0.28596807
2070776740,0.060715776,0.85323083,0.08605336
2070844052,0.23341475,0.5007276,0.2658576
2070934758,0.5408373,0.20951767,0.24964498
2071057636,0.4718579,0.31105477,0.21708725
2071249954,0.38846132,0.34660503,0.26493362
2071278967,0.26393068,0.36257172,0.37349752
2071377164,0.20834583,0.36361992,0.42803422
2071406257,0.43610075,0.27519727,0.288702
2071474937,0.28623807,0.32979584,0.38396615
2071657448,0.27564076,0.26397848,0.46038082
2071724107,0.1743721,0.17449626,0.65113163
2072016135,0.27595866,0.40849388,0.31554738
2072155697,0.34750938,0.19997588,0.45251474
2072165557,0.77064914,0.10694935,0.12240158
2072218495,0.23129891,0.2659582,0.5027429
2072306386,0.30702275,0.36228675,0.33069053
2072353538,0.37930754,0.28468373,0.3360088
2072427558,0.47177845,0.2740433,0.25417826
2072940931,0.09047675,0.7940637,0.11545957
2073031906,0.38286194,0.30299503,0.31414303
2073035086,0.29738113,0.43142593,0.27119288
2073093818,0.23582178,0.21388838,0.55028975
2073124475,0.34032544,0.4057933,0.25388116
2073255022,0.32104647,0.3578378,0.3211158
2073320912,0.38579023,0.30380672,0.31040305
2073375152,0.16255935,0.20547824,0.63196236
2073410561,0.12503982,0.12809236,0.74686784
2073446197,0.39594135,0.30570963,0.29834902
2073520293,0.49575964,0.27063352,0.23360687
2073544275,0.17445353,0.6207503,0.20479617
2073578407,0.23330258,0.4941377,0.27255967
2073606335,0.35300264,0.38220277,0.2647946
2073712750,0.22648093,0.47584927,0.29766983
2073732903,0.38564822,0.31406847,0.30028328
2073740161,0.09772684,0.100600354,0.8016728
2073851349,0.57875156,0.20959882,0.21164957
2073884856,0.1884332,0.6087968,0.20277001
2073971002,0.32316822,0.42122838,0.2556034
2073995764,0.12838991,0.73517865,0.13643144
2074120554,0.13697952,0.704669,0.15835147
2074121497,0.2390508,0.20013627,0.5608129
2074146250,0.30213666,0.4010925,0.2967709
2074160515,0.28923732,0.44869232,0.26207033
2074217660,0.29141542,0.41007504,0.2985095
2074222259,0.5122166,0.17929149,0.3084918
2074254517,0.32490057,0.29718143,0.37791803
2074640974,0.6788213,0.1370729,0.1841058
2074724412,0.28657684,0.24904282,0.46438038
2074842034,0.09463696,0.7878021,0.117560975
2074842736,0.13998976,0.7088117,0.15119855
2074907566,0.27389318,0.3281765,0.39793035
2074957176,0.6156411,0.1434973,0.24086158
2074975049,0.17257234,0.16254921,0.6648784
2075039602,0.41425645,0.32248366,0.2632599
2075123756,0.18337801,0.16460063,0.65202135
2075288928,0.20890869,0.22543581,0.56565547
2075300625,0.37726596,0.32303956,0.2996945
2075311189,0.20873195,0.5914744,0.19979373
2075372690,0.5761414,0.21285325,0.21100533
2075404255,0.22343138,0.53409725,0.24247141
2075452754,0.324374,0.41359854,0.26202744
2075498049,0.5133005,0.25389177,0.23280771
2075522086,0.26017925,0.4328752,0.3069456
2075581176,0.062091663,0.83965164,0.09825663
2075587766,0.46425587,0.24031547,0.29542866
2075639054,0.44987932,0.25565973,0.29446098
2075657525,0.24700838,0.3122273,0.44076428
2075735152,0.12706597,0.13669138,0.7362426
2075790142,0.32564503,0.26218647,0.41216847
2075802727,0.08663364,0.8089792,0.10438717
2075987778,0.2717846,0.20483768,0.52337766
2076227450,0.100518696,0.100200385,0.7992809
2076263051,0.41353986,0.25441283,0.3320473
2076275906,0.56364775,0.15657414,0.27977818
2076394990,0.29931882,0.33756903,0.36311215
2076430770,0.19772595,0.19161959,0.6106545
2076524201,0.4325048,0.31770402,0.24979113
2076737017,0.2971954,0.3941064,0.30869824
2076757761,0.29227918,0.35640702,0.3513138
2076777708,0.16140151,0.6197315,0.21886699
2076787832,0.49373412,0.24792759,0.25833833
2076828867,0.3644955,0.35097644,0.28452805
2076872006,0.2680042,0.2688315,0.4631642
2076880901,0.23581359,0.4895359,0.27465048
2076943578,0.17275521,0.6099646,0.2172802
2076945505,0.53592014,0.21663944,0.24744043
2077077435,0.26049355,0.40026936,0.33923715
2077109739,0.49769858,0.25960878,0.2426927
2077175425,0.3845861,0.33055398,0.28485993
2077274914,0.21922298,0.15005448,0.6307225
2077285832,0.34598216,0.33643883,0.31757906
2077310149,0.26185128,0.24894705,0.48920172
2077423537,0.47490257,0.21943685,0.30566058
2077588865,0.48681742,0.28900212,0.22418045
2077801436,0.3056366,0.29206917,0.40229425
2077832418,0.20333707,0.55848515,0.2381778
2077844650,0.41061178,0.24973774,0.33965045
2077926123,0.36895764,0.3464265,0.2846159
2077966240,0.6084788,0.2009613,0.19055995
2078153732,0.16782394,0.18288295,0.6492931
2078154264,0.13707069,0.12485236,0.7380769
2078233070,0.09728974,0.1310574,0.7716528
2078378992,0.37735593,0.38068366,0.24196039
2078398351,0.3107179,0.35528958,0.33399248
2078434188,0.34067208,0.33235836,0.32696953
2078443043,0.7527945,0.10837955,0.13882594
2078492856,0.22514175,0.51890147,0.25595674
2078493475,0.38225648,0.3103015,0.30744195
2078586314,0.27172297,0.38104612,0.34723088
2078704945,0.45799294,0.29050085,0.25150618
2078714492,0.22310069,0.282624,0.4942753
2078732029,0.5044894,0.25199616,0.24351446
2078758405,0.1430504,0.11564685,0.7413028
2078811322,0.5033711,0.25089332,0.24573556
2078829522,0.49832118,0.27485508,0.22682376
2078867342,0.29208234,0.34615117,0.36176643
2078873336,0.27525166,0.36236337,0.36238492
2078874797,0.63586915,0.18421927,0.17991164
2078986687,0.15100941,0.67478645,0.17420411
2079272098,0.31846312,0.31782132,0.36371553
2079286091,0.15865913,0.6450888,0.19625212
2079356013,0.5466529,0.19120622,0.26214084
2079475671,0.31579068,0.3083062,0.37590316
2079661982,0.2847764,0.29340434,0.42181924
2079699892,0.2701726,0.49782854,0.23199885
2079752922,0.3247041,0.34715548,0.32814038
2079765652,0.14841406,0.6873087,0.16427718
2079831691,0.3587724,0.3279555,0.3132721
2079835752,0.35390168,0.30861968,0.33747867
2079884536,0.5147254,0.27067965,0.21459499
2079929732,0.20109762,0.2308208,0.5680815
2080024540,0.3433293,0.32469797,0.33197278
2080177673,0.35687804,0.36048764,0.28263435
2080248371,0.33033174,0.2984679,0.37120038
2080267783,0.12922698,0.71915066,0.15162233
2080309672,0.7243615,0.12906224,0.1465763
2080311372,0.3191842,0.39841664,0.2823991
2080351996,0.40765744,0.2449911,0.3473514
2080422840,0.2222092,0.45345327,0.32433757
2080484031,0.26922894,0.46358246,0.26718858
2080502233,0.41068676,0.31865165,0.27066162
2080517570,0.46559393,0.23861636,0.29578966
2080520502,0.33182657,0.28995484,0.37821865
2080635421,0.34812313,0.32113668,0.33074018
2080651737,0.3395944,0.4021534,0.25825223
2080734696,0.6705455,0.14891891,0.18053558
2080880541,0.71444666,0.1219601,0.16359326
2080920500,0.19862984,0.52219975,0.2791704
2081021688,0.561436,0.22404973,0.21451423
2081042598,0.24975328,0.54059994,0.2096468
2081052748,0.37651452,0.36463463,0.25885087
2081074809,0.4374806,0.24953659,0.31298283
2081315941,0.3493156,0.31274036,0.33794397
2081353556,0.45437148,0.29926604,0.24636254
2081408128,0.27283117,0.29755056,0.42961827
2081554820,0.27183026,0.36135182,0.36681786
2081555108,0.25205317,0.24169512,0.5062517
2081662142,0.17023793,0.13659966,0.6931624
2081722069,0.13524647,0.13339087,0.73136264
2081807597,0.3759986,0.3805219,0.2434795
2081826474,0.3118081,0.36448076,0.32371116
2081922962,0.20993498,0.18887973,0.6011853
2081938254,0.32865658,0.39464757,0.27669582
2082248054,0.2891212,0.38234234,0.32853648
2082494393,0.6035869,0.18393488,0.21247822
2082593292,0.20700207,0.20309429,0.58990365
2082612272,0.2772173,0.45082602,0.27195668
2082627633,0.7205719,0.125445,0.15398313
2082675871,0.11853874,0.74463475,0.13682655
2082819753,0.18248498,0.59672326,0.22079173
2082841280,0.39532334,0.35907924,0.24559744
2082977435,0.29494494,0.2493406,0.45571446
2083043284,0.35321873,0.35644382,0.29033744
2083172395,0.32957113,0.347904,0.32252494
2083495095,0.44430646,0.2571743,0.29851928
2083580329,0.2794441,0.24230249,0.47825348
2083592807,0.3110082,0.3944815,0.29451033
2083718896,0.36654314,0.3432354,0.29022145
2083734709,0.47124407,0.26463845,0.26411748
2083904172,0.092553414,0.7930434,0.1144032
2084077781,0.0858431,0.8035233,0.11063367
2084135261,0.27129403,0.25910908,0.46959686
2084140991,0.25923517,0.40766135,0.33310357
2084170107,0.37683496,0.38259688,0.24056818
2084187332,0.80569875,0.078510776,0.11579051
2084263948,0.77746844,0.09812,0.12441147
2084292230,0.090690956,0.08959271,0.8197164
2084388953,0.45420992,0.2931374,0.25265267
2084575215,0.30170512,0.37170425,0.3265907
2084630202,0.24351282,0.31839043,0.4380968
2084651290,0.40045935,0.37073946,0.22880113
2084656927,0.36792007,0.3112437,0.3208362
2084682204,0.55665475,0.21872528,0.22461991
2084684631,0.09981084,0.77780414,0.1223851
2084708866,0.37283373,0.26679897,0.36036727
2084907292,0.19781816,0.1859145,0.6162673
2084963758,0.35440204,0.31680146,0.3287965
2084999774,0.46027628,0.29752594,0.24219774
2085026902,0.5843922,0.16880536,0.24680248
2085424060,0.13636269,0.70226187,0.16137545
2085446324,0.17698717,0.14701608,0.6759968
2085517206,0.20178133,0.23030816,0.5679105
2085520877,0.34956855,0.30733684,0.34309468
2085616114,0.22427206,0.5494994,0.22622854
2085648853,0.37713194,0.30146077,0.32140735
2085855341,0.09025448,0.7971433,0.11260229
2085882739,0.13905859,0.676489,0.18445244
2085932430,0.8027033,0.07631683,0.12097983
2086126251,0.2500513,0.37631947,0.37362933
2086142469,0.341411,0.30551055,0.35307845
2086162044,0.19353431,0.2263042,0.5801615
2086315816,0.091137,0.7810009,0.12786214
2086375885,0.37537363,0.3621782,0.26244813
2086418061,0.20492177,0.21321942,0.5818588
2086527610,0.38437474,0.2259081,0.38971713
2086564558,0.25757957,0.4874229,0.2549975
2086566701,0.62140137,0.12723169,0.25136694
2086618353,0.19434331,0.18702003,0.61863667
2086680459,0.27394453,0.24288554,0.48316994
2087171784,0.21393664,0.23896216,0.54710114
2087188230,0.45715687,0.3045135,0.23832962
2087306648,0.73538417,0.13201062,0.13260524
2087402072,0.32612646,0.36918324,0.30469033
2087651117,0.36816052,0.29517493,0.3366646
2087770914,0.28466615,0.14198908,0.5733448
2087866661,0.11303047,0.7440693,0.14290024
2087933550,0.23812579,0.23572788,0.5261463
2087957533,0.32588008,0.42052796,0.25359195
2088076439,0.26235303,0.4736797,0.26396728
2088155471,0.086817935,0.08377911,0.8294029
2088182009,0.56742114,0.1951031,0.23747578
2088198759,0.512564,0.25466096,0.23277506
2088348019,0.30330983,0.33562332,0.36106694
2088396603,0.111181095,0.1323353,0.7564837
2088438266,0.21391849,0.5664456,0.21963596
2088438635,0.39674476,0.2833077,0.3199475
2088440130,0.42852697,0.28262067,0.28885242
2088545365,0.5409562,0.24140261,0.21764122
2088586639,0.1549256,0.6816156,0.16345881
2088648267,0.31142995,0.38391644,0.3046537
2088656149,0.71880156,0.10667754,0.17452091
2088680755,0.40505958,0.3233739,0.2715665
2089050824,0.4647696,0.22957222,0.30565822
2089110079,0.62752897,0.16939421,0.20307684
2089192875,0.3966563,0.33909586,0.26424783
2089272951,0.20216036,0.5439623,0.25387737
2089364702,0.2608348,0.31224233,0.42692286
2089431647,0.5140744,0.26082993,0.22509566
2089442449,0.25926918,0.21958554,0.5211453
2089474551,0.16908483,0.6607015,0.17021367
2089485648,0.4885316,0.25659376,0.25487465
2089561079,0.16832584,0.5167462,0.31492794
2089631346,0.41164786,0.2730377,0.31531447
2089632689,0.17398173,0.6503437,0.17567459
2089632855,0.33500463,0.36589178,0.29910362
2089706956,0.3439469,0.3389003,0.31715277
2089710879,0.33180308,0.34631956,0.32187736
2089855027,0.26217204,0.3545095,0.38331845
2089862480,0.43160325,0.3295829,0.23881386
2089889597,0.16208799,0.6255238,0.21238829
2089924013,0.50046456,0.25138173,0.24815366
2089940716,0.08981547,0.7998669,0.11031768
2090002930,0.61853254,0.19156541,0.18990205
2090114370,0.17298733,0.6431386,0.18387419
2090165219,0.33211708,0.29722258,0.37066036
2090210501,0.3413572,0.31888023,0.3397626
2090252650,0.39757788,0.30397922,0.2984429
2090274753,0.40305153,0.2312894,0.36565918
2090312577,0.36178425,0.34042516,0.29779062
2090403504,0.3404764,0.3137962,0.3457274
2090489396,0.62165827,0.1871207,0.19122109
2090519729,0.31772864,0.38309288,0.29917848
2090537923,0.59300643,0.21589874,0.19109488
2090602867,0.16778211,0.14340936,0.68880856
2090657373,0.2590352,0.21166702,0.5292978
2090751486,0.3295785,0.3953364,0.27508512
2090999670,0.35184973,0.37898996,0.26916024
2091156351,0.13448693,0.13360485,0.7319082
2091178653,0.3460083,0.3620249,0.29196683
2091233307,0.3634364,0.33031425,0.3062493
2091519580,0.14224087,0.15845352,0.6993056
2091581141,0.42055395,0.21316963,0.36627647
2091682069,0.31469193,0.37953892,0.30576912
2091726026,0.275105,0.402088,0.322807
2091811368,0.291466,0.28665105,0.421883
2091814425,0.53964204,0.22383223,0.2365257
2092067223,0.3399698,0.335056,0.32497418
2092181205,0.47751456,0.26669985,0.2557856
2092193048,0.30496216,0.22373754,0.4713003
2092243462,0.50382596,0.24225369,0.2539203
2092277291,0.16408408,0.1516171,0.6842988
2092285689,0.13425821,0.6902846,0.17545716
2092324746,0.35833955,0.41623983,0.22542058
2092335722,0.21537328,0.21065022,0.5739765
2092344019,0.4333118,0.25592458,0.3107636
2092385519,0.2691376,0.3642568,0.36660564
2092504915,0.5982252,0.21096292,0.19081189
2092612607,0.5452732,0.23703921,0.2176876
2092628403,0.107972644,0.7391502,0.15287712
2092837771,0.33350238,0.31253165,0.35396597
2092838003,0.24720716,0.29359555,0.4591973
2092877678,0.53864586,0.21168743,0.24966666
2092967842,0.5228361,0.1937714,0.2833925
2092974459,0.23731558,0.2718574,0.49082696
2092989146,0.2939419,0.21906123,0.48699683
2093040357,0.2535428,0.27526292,0.47119424
2093202258,0.23379643,0.26353952,0.502664
2093253743,0.45322376,0.26966792,0.2771083
2093294034,0.226719,0.19274785,0.58053315
2093317457,0.1327121,0.14771299,0.7195749
2093470875,0.39421436,0.26828787,0.3374978
2093617092,0.23889415,0.51373667,0.24736917
2093657934,0.42891157,0.33714458,0.23394378
2093695830,0.42877713,0.3018639,0.26935896
2093696494,0.5044059,0.2595477,0.23604645
2093715023,0.3218421,0.3668527,0.3113051
2093814587,0.32228073,0.33224258,0.3454767
2093992576,0.15145288,0.5993796,0.2491675
2094036512,0.2281099,0.26312536,0.50876474
2094058551,0.35865912,0.3716814,0.26965952
2094393499,0.37956947,0.33927464,0.2811559
2094477861,0.37753147,0.30005574,0.32241276
2094588499,0.27855933,0.37458816,0.3468526
2094589713,0.2932704,0.41767392,0.28905568
2094594582,0.08249018,0.084548794,0.83296096
2094638468,0.14356378,0.7032481,0.15318815
2094668927,0.19785328,0.20570292,0.59644383
2094769879,0.3043051,0.27177122,0.42392364
2094796323,0.29850394,0.39054292,0.31095314
2094837437,0.58220863,0.1994358,0.21835557
2094888241,0.28080407,0.25939852,0.45979744
2094895831,0.41166523,0.33244264,0.2558921
2094942759,0.1332304,0.7216992,0.1450704
2094948238,0.23607665,0.4811836,0.2827398
2095024558,0.274752,0.3698507,0.35539734
2095033239,0.60224104,0.17277384,0.2249851
2095033554,0.25053263,0.2875916,0.46187577
2095090116,0.38636276,0.3382243,0.27541295
2095123168,0.4344679,0.31600365,0.24952847
2095159719,0.10392734,0.7701936,0.12587903
2095258757,0.14386362,0.6920704,0.16406594
2095305235,0.2537961,0.4834548,0.26274917
2095318829,0.42241326,0.23500763,0.34257913
2095325431,0.46410885,0.2512956,0.28459555
2095387875,0.291381,0.42539862,0.28322038
2095412110,0.24735732,0.23688774,0.5157549
2095526493,0.2707765,0.47001195,0.25921142
2095694708,0.43850812,0.2552637,0.3062282
2095733673,0.22106299,0.50941443,0.26952258
2095751400,0.31566218,0.2818035,0.40253434
2095859773,0.6442037,0.1794738,0.17632248
2095883588,0.13915113,0.717898,0.14295085
2095932584,0.40597704,0.26112306,0.3328999
2096136466,0.3808472,0.30999148,0.3091613
2096390962,0.2651574,0.28712755,0.447715
2096504865,0.17103276,0.15555218,0.67341506
2096579881,0.4625564,0.24621066,0.2912329
2096661126,0.27334693,0.3411368,0.3855163
2096706676,0.49535114,0.22084147,0.28380737
2096751605,0.27673614,0.41146025,0.3118036
2096761726,0.33912307,0.38584474,0.27503222
2096774600,0.30967873,0.29875457,0.39156666
2096788537,0.24271268,0.47900262,0.2782847
2096853916,0.16562194,0.18755913,0.64681894
2097155731,0.32929766,0.34903675,0.32166559
2097269017,0.3851769,0.37316573,0.24165738
2097307529,0.41799575,0.320319,0.26168522
2097318653,0.15320121,0.6660111,0.18078777
2097333127,0.32499585,0.36281806,0.31218606
2097437356,0.52111816,0.23588635,0.24299549
2097584469,0.602477,0.1896229,0.20790006
2097602157,0.23464428,0.21686234,0.54849344
2097611791,0.4390313,0.3230181,0.2379506
2097622446,0.25178263,0.32361934,0.424598
2097794730,0.093145445,0.09867709,0.8081775
2097984974,0.13888814,0.13290757,0.72820425
2098046302,0.13463713,0.7103578,0.15500511
2098218773,0.1781539,0.171994,0.6498521
2098224555,0.30138236,0.29279697,0.40582067
2098233919,0.5526468,0.19776332,0.2495898
2098241721,0.41737542,0.29667285,0.28595173
2098368144,0.48433423,0.2862292,0.22943659
2098492616,0.45408165,0.29844326,0.24747506
2098587659,0.24330229,0.3128587,0.443839
2098699307,0.39477178,0.27417397,0.3310543
2098846413,0.32325858,0.29475084,0.38199055
2098883427,0.3270074,0.39519313,0.27779952
2098985264,0.13616146,0.10606823,0.7577703
2098990844,0.36537665,0.3422083,0.29241508
2099116005,0.48025662,0.26322618,0.25651717
2099182807,0.26534685,0.42093143,0.31372166
2099199381,0.3630118,0.36214173,0.27484646
2099273467,0.30941954,0.34103638,0.34954408
2099308508,0.28268525,0.34207007,0.37524462
2099329861,0.21029432,0.33813787,0.45156786
2099529855,0.527959,0.25990114,0.21213987
2099617488,0.26581112,0.41632012,0.31786877
2099705746,0.36884078,0.311107,0.32005215
2099770682,0.39570054,0.30870187,0.2955975
2099772890,0.28600457,0.3518989,0.3620965
2099846567,0.18249421,0.16306904,0.65443677
2099871418,0.19298327,0.15626024,0.6507565
2099874638,0.27355188,0.4660362,0.26041192
2100158846,0.25453514,0.47590253,0.26956242
2100165051,0.268582,0.28673086,0.44468716
2100221680,0.16445065,0.62595284,0.20959653
2100379692,0.25182173,0.39661148,0.35156682
2100446973,0.3605171,0.4011698,0.23831303
2100462042,0.24019203,0.24264076,0.51716715
2100536944,0.5727609,0.16353951,0.26369962
2100572963,0.2495622,0.41387528,0.33656248
2100786482,0.35045484,0.40297785,0.24656732
2100787710,0.4181976,0.3136456,0.2681568
2101026686,0.2181902,0.52117145,0.26063833
2101049754,0.4989946,0.2829348,0.21807054
2101086942,0.74634975,0.12650444,0.12714584
2101154796,0.23450798,0.38770518,0.3777868
2101182889,0.40724507,0.3192162,0.27353877
2101201344,0.39562076,0.25324294,0.3511363
2101247107,0.2534685,0.43079856,0.3157328
2101259906,0.2549889,0.26696435,0.47804677
2101285448,0.17277767,0.6347512,0.19247112
2101421145,0.37530646,0.30654642,0.3181471
2101499085,0.3442597,0.37090743,0.28483286
2101527906,0.2750537,0.44821447,0.27673182
2101732841,0.25394875,0.29051527,0.455536
2101751297,0.56249183,0.2210215,0.21648669
2101806506,0.2915955,0.41259527,0.29580927
2101839739,0.4173627,0.32426998,0.2583673
2101936242,0.3425962,0.33613217,0.32127163
2102068818,0.14567904,0.15815227,0.6961687
2102128519,0.2649537,0.29348055,0.44156575
2102222790,0.5376986,0.16594929,0.29635206
2102316019,0.37503624,0.34471148,0.28025228
2102343952,0.29653403,0.37001204,0.33345392
2102356719,0.5714779,0.22403578,0.20448631
2102410404,0.37937275,0.30056125,0.320066
2102433071,0.3441269,0.36440223,0.29147092
2102581248,0.485146,0.24972141,0.26513258
2102602424,0.40740806,0.29919812,0.2933938
2102825194,0.4062419,0.33168283,0.26207533
2102898283,0.2617904,0.4819231,0.2562865
2102924905,0.3357989,0.295203,0.36899814
2102982207,0.21460278,0.5660644,0.21933284
2103051988,0.23065576,0.18760872,0.5817355
2103071646,0.36976427,0.35278317,0.27745265
2103098981,0.3451648,0.3456207,0.3092145
2103158493,0.3998627,0.34276795,0.25736928
2103177369,0.41973805,0.31344736,0.26681456
2103273216,0.1884709,0.62770224,0.18382686
2103324373,0.09704869,0.098889455,0.80406183
2103336099,0.3563544,0.31294408,0.3307015
2103379343,0.4397822,0.31418002,0.24603781
2103403437,0.17541237,0.21286988,0.61171776
2103494053,0.31012386,0.334745,0.3551312
2103497521,0.55015117,0.20701592,0.24283294
2103580039,0.3303098,0.3060634,0.36362675
2103734830,0.3673691,0.33903027,0.29360062
2103836904,0.23314573,0.22147271,0.54538155
2103860873,0.31068924,0.32566682,0.36364397
2103916459,0.392446,0.2994171,0.30813688
2103936424,0.27024865,0.4340213,0.29573002
2104058976,0.51036704,0.24040486,0.24922813
2104116336,0.2271655,0.20259427,0.57024026
2104140145,0.33774316,0.4274298,0.23482707
2104159307,0.40241188,0.2936663,0.3039218
2104161126,0.34369522,0.3718268,0.28447798
2104213897,0.3607401,0.32357678,0.31568316
2104278816,0.31377146,0.34551847,0.34071004
2104340199,0.25128734,0.42947093,0.31924173
2104364381,0.61216253,0.19510575,0.19273175
2104376238,0.19178872,0.17188078,0.63633054
2104598121,0.30111355,0.24551105,0.45337543
2104611963,0.4235252,0.30919498,0.26727983
2104732620,0.7382465,0.09911693,0.16263658
2104972927,0.24084361,0.24623074,0.5129256
2104974142,0.38650137,0.3500549,0.26344374
2104983081,0.4622945,0.3258642,0.21184129
2105162995,0.39317423,0.37171435,0.23511142
2105287834,0.25091094,0.3378446,0.41124442
2105294317,0.48128065,0.3172323,0.20148706
2105424033,0.30484435,0.3612117,0.33394402
2105495006,0.16523324,0.6465995,0.18816723
2105521679,0.3400452,0.3670591,0.29289573
2105552409,0.25950938,0.33860672,0.40188387
2105750353,0.12677345,0.7567629,0.11646359
2105777961,0.3431394,0.30839378,0.34846687
2105860168,0.20214547,0.56981665,0.2280379
2105921115,0.6364419,0.18267907,0.18087909
2105984817,0.44317415,0.27085832,0.28596747
2106027325,0.5505482,0.15790147,0.29155037
2106206005,0.258211,0.25075114,0.49103788
2106310582,0.3119008,0.3802409,0.30785838
2106457410,0.5293307,0.21383728,0.25683206
2106486829,0.1973791,0.5440711,0.25854972
2106530359,0.10101869,0.09761607,0.80136526
2106586396,0.31538215,0.3078402,0.37677762
2106635795,0.31838214,0.40753245,0.27408546
2106724307,0.46053737,0.28880966,0.25065294
2106805863,0.501616,0.24078834,0.2575956
2106920056,0.5184384,0.23449604,0.24706553
2107005105,0.11523587,0.7426188,0.14214534
2107009347,0.367931,0.38901314,0.24305582
2107053340,0.38036436,0.3425704,0.27706525
2107071287,0.25029066,0.4282572,0.32145217
2107077392,0.3240048,0.38036847,0.2956267
2107266616,0.20877743,0.19799934,0.5932232
2107386021,0.26043588,0.47168985,0.26787427
2107548182,0.23478596,0.4779301,0.28728387
2107601446,0.22173893,0.5473507,0.23091039
2107631083,0.5789731,0.17842346,0.24260347
2107633692,0.22110048,0.5119804,0.26691902
2107659006,0.26781812,0.33777428,0.3944077
2107723117,0.23465905,0.2339718,0.53136915
2107738271,0.4458819,0.2961125,0.25800565
2107741644,0.7885663,0.08905731,0.1223764
2107869182,0.25202838,0.46219742,0.28577417
2108005840,0.23176119,0.18385054,0.58438826
2108128554,0.64718753,0.16339363,0.18941881
2108132750,0.67460847,0.16212642,0.16326512
2108165987,0.528395,0.239139,0.23246592
2108216061,0.22490081,0.4796655,0.29543367
2108273608,0.61360425,0.17724186,0.209154
2108382471,0.5363679,0.23459764,0.22903448
2108407267,0.2282212,0.3840904,0.3876885
2108612501,0.50810295,0.27429405,0.21760301
2108740029,0.31740347,0.4106498,0.27194676
2108875263,0.30825028,0.3120566,0.37969312
2109107899,0.29390958,0.32744384,0.3786466
2109116835,0.5170277,0.2338608,0.24911152
2109125119,0.649808,0.15286714,0.19732483
2109179318,0.13026038,0.72798276,0.14175689
2109229277,0.3526568,0.3585646,0.2887786
2109324172,0.07378234,0.830122,0.09609566
2109434388,0.29849067,0.33692503,0.3645843
2109525937,0.2227275,0.45536616,0.3219064
2109630556,0.2559145,0.2697962,0.47428936
2109684784,0.55175227,0.16177486,0.2864728
2109715091,0.2976404,0.41162717,0.2907324
2109831581,0.31833276,0.32289308,0.3587742
2109912520,0.61340934,0.16894199,0.21764866
2110034722,0.2652605,0.45184377,0.2828958
2110241083,0.33623704,0.26991004,0.3938529
2110282761,0.20226862,0.18041666,0.61731476
2110325430,0.3321767,0.32874694,0.33907637
2110328874,0.49563572,0.26487318,0.2394911
2110413895,0.09731213,0.7893725,0.113315314
2110464869,0.7226299,0.12655748,0.15081264
2110502490,0.25676903,0.45228443,0.2909465
2110517883,0.16827947,0.1845174,0.6472031
2110718513,0.46185476,0.26992714,0.26821813
2110903664,0.43692082,0.3108536,0.2522256
2110938981,0.17349175,0.34121025,0.485298
2110954909,0.20899652,0.24284516,0.5481584
2111158669,0.6620585,0.13705195,0.20088954
2111224349,0.30261144,0.26484886,0.43253973
2111270879,0.5181895,0.2375398,0.24427068
2111345399,0.41470468,0.29454094,0.29075438
2111400508,0.08952885,0.8124676,0.09800358
2111582933,0.5703439,0.21622734,0.21342877
2111603971,0.30611974,0.41634694,0.27753335
2111634956,0.5291623,0.22346455,0.24737321
2111661296,0.7835247,0.07846023,0.13801505
2111667120,0.087363765,0.07973196,0.8329043
2111759799,0.43906248,0.2963506,0.26458693
2111805587,0.33743665,0.31063503,0.35192832
2111824211,0.36484733,0.2885567,0.34659597
2111830120,0.23987901,0.35741922,0.40270177
2111846834,0.3682908,0.31939125,0.3123179
2111848958,0.28948227,0.2887343,0.42178354
2111853024,0.52551365,0.2576258,0.21686052
2111996570,0.34034824,0.29469836,0.36495337
2112079542,0.2543049,0.3302923,0.41540283
2112089240,0.29369864,0.34489453,0.36140683
2112137508,0.3133484,0.35915506,0.32749653
2112277267,0.50130916,0.2576607,0.24103014
2112285453,0.21374525,0.23690197,0.5493527
2112296699,0.40215537,0.33765417,0.26019046
2112514963,0.37229675,0.36169234,0.26601097
2112558046,0.16216603,0.22145943,0.61637455
2112616497,0.71766776,0.12794736,0.15438491
2112653068,0.43535656,0.28205913,0.28258428
2112726963,0.22026211,0.23558234,0.54415554
2112778763,0.52857894,0.20249724,0.26892385
2112923172,0.30053657,0.28066096,0.4188025
2112979135,0.29899523,0.2981354,0.4028695
2112983391,0.33759058,0.3535418,0.3088676
2112999506,0.3258879,0.3627382,0.31137398
2113022138,0.3964973,0.29515994,0.30834275
2113206140,0.3057359,0.416527,0.27773717
2113226884,0.18946838,0.20519039,0.6053413
2113426978,0.53810096,0.26124007,0.20065899
2113452596,0.48301977,0.2712554,0.24572486
2113467123,0.28101856,0.32382336,0.39515808
2113476314,0.30049223,0.36045933,0.33904848
2113596889,0.40387002,0.26873824,0.32739174
2113625348,0.7780029,0.09654851,0.12544864
2113639505,0.3724614,0.33665073,0.29088786
2113714461,0.40539908,0.3438171,0.25078374
2113779647,0.3107628,0.38545445,0.3037827
2113789047,0.45981538,0.28893548,0.25124913
2113817369,0.47249174,0.27774814,0.24976008
2113923549,0.37860233,0.3681251,0.25327256
2113949784,0.27456865,0.38632038,0.339111
2114033861,0.3805486,0.353171,0.26628035
2114157947,0.059850737,0.84637994,0.093769334
2114169360,0.33896178,0.37236455,0.28867367
2114289053,0.5042846,0.26400712,0.23170823
2114305162,0.38282222,0.32044542,0.29673234
2114458938,0.4858271,0.27659816,0.23757479
2114620535,0.13130675,0.713023,0.15567023
2114853919,0.2645947,0.28113362,0.45427167
2114934258,0.3005526,0.16939948,0.5300479
2114989744,0.12258582,0.74251705,0.1348971
2115035759,0.47184226,0.27782348,0.25033423
2115139264,0.21651813,0.50800526,0.27547655
2115246553,0.12376276,0.1161811,0.76005614
2115261687,0.22721842,0.19785886,0.5749227
2115317112,0.12825756,0.11531603,0.75642645
2115460325,0.64358443,0.15903115,0.1973844
2115463313,0.40734306,0.3418143,0.25084257
2115652902,0.25287554,0.43365183,0.31347263
2115674766,0.2908845,0.37109953,0.33801594
2115711658,0.4700287,0.30471906,0.22525221
2115717701,0.33156675,0.3148386,0.3535947
2115769822,0.3380143,0.33167592,0.3303098
2115833019,0.30436888,0.37416944,0.3214617
2116142512,0.097767726,0.7491464,0.1530859
2116166564,0.3991418,0.3353789,0.2654793
2116248840,0.5106843,0.21627241,0.27304327
2116265987,0.5191866,0.19780292,0.2830105
2116282646,0.27584335,0.28788048,0.43627626
2116316841,0.33136383,0.34938884,0.3192474
2116322869,0.56196,0.20116422,0.23687582
2116481272,0.13511263,0.720014,0.1448734
2116541927,0.277919,0.36272883,0.3593521
2116594579,0.5191406,0.23829332,0.242566
2116651931,0.44867316,0.26221198,0.28911486
2116814139,0.40457457,0.3153919,0.28003344
2116870293,0.28867877,0.33036953,0.3809517
2116906895,0.25454462,0.36028177,0.3851736
2116946853,0.4185373,0.32743677,0.254026
2116964947,0.36594638,0.2757108,0.35834283
2116972419,0.26743016,0.42357242,0.3089974
2116993380,0.4469581,0.2373687,0.31567317
2117066093,0.24587944,0.24557942,0.50854117
2117213113,0.305424,0.42732018,0.26725575
2117215970,0.17763162,0.62666035,0.195708
2117408850,0.15893358,0.6091632,0.23190312
2117428602,0.6662557,0.16507533,0.1686689
2117445431,0.2765917,0.3582391,0.36516917
2117446901,0.5553324,0.23626493,0.20840268
2117515957,0.13666624,0.6933418,0.16999191
2117518218,0.2872014,0.27288818,0.43991044
2117531976,0.3028786,0.43453076,0.26259068
2117545095,0.5468366,0.250638,0.20252544
2117597774,0.13819213,0.70062494,0.16118293
2117763695,0.29982343,0.2781957,0.42198095
2117856847,0.2686466,0.42023566,0.31111774
2117985800,0.07609462,0.8146919,0.10921343
2117987427,0.45715013,0.2651517,0.2776981
2118019615,0.19803494,0.56021667,0.24174847
2118048127,0.15915425,0.6473418,0.19350398
2118080625,0.19509545,0.58906996,0.21583457
2118131971,0.2822117,0.36926228,0.34852603
2118241348,0.48474514,0.2854979,0.2297569
2118339565,0.35148606,0.3269366,0.32157728
2118368599,0.36122975,0.34525886,0.2935114
2118401471,0.23677304,0.4844699,0.27875704
2118464021,0.26381293,0.30807543,0.42811164
2118637082,0.27631631,0.37643322,0.34725046
2118727195,0.5015829,0.22483656,0.27358055
2118730221,0.6245747,0.1723203,0.20310496
2119205356,0.17765653,0.21294786,0.60939556
2119209052,0.38921013,0.3159247,0.2948652
2119281007,0.32517087,0.34524214,0.32958692
2119309591,0.14349128,0.69698,0.15952872
2119326076,0.09173332,0.08501154,0.8232552
2119410467,0.16362222,0.651656,0.18472193
2119496373,0.3694808,0.263697,0.36682224
2119498277,0.35986578,0.32656917,0.31356508
2119609844,0.3899794,0.3436847,0.26633596
2119692411,0.3794478,0.3609023,0.25964987
2119723029,0.5556714,0.2391645,0.2051641
2119855115,0.2913858,0.39911547,0.30949876
2119988209,0.3162227,0.39582556,0.28795165
2120023937,0.2512616,0.43686903,0.31186932
2120042123,0.34948888,0.35863107,0.29188007
2120057359,0.20936178,0.19888741,0.59175086
2120072322,0.3199852,0.35055226,0.3294626
2120161598,0.4508836,0.2870992,0.26201713
2120245966,0.30320626,0.39138976,0.30540407
2120357253,0.375728,0.33069912,0.29357287
2120427897,0.26178223,0.30058777,0.43762994
2120454717,0.10068531,0.10212848,0.7971863
2120476261,0.39442915,0.33108896,0.27448192
2120498893,0.5905314,0.18551773,0.22395083
2120500068,0.3065117,0.37572798,0.31776038
2120539100,0.15910487,0.6578218,0.1830733
2120623173,0.23616113,0.29197216,0.4718668
2120686019,0.2776247,0.34332532,0.37905002
2120707096,0.5017087,0.24433832,0.25395298
2120829654,0.33148625,0.34218708,0.3263267
2120861410,0.31772915,0.41061956,0.2716513
2120899082,0.56348366,0.20495273,0.23156354
2120953495,0.3765239,0.36126202,0.2622141
2120980641,0.19518784,0.48815614,0.31665596
2121130539,0.42626435,0.31424242,0.2594932
2121139283,0.25992924,0.47235397,0.26771674
2121151876,0.3480173,0.36175174,0.290231
2121152127,0.3776287,0.29562292,0.3267483
2121290752,0.23855737,0.30966145,0.45178118
2121305240,0.29596737,0.20275588,0.50127685
2121387230,0.3109064,0.34364277,0.3454508
2121388571,0.26929635,0.4269502,0.30375355
2121394367,0.36385956,0.30715796,0.3289825
2121429147,0.35731015,0.2593548,0.3833351
2121586503,0.3082798,0.29503256,0.39668766
2121645800,0.33329564,0.34717938,0.31952494
2121713103,0.26058358,0.23913349,0.50028294
2121863348,0.31211317,0.36677897,0.32110783
2121880047,0.2986439,0.34342098,0.35793507
2121929081,0.26239553,0.31843954,0.41916496
2122030779,0.5411001,0.2209351,0.2379648
2122057499,0.33175486,0.30336848,0.36487663
2122078195,0.35902846,0.23373634,0.40723526
2122284002,0.76940703,0.091105334,0.1394877
2122353323,0.3439547,0.32864472,0.3274006
2122385024,0.23215301,0.49644008,0.27140686
2122404068,0.2538232,0.43752453,0.30865225
2122567870,0.30275548,0.42419162,0.27305302
2122598664,0.26189312,0.3288978,0.4092091
2122719862,0.2902854,0.3448762,0.3648384
2122960944,0.6431031,0.1447659,0.212131
2122963805,0.61267114,0.18923028,0.19809857
2122996611,0.39383852,0.349153,0.25700837
2123324601,0.1000776,0.78561354,0.11430882
2123328100,0.119600125,0.13562265,0.7447772
2123359792,0.2832538,0.43920463,0.27754167
2123363489,0.5648708,0.17395508,0.2611742
2123374767,0.46493256,0.29323843,0.24182896
2123412396,0.44061768,0.28943977,0.2699426
2123456795,0.33283472,0.3393737,0.32779166
2123513898,0.21831009,0.24700129,0.5346886
2123555802,0.24238315,0.25039437,0.5072225
2123557632,0.6645565,0.12724087,0.20820265
2123570527,0.3125796,0.33080125,0.3566192
2123622109,0.4401563,0.2526975,0.30714616
2123657334,0.14112069,0.13795309,0.7209262
2123747483,0.3118786,0.28022942,0.40789202
2123837499,0.2892995,0.29860994,0.4120906
2123858861,0.40815368,0.3068539,0.2849924
2123902475,0.1392914,0.71434015,0.14636849
2123993420,0.23734261,0.2853576,0.47729975
2124269868,0.59463656,0.1848225,0.22054096
2124321851,0.07360942,0.8318501,0.09454048
2124329113,0.41603744,0.24619116,0.3377713
2124354613,0.3673329,0.3173188,0.31534827
2124426590,0.33305684,0.25546393,0.41147926
2124514759,0.2562176,0.22549544,0.51828694
2124583902,0.34198686,0.33153495,0.32647812
2124675519,0.22647056,0.44882387,0.32470554
2124680829,0.34879574,0.3399184,0.31128588
2124781331,0.17377397,0.64253145,0.18369451
2124847002,0.32891566,0.41031468,0.26076967
2124871972,0.4629094,0.27869442,0.2583962
2124888633,0.27283725,0.41507626,0.3120865
2124936833,0.44300392,0.31561923,0.24137683
2125018625,0.6788497,0.14315547,0.17799485
2125316196,0.3387162,0.3296892,0.33159453
2125428357,0.40604553,0.3520292,0.24192533
2125465305,0.21659961,0.4815776,0.3018228
2125481371,0.16452672,0.6471977,0.1882756
2125669148,0.44199517,0.26139498,0.29660982
2125691185,0.4183033,0.32826236,0.2534343
2125811551,0.44080147,0.3104547,0.2487439
2126005775,0.2836933,0.3776905,0.3386162
2126161002,0.19374095,0.54910046,0.25715858
2126203214,0.45872352,0.29993704,0.24133943
2126272721,0.6157771,0.18529819,0.1989247
2126393001,0.58681947,0.18560171,0.22757879
2126408165,0.2697917,0.3057276,0.42448062
2126556826,0.09960056,0.092367046,0.80803233
2126568341,0.4305418,0.23290573,0.3365525
2126610264,0.20639294,0.3104566,0.48315045
2126625982,0.2414935,0.20020404,0.5583025
2126698028,0.26784626,0.30673426,0.42541954
2126792253,0.39609003,0.32831085,0.27559912
2126795629,0.12541771,0.7471665,0.12741578
2126811368,0.2754466,0.29085365,0.43369982
2126867620,0.20090142,0.5876038,0.21149471
2126967063,0.65277433,0.16233228,0.18489334
2126981937,0.31038576,0.38838026,0.30123404
2127068912,0.24931756,0.36685893,0.38382354
2127112198,0.10465114,0.09324274,0.80210614
2127365284,0.5732619,0.17346273,0.25327536
2127385542,0.41750297,0.22283037,0.35966673
2127492950,0.5651028,0.22372732,0.21116987
2127523403,0.22871485,0.42607254,0.34521258
2127682759,0.15353069,0.6168998,0.22956948
2127747379,0.75031835,0.11236214,0.13731949
2127787887,0.26366097,0.26310018,0.4732389
2127812703,0.34964725,0.35081628,0.29953647
2127994961,0.15799728,0.62586987,0.21613285
2128066368,0.25754315,0.411515,0.3309418
2128079007,0.24487567,0.2421321,0.51299214
2128368984,0.14592698,0.68179214,0.1722809
2128378447,0.36505038,0.3558984,0.27905118
2128497619,0.39761207,0.33378902,0.26859882
2128561286,0.37177292,0.2991672,0.3290599
2128567341,0.30842078,0.31256673,0.37901247
2128650003,0.36137852,0.25044033,0.38818115
2128719327,0.60811037,0.18953337,0.20235628
2128732802,0.11819296,0.10887689,0.7729301
2128741993,0.43004662,0.27305776,0.29689565
2128776701,0.27702868,0.42931038,0.29366094
2128805207,0.25246552,0.51597095,0.23156351
2128814193,0.21589066,0.38914424,0.3949651
2129000592,0.3086028,0.31508914,0.37630805
2129033940,0.2770268,0.33850592,0.3844673
2129237394,0.12893878,0.10863789,0.76242334
2129276316,0.22759032,0.54266256,0.22974713
2129285620,0.26015764,0.4354366,0.30440578
2129302427,0.20323469,0.24459274,0.5521725
2129439720,0.22325036,0.5387938,0.23795581
2129497724,0.21520105,0.21499176,0.56980723
2129514678,0.26585284,0.48724315,0.24690399
2129540840,0.32209823,0.37935144,0.29855034
2129586446,0.33777156,0.37614018,0.28608832
2129680098,0.14456718,0.66494095,0.1904918
2129812129,0.2912886,0.23683847,0.47187296
2129851512,0.3312841,0.35842553,0.3102904
2129908692,0.31196162,0.3768818,0.3111566
2129917955,0.3442206,0.3465858,0.30919352
2129919954,0.43204048,0.31305236,0.25490713
2129940782,0.1687529,0.63226503,0.1989821
2130034711,0.3748411,0.33574614,0.2894127
2130099028,0.21881181,0.1320784,0.6491098
2130125480,0.42980525,0.27441904,0.29577574
2130323704,0.21298493,0.24534562,0.5416695
2130366503,0.15111232,0.66308707,0.1858006
2130495925,0.07212703,0.8303312,0.09754178
2130520229,0.19592844,0.6017272,0.20234443
2130544337,0.32296914,0.3486179,0.32841295
2130670074,0.6711067,0.1711517,0.1577416
2130753431,0.20444283,0.5876613,0.20789582
2130755693,0.34714624,0.4305268,0.22232702
2130781005,0.35794458,0.3344089,0.3076465
2130880509,0.30046868,0.37474397,0.3247873
2130914247,0.2294024,0.41571203,0.35488555
2130982970,0.22515064,0.33046064,0.44438878
2131071830,0.2765581,0.2747623,0.44867966
2131232249,0.41741195,0.3117766,0.27081135
2131286523,0.24613598,0.3405467,0.41331735
2131316314,0.18960232,0.57424605,0.23615167
2131367223,0.3365702,0.32677722,0.33665255
2131530014,0.30557317,0.30710128,0.38732553
2131561820,0.24427092,0.26660773,0.4891214
2131600846,0.3275258,0.30486763,0.36760655
2131780673,0.58773196,0.17921141,0.23305662
2131911438,0.3835066,0.29981595,0.31667742
2132061277,0.12959594,0.10219533,0.76820874
2132064505,0.16412517,0.6620447,0.17383017
2132069256,0.6476052,0.17083287,0.18156192
2132108402,0.12752898,0.10981934,0.7626517
2132148232,0.34882385,0.24527612,0.40590006
2132222698,0.32944262,0.35016426,0.32039312
2132355498,0.088337496,0.80275536,0.10890717
2132421869,0.37899038,0.3786725,0.2423371
2132446699,0.13591146,0.6776422,0.18644637
2132502282,0.48378408,0.28591537,0.23030052
2132737610,0.30911043,0.44455364,0.24633594
2132931739,0.50300664,0.2737151,0.2232783
2132972327,0.35504708,0.34130806,0.30364487
2132978740,0.3257353,0.37260142,0.30166328
2132986860,0.5161602,0.25776717,0.22607262
2133048674,0.5361239,0.2333638,0.23051235
2133339598,0.33859688,0.3719933,0.28940982
2133460492,0.79756063,0.0818705,0.1205689
2133490091,0.19932602,0.5397158,0.2609581
2133517682,0.23461369,0.27205846,0.4933278
2133556803,0.2981478,0.36857277,0.3332794
2133648220,0.39365742,0.348124,0.2582186
2133657642,0.23893712,0.28795293,0.47310993
2133875579,0.13661475,0.7243639,0.13902135
2134144038,0.38758564,0.34216127,0.2702531
2134189882,0.7635338,0.08212371,0.15434249
2134194027,0.553214,0.23278324,0.21400268
2134278093,0.3622235,0.34974754,0.28802896
2134384877,0.6684664,0.1554726,0.17606103
2134396700,0.35658795,0.3613478,0.28206423
2134424933,0.6293785,0.17278117,0.19784038
2134464422,0.18709843,0.5941564,0.21874507
2134606567,0.5189112,0.256776,0.22431284
2134628086,0.3545341,0.3562346,0.2892314
2134961827,0.29973596,0.24693026,0.4533338
2134971002,0.11841115,0.75071794,0.13087085
2135037190,0.34734747,0.27884337,0.37380916
2135054543,0.26230767,0.28186625,0.45582607
2135153047,0.24030545,0.22033258,0.539362
2135274799,0.30421108,0.32884994,0.366939
2135357266,0.13678947,0.10684812,0.75636244
2135419532,0.4157563,0.32976827,0.25447547
2135556407,0.3038347,0.37406954,0.32209587
2135599804,0.2817491,0.3864584,0.3317925
2135850670,0.120926395,0.14584789,0.7332257
2135869970,0.6437444,0.16102658,0.19522901
2135881043,0.29040426,0.36925396,0.34034178
2136049145,0.252603,0.47049564,0.2769014
2136065231,0.4075593,0.28224632,0.31019437
2136089025,0.39288586,0.3280146,0.2790996
2136091872,0.20831515,0.608182,0.18350285
2136178861,0.34092286,0.35625795,0.30281922
2136274775,0.6031716,0.20746371,0.18936475
2136290793,0.20408939,0.4866071,0.3093036
2136328503,0.34097904,0.2476048,0.41141608
2136405912,0.13352162,0.11071261,0.75576586
2136589149,0.24424471,0.46937007,0.2863852
2136661291,0.1127669,0.09566671,0.7915664
2136672620,0.42899278,0.3165679,0.25443935
2136822989,0.38681546,0.34328368,0.2699008
2136830340,0.14705716,0.6812536,0.17168929
2136897991,0.36500588,0.26843485,0.3665593
2136914710,0.30226988,0.35019183,0.3475383
2136927531,0.4414715,0.26851285,0.29001576
2136931687,0.5472259,0.20323688,0.24953723
2136966800,0.47488102,0.29391685,0.23120217
2137050823,0.30927286,0.37702942,0.3136978
2137096986,0.3038329,0.38850054,0.3076666
2137106239,0.27238855,0.35486048,0.37275097
2137108391,0.24015628,0.20530093,0.5545428
2137132803,0.59339815,0.1937518,0.21285005
2137141665,0.37603933,0.3377025,0.28625813
2137202001,0.5796793,0.21398334,0.2063373
2137277354,0.38265127,0.33578676,0.28156197
2137285913,0.3481665,0.2836489,0.36818463
2137288298,0.4555642,0.21737397,0.32706177
2137397140,0.40417027,0.27058113,0.32524863
2137678962,0.26318854,0.37115008,0.36566135
2137717256,0.21467867,0.5564452,0.22887616
2137805891,0.51436377,0.21835382,0.26728246
2137816818,0.32999444,0.31672916,0.35327643
2137846170,0.7573465,0.11172606,0.13092737
2138116871,0.1856078,0.56572294,0.24866918
2138173964,0.5495479,0.22560608,0.22484599
2138251554,0.261977,0.4149858,0.32303715
2138392149,0.18777755,0.5720208,0.24020156
2138634730,0.59072983,0.202998,0.20627224
2138740384,0.3846491,0.36407223,0.2512787
2138751611,0.53246766,0.26047835,0.20705405
2138915967,0.40186098,0.30545196,0.29268697
2139022797,0.31281954,0.40431443,0.2828661
2139098999,0.38061225,0.31298304,0.30640468
2139171555,0.56044275,0.23048167,0.20907564
2139230311,0.20213462,0.27500963,0.5228557
2139588411,0.41557112,0.30698302,0.2774459
2139671101,0.23188016,0.33273107,0.4353888
2139833237,0.23137589,0.52194124,0.24668296
2139837610,0.4543242,0.23588844,0.30978745
2139901079,0.3872625,0.26635495,0.34638256
2139923754,0.4601454,0.30726096,0.23259367
2139979218,0.15913074,0.6341363,0.20673294
2140031867,0.3388469,0.26352268,0.3976304
2140136494,0.14017478,0.71029234,0.14953285
2140200884,0.39261794,0.33071482,0.27666727
2140291038,0.33550823,0.37045193,0.2940399
2140482423,0.5218353,0.24572717,0.23243755
2140503130,0.42146245,0.315479,0.2630586
2140612627,0.40050417,0.2600997,0.3393961
2140634225,0.30726653,0.381686,0.31104743
2140951960,0.23549262,0.4395566,0.32495075
2141052292,0.264351,0.4037353,0.33191368
2141111099,0.66038764,0.16233402,0.17727844
2141247611,0.40120944,0.35431927,0.24447134
2141415753,0.42618024,0.24351047,0.33030927
2141727622,0.41310242,0.28756115,0.29933637
2141733492,0.2908595,0.24641997,0.46272048
2141798217,0.33441344,0.39924172,0.26634493
2141808043,0.39350775,0.34088522,0.26560703
2141838235,0.29339185,0.37919948,0.3274086
2142102784,0.60588294,0.1993416,0.19477554
2142118799,0.3197648,0.42750743,0.25272778
2142160033,0.34714267,0.27321824,0.37963906
2142171033,0.4635152,0.27202988,0.2644549
2142267459,0.11522943,0.7572232,0.12754735
2142375480,0.51948595,0.25182918,0.22868489
2142407077,0.5347882,0.21068764,0.2545242
2142667700,0.47594157,0.23783715,0.28622136
2142767992,0.19102107,0.1994402,0.6095387
2142873844,0.65240926,0.15872599,0.18886472
2143484097,0.21171068,0.19552833,0.592761
2143530485,0.29991275,0.47528982,0.22479743
2143536308,0.14314257,0.16466568,0.6921917
2143566046,0.53212285,0.23364647,0.23423071
2143640300,0.78024316,0.09801264,0.121744186
2143747095,0.43697837,0.2501539,0.31286773
2143810174,0.20704743,0.5625141,0.2304384
2143937240,0.27019146,0.43405265,0.29575592
2144010059,0.76204854,0.104014926,0.13393661
2144024924,0.55884737,0.22232325,0.21882936
2144060427,0.32875857,0.35464954,0.31659192
2144199453,0.08896877,0.79222524,0.11880597
2144212180,0.32813293,0.25728247,0.41458458
2144307552,0.25302878,0.41504022,0.33193097
2144622745,0.30919406,0.3114454,0.3793606
2144701310,0.4331046,0.3041918,0.26270363
2144757087,0.2754864,0.28975594,0.4347577
2144768751,0.3063131,0.29724124,0.39644566
2145085097,0.2774306,0.3253758,0.3971936
2145212341,0.5414091,0.17995363,0.27863735
2145244762,0.30885044,0.37054434,0.32060522
2145285349,0.5925611,0.19270484,0.21473399
2145344601,0.4173768,0.31436348,0.2682598
2145351709,0.435776,0.27340615,0.2908178
2145356828,0.46279147,0.31373754,0.22347105
2145387345,0.5730068,0.22245707,0.2045362
2145449098,0.29450348,0.33643186,0.3690647
2145676103,0.18424332,0.5428087,0.27294803
2145803747,0.24741663,0.2286553,0.52392805
2145841617,0.42805415,0.22604944,0.34589642
2145898526,0.27084306,0.50104666,0.22811027
2145908415,0.4955178,0.25657582,0.24790639
2145968955,0.08226354,0.8111732,0.10656326
2145977420,0.5945515,0.19402705,0.21142145
2146068882,0.11976751,0.15723896,0.7229935
2146147893,0.33901554,0.40687463,0.25410986
2146204338,0.49678624,0.2665519,0.23666187
2146424298,0.4007206,0.35017988,0.24909952
2146444710,0.37934223,0.38845843,0.23219939
2146448414,0.3647335,0.31579447,0.31947204
2146509257,0.3164812,0.31879058,0.36472824
2146539633,0.47366613,0.20991445,0.31641945
2146882764,0.14295407,0.68673986,0.17030606
2146902873,0.28944537,0.17454305,0.53601164
2146948688,0.30465105,0.32265845,0.37269047
2147000643,0.36702907,0.35066634,0.2823046
2147003276,0.3362788,0.3476909,0.31603032
2147119279,0.4946402,0.24075243,0.2646074
2147225091,0.40444347,0.32803372,0.26752284
2147232135,0.32784644,0.27343464,0.3987189
2147245864,0.30619767,0.31566066,0.37814164
2147265027,0.30555832,0.3848535,0.30958816
2147267531,0.28892893,0.36219314,0.34887797
2147338575,0.3333551,0.33297408,0.3336709
2147374695,0.3197086,0.2878751,0.3924163
2147380266,0.33455056,0.3431499,0.32229957
2147397355,0.3161204,0.38037935,0.30350026
2147587070,0.41168916,0.29352382,0.29478702
2147766014,0.29783037,0.40676445,0.2954052
2147805578,0.21267459,0.4857712,0.30155423
2147838820,0.21559292,0.23190089,0.5525062
2147867847,0.40139294,0.36106452,0.23754258
2147906127,0.08918884,0.7615113,0.14929979
2147988121,0.44463563,0.22665821,0.3287062
2148032113,0.5764679,0.20721188,0.21632025
2148187042,0.26053703,0.43032625,0.30913675
2148211672,0.32733038,0.35191223,0.32075733
2148351368,0.31671458,0.3651058,0.3181796
2148372569,0.19723073,0.16422725,0.63854206
2148542446,0.19741149,0.57945514,0.22313336
2148542644,0.219097,0.18657514,0.5943279
2148551060,0.4493362,0.30821556,0.24244824
2148551638,0.23982319,0.46050456,0.29967228
2148564974,0.3923335,0.33583352,0.271833
2148573269,0.30347335,0.2630324,0.4334943
2148633429,0.3019282,0.40568122,0.29239058
2148736883,0.1247774,0.6963791,0.17884348
2148751174,0.19285549,0.59591335,0.21123119
2148893700,0.17051879,0.6439931,0.1854882
2148904411,0.17982374,0.6054177,0.21475856
2149066326,0.6093303,0.17827655,0.21239313
2149169638,0.19698222,0.597024,0.20599379
2149211443,0.3149877,0.36513403,0.31987834
2149259662,0.10356465,0.76810783,0.12832747
2149345222,0.47513747,0.2666925,0.25817007
2149428234,0.63298696,0.16563222,0.20138073
2149609966,0.1113709,0.10887055,0.7797585
2149614950,0.28772783,0.3674824,0.3447898
2149690703,0.29148567,0.41469267,0.2938217
2149700604,0.2157295,0.29916403,0.48510656
2149718066,0.29435995,0.34844252,0.35719752
2149766159,0.25455675,0.4621815,0.28326175
2149851196,0.17178562,0.15112257,0.6770918
2149851284,0.10498902,0.08442522,0.8105857
2150144670,0.2777571,0.2209406,0.50130236
2150202365,0.2544997,0.2774708,0.46802947
2150215826,0.1367379,0.7052309,0.15803121
2150321017,0.28714326,0.3084834,0.40437335
2150443527,0.26606506,0.44609553,0.2878394
2150697241,0.3227498,0.2894279,0.3878223
2150700485,0.5211783,0.2389158,0.23990597
2150715364,0.27668184,0.43757927,0.28573886
2150832356,0.3125572,0.30457675,0.38286608
2150871080,0.18639971,0.61197126,0.201629
2150874692,0.20500769,0.5994238,0.19556849
2150892631,0.29145804,0.2935791,0.41496283
2150925815,0.5955858,0.20046695,0.20394732
2150960812,0.2787551,0.4181185,0.30312636
2151184069,0.5684347,0.22973667,0.2018286
2151261222,0.37636337,0.33491674,0.28871986
2151447742,0.39290577,0.34043774,0.26665655
2151549168,0.3280517,0.3068535,0.36509487
2151610118,0.32980153,0.34437153,0.32582688
2151773646,0.21876921,0.22342624,0.5578046
2151803047,0.24625154,0.52195144,0.23179707
2151961620,0.4087779,0.21258123,0.3786409
2152083412,0.17064318,0.48135886,0.34799805
2152106954,0.38715383,0.26866063,0.34418553
2152113832,0.5281556,0.21552101,0.25632334
2152340527,0.4123795,0.3239479,0.26367262
2152442797,0.46047518,0.30048555,0.23903923
2152477415,0.3159767,0.38788906,0.29613426
2152488278,0.22562863,0.21895488,0.5554165
2152704639,0.26832345,0.38729936,0.3443772
2152753621,0.36180055,0.32571477,0.31248468
2153037908,0.19610062,0.421894,0.3820054
2153047439,0.12983294,0.1233155,0.7468515
2153197066,0.34547842,0.27305955,0.38146207
2153284044,0.33656955,0.3257736,0.3376568
2153331485,0.27254465,0.43045866,0.29699665
2153363521,0.32579613,0.3595436,0.31466016
2153377515,0.31756923,0.31405365,0.36837712
2153434858,0.29472384,0.2789096,0.42636654
2153486828,0.31673533,0.4161027,0.267162
2153726005,0.4850669,0.30298364,0.21194947
2153767214,0.38322467,0.36460745,0.25216785
2153814494,0.5192695,0.23288134,0.2478492
2153856885,0.34036607,0.34370825,0.31592575
2153939330,0.6546517,0.12072649,0.2246218
2153942486,0.32445657,0.37070107,0.30484244
2154000288,0.18181054,0.5978522,0.22033727
2154206532,0.11485464,0.731248,0.1538973
2154236575,0.13532932,0.7272675,0.13740318
2154265137,0.40930808,0.33559972,0.25509217
2154273816,0.20187719,0.19232208,0.60580075
2154277953,0.29641408,0.43304616,0.27053973
2154353122,0.26201877,0.42540073,0.3125806
2154503709,0.32421428,0.42644864,0.24933706
2154589223,0.28913018,0.39196312,0.31890675
2154686057,0.3095769,0.2979677,0.39245537
2154910904,0.4146553,0.30822167,0.27712294
2155012669,0.49957794,0.20533276,0.29508933
2155049114,0.21198791,0.6124318,0.17558025
2155150831,0.24462885,0.42517805,0.33019313
2155493782,0.31403464,0.239078,0.44688734
2155521797,0.20844844,0.4833446,0.30820686
2155564822,0.3431039,0.2845037,0.37239248
2155570044,0.24331476,0.17225479,0.5844305
2155589071,0.5090107,0.24612987,0.24485946
2155620288,0.37230295,0.34609735,0.28159964
2155668257,0.20660062,0.30765736,0.48574194
2155752666,0.14518563,0.6719375,0.1828768
2155844751,0.091369286,0.10688715,0.8017436
2155871246,0.46115026,0.3034673,0.2353825
2155878726,0.33315757,0.32718906,0.3396534
2155899997,0.32693392,0.39043054,0.28263548
2155957500,0.2955712,0.28306454,0.42136425
2155961175,0.45137182,0.2118591,0.3367691
2156136369,0.29559457,0.3717667,0.33263874
2156219583,0.20456588,0.22789308,0.56754106
2156307108,0.80480343,0.071384504,0.12381206
2156308291,0.4064601,0.35498136,0.23855849
2156365390,0.3668422,0.33682552,0.29633224
2156388087,0.35292175,0.40535736,0.2417209
2156409373,0.12154551,0.70786434,0.17059016
2156451291,0.22647685,0.47996014,0.293563
2156681417,0.31389096,0.31171972,0.37438926
2156687860,0.20894092,0.5914668,0.19959234
2156837826,0.28109282,0.44604027,0.272867
2156843614,0.124669544,0.108805485,0.766525
2156877891,0.3270992,0.37182397,0.30107683
2156965672,0.10438467,0.09834528,0.7972701
2157080652,0.2750419,0.31866613,0.40629193
2157214270,0.09401915,0.79096955,0.11501125
2157221841,0.5494427,0.23568425,0.21487306
2157233554,0.16357179,0.1695037,0.6669246
2157284975,0.1281061,0.10659867,0.7652952
2157450175,0.21067993,0.21768624,0.57163376
2157503439,0.2668404,0.36119446,0.37196508
2157535047,0.24471831,0.40341523,0.35186654
2157566122,0.5105953,0.26464733,0.22475745
2157593437,0.38844815,0.38865075,0.22290114
2157606505,0.28247446,0.4609604,0.25656515
2157635699,0.45347804,0.27176836,0.27475363
2157716522,0.5154332,0.2582424,0.22632436
2157767944,0.5414786,0.2590625,0.19945897
2157826796,0.2759932,0.34076533,0.38324144
2158031191,0.24228698,0.27401546,0.48369756
2158038064,0.15676832,0.66375804,0.17947362
2158085563,0.5116021,0.2602063,0.22819161
2158117726,0.57845336,0.19686492,0.22468175
2158153102,0.5070684,0.24980979,0.24312182
2158336121,0.1086468,0.0919001,0.799453
2158389962,0.45774782,0.31936178,0.2228904
2158426505,0.16519545,0.6394997,0.19530487
2158432955,0.11164367,0.090274274,0.79808205
2158495825,0.23099324,0.3270693,0.44193748
2158503516,0.23835582,0.48973414,0.27191004
2158622160,0.27242494,0.50697696,0.22059801
2158693353,0.31817982,0.36460695,0.3172133
2158716252,0.6571917,0.1828377,0.15997063
2159119873,0.20968184,0.24204807,0.54827017
2159162840,0.49243045,0.25496477,0.2526047
2159241110,0.24836297,0.29461318,0.45702392
2159293113,0.34751946,0.32887933,0.32360122
2159324224,0.48216504,0.26895416,0.2488808
2159340579,0.08735388,0.7931274,0.119518705
2159340832,0.38744038,0.31588936,0.2966703
2159408200,0.453616,0.28925034,0.25713366
2159434272,0.5296809,0.2384797,0.23183942
2159499256,0.32379898,0.32838783,0.34781313
2159501549,0.26537004,0.48882794,0.24580191
2159535415,0.23142087,0.3346151,0.433964
2159586922,0.5530931,0.24231979,0.20458712
2159846119,0.43010193,0.31749514,0.252403
2159854472,0.3678422,0.273718,0.35843983
2159879802,0.36479205,0.3231798,0.31202814
2159885611,0.3234473,0.32403338,0.35251933
2159895067,0.29365095,0.38224813,0.32410094
2159947893,0.7913943,0.082788706,0.125817
2159966557,0.10101872,0.09455362,0.8044277
2160116337,0.3467146,0.35984552,0.29343987
2160299574,0.4325505,0.13443208,0.43301737
2160308270,0.09158397,0.8020087,0.10640743
2160488025,0.5383887,0.2086188,0.25299245
2160516108,0.3188228,0.3392145,0.34196267
2160528910,0.16155085,0.15061337,0.6878358
2160631588,0.3370565,0.329186,0.33375752
2160695858,0.45611173,0.30704474,0.23684362
2160717561,0.3226942,0.24336624,0.4339396
2160766017,0.37716427,0.34490982,0.27792594
2160874389,0.32265994,0.35035598,0.32698414
2160904083,0.19543256,0.2017079,0.6028596
2160928721,0.3429663,0.36613685,0.2908969
2160960469,0.406251,0.30191463,0.29183438
2161076705,0.41222572,0.33385345,0.25392085
2161170109,0.28736675,0.21925847,0.49337485
2161175530,0.26119965,0.24686699,0.4919333
2161247027,0.55132043,0.24423176,0.20444778
2161315000,0.37390748,0.2885553,0.3375372
2161381046,0.15381809,0.66817063,0.17801134
2161407935,0.4043245,0.27628917,0.3193863
2161459010,0.36284956,0.3491687,0.28798175
2161463558,0.10810381,0.714853,0.17704321
2161517486,0.241504,0.3175279,0.44096813
2161623416,0.3262895,0.3330777,0.3406328
2161693751,0.3574184,0.29197022,0.3506114
2161695712,0.18550955,0.61826366,0.19622685
2161924610,0.36078846,0.22644824,0.41276333
2161975912,0.25082603,0.3686613,0.38051262
2162025850,0.15921383,0.6312182,0.20956792
2162154196,0.34353867,0.33416998,0.32229137
2162251511,0.17370178,0.14154296,0.68475527
2162283300,0.4454822,0.2570816,0.29743615
2162379049,0.24496984,0.24021508,0.51481503
2162400059,0.33360735,0.35000062,0.316392
2162601337,0.22776468,0.51404184,0.25819343
2162603884,0.421584,0.30099958,0.27741632
2162665300,0.41653627,0.32258904,0.26087472
2162672333,0.4271516,0.30371597,0.26913238
2162774322,0.12065328,0.7096605,0.16968626
2162804805,0.09875153,0.08995685,0.8112916
2162812821,0.4737734,0.29487538,0.23135121
2162880445,0.51393855,0.24622194,0.23983952
2162895052,0.23903033,0.35825795,0.40271175
2162996268,0.49223277,0.2911657,0.2166015
2162998539,0.31271753,0.31820965,0.36907282
2163041061,0.0825718,0.8207239,0.096704334
2163153718,0.3160462,0.34575784,0.33819598
2163166127,0.37118483,0.34653407,0.28228104
2163176555,0.55044395,0.22337735,0.22617865
2163323544,0.41134548,0.32565325,0.26300132
2163342916,0.43316242,0.30450088,0.26233676
2163344257,0.29258665,0.45525467,0.25215864
2163357863,0.27450407,0.41750935,0.30798656
2163460956,0.20547885,0.59034646,0.2041748
2163535296,0.093877204,0.78996897,0.116153784
2163591484,0.25817695,0.27962458,0.46219856
2163749883,0.46359578,0.30128047,0.23512374
2163806104,0.26381403,0.4260136,0.3101724
2163908780,0.35710767,0.40943974,0.23345259
2163908997,0.48353326,0.24125327,0.27521348
2163916970,0.4284636,0.32646796,0.24506845
2163979962,0.29045573,0.41340202,0.29614234
2164068360,0.44555706,0.3015201,0.25292283
2164093548,0.20682712,0.18792018,0.6052526
2164161501,0.40075597,0.31738412,0.2818599
2164355973,0.30401972,0.3943825,0.3015978
2164357741,0.3139812,0.365753,0.32026577
2164375917,0.7855528,0.09172793,0.12271931
2164380389,0.27358386,0.3497134,0.37670282
2164430915,0.25038686,0.29257694,0.4570362
2164537744,0.3905503,0.29460034,0.31484938
2164610527,0.2595569,0.38661134,0.35383177
2164690706,0.12734267,0.121666946,0.75099033
2164699714,0.48320273,0.30394015,0.21285716
2164717971,0.42239195,0.30215448,0.27545357
2164785122,0.41410366,0.32558212,0.26031426
2164827201,0.08375672,0.08823431,0.828009
2164849513,0.32838607,0.3443212,0.32729277
2164882716,0.1577972,0.6527804,0.18942244
2164959755,0.70118636,0.12306627,0.17574736
2165024347,0.20635314,0.18970585,0.603941
2165198101,0.2225871,0.32586733,0.4515456
2165357967,0.31776685,0.27980062,0.40243253
2165385415,0.30305195,0.29123804,0.40570998
2165407543,0.70100355,0.1437734,0.15522301
2165477019,0.345393,0.40526327,0.24934368
2165491159,0.23661588,0.24205945,0.52132475
2165497668,0.398597,0.34138945,0.26001355
2165585827,0.16974835,0.25333488,0.5769167
2165784109,0.23608437,0.40954217,0.35437348
2165816164,0.3877883,0.2897396,0.32247204
2165821613,0.32464445,0.38725936,0.28809622
2165971447,0.36363757,0.30782697,0.32853544
2165975710,0.24811469,0.36508,0.38680527
2165982346,0.36221895,0.30914786,0.32863325
2166172517,0.20713979,0.28026617,0.512594
2166196320,0.23501503,0.5158346,0.24915037
2166200693,0.32731867,0.3601522,0.31252912
2166201438,0.14681968,0.66273415,0.19044614
2166216572,0.24275587,0.4848846,0.27235958
2166403218,0.31716174,0.38478187,0.29805645
2166432783,0.33674714,0.31378064,0.34947225
2166547924,0.38933417,0.31764495,0.29302087
2166592565,0.19835865,0.5732843,0.22835703
2166643978,0.24734305,0.43701357,0.31564346
2166756527,0.40323958,0.34595653,0.25080392
2166864172,0.37071076,0.3364261,0.29286307
2166922771,0.42888197,0.24172412,0.32939386
2167113703,0.20522015,0.19264013,0.6021397
2167186281,0.11277034,0.10204987,0.7851798
2168193462,0.6498817,0.17493324,0.17518502
2168318172,0.4922026,0.27834567,0.2294518
2168358285,0.19607992,0.6071704,0.19674972
2168402547,0.50538033,0.24051309,0.25410655
2168425366,0.2690056,0.24892919,0.48206523
2168635886,0.2893146,0.25375026,0.4569352
2168661611,0.6892884,0.14521208,0.16549951
2168721774,0.34578827,0.34139997,0.31281173
2168738829,0.16592993,0.6541367,0.17993337
2168751761,0.31336698,0.38432634,0.30230668
2168860861,0.45721132,0.2724714,0.2703172
2168990125,0.384999,0.33952162,0.2754793
2168990417,0.6100339,0.18341401,0.20655213
2169133450,0.21302316,0.2647467,0.52223015
2169186049,0.2779527,0.3414462,0.38060102
2169333266,0.05983668,0.85642385,0.083739474
2169375585,0.33628294,0.32623693,0.3374801
2169500078,0.29183853,0.35375297,0.35440856
2169507256,0.22623152,0.43604782,0.33772057
2169592732,0.49439153,0.24812104,0.25748745
2169750889,0.4771572,0.28367138,0.23917142
2169806876,0.5437915,0.23017229,0.22603618
2169827235,0.2948129,0.37187904,0.33330807
2169887525,0.28380543,0.4424587,0.27373585
2169947468,0.34497762,0.3619152,0.2931072
2170079397,0.08074886,0.82592434,0.093326785
2170113336,0.36954206,0.367519,0.26293892
2170160708,0.38299698,0.37124404,0.24575906
2170166973,0.79615986,0.08074324,0.12309686
2170239570,0.18820728,0.60948485,0.20230797
2170245455,0.49309987,0.24698237,0.25991774
2170294676,0.45863903,0.28535,0.25601098
2170314577,0.24854006,0.47157723,0.27988285
2170389631,0.3441104,0.36011735,0.29577222
2170454177,0.50129175,0.27826676,0.22044152
2170486162,0.39151746,0.31811506,0.29036748
2170615283,0.35175255,0.2905424,0.35770503
2170641224,0.098097794,0.10430076,0.79760146
2170696988,0.33875594,0.4008233,0.26042083
2170746728,0.22668144,0.31605935,0.45725924
2170783721,0.34364796,0.37121913,0.28513294
2170902937,0.50283706,0.20548019,0.29168275
2171060057,0.31536633,0.33632788,0.34830573
2171191618,0.31729916,0.32526082,0.35744014
2171219862,0.3500618,0.34081343,0.30912477
2171261600,0.34901717,0.3093758,0.34160706
2171261721,0.22062963,0.49949828,0.27987203
2171329028,0.35508278,0.3292683,0.31564888
2171329887,0.12678947,0.71429634,0.15891416
2171376264,0.15113398,0.11912831,0.7297377
2171569810,0.27742168,0.42891276,0.2936655
2171599386,0.67059195,0.14495836,0.1844496
2171620304,0.5481355,0.22678673,0.22507778
2171644915,0.42894268,0.32693395,0.24412338
2171667314,0.13169612,0.706335,0.1619689
2171787235,0.38666755,0.32280654,0.29052582
2171862285,0.3937929,0.29536828,0.31083876
2171877666,0.26458657,0.25098285,0.4844306
2171897251,0.74845284,0.09536146,0.15618563
2171910702,0.2756436,0.23860775,0.4857487
2172066281,0.44120395,0.28874144,0.27005464
2172071330,0.12081068,0.10138695,0.7778023
2172128016,0.38095832,0.34964344,0.26939815
2172163384,0.3466235,0.36306736,0.2903092
2172228664,0.3008257,0.3428352,0.3563391
2172263421,0.34540573,0.3738676,0.28072664
2172292962,0.27892578,0.38768676,0.33338752
2172369102,0.390704,0.36333182,0.2459642
2172500554,0.18525973,0.2023141,0.6124262
2172555072,0.39949128,0.3346583,0.26585045
2172704447,0.44819435,0.31920597,0.23259975
2172719547,0.14253125,0.7131511,0.14431772
2172738200,0.23312649,0.29668015,0.47019336
2172770528,0.08052009,0.81604755,0.10343236
2172790272,0.46002936,0.2787157,0.26125494
2172838407,0.41511044,0.31594095,0.26894867
2172878842,0.29864356,0.30453366,0.3968228
2172902073,0.4391093,0.2893534,0.27153727
2172944134,0.28146014,0.21453023,0.50400966
2172965443,0.36871666,0.3709728,0.26031047
2173044583,0.34304926,0.40680632,0.25014445
2173195440,0.12817883,0.10340315,0.768418
2173195771,0.69422996,0.13361713,0.17215294
2173267310,0.32946023,0.40474263,0.26579714
2173296119,0.24612631,0.3399318,0.41394195
2173298038,0.22730975,0.5029401,0.26975006
2173325674,0.33460435,0.346193,0.31920266
2173363530,0.34893277,0.34347472,0.3075925
2173454474,0.54957736,0.21502435,0.23539828
2173573785,0.18922593,0.56347966,0.2472944
2173611788,0.41606328,0.26162827,0.32230848
2173751291,0.47351205,0.28330967,0.24317823
2173824284,0.41162428,0.25910372,0.32927206
2173970103,0.2270295,0.44428974,0.32868075
2173982661,0.3993452,0.279553,0.32110187
2174004251,0.39861402,0.32815617,0.2732298
2174145825,0.41049388,0.31890425,0.27060187
2174236099,0.18149012,0.20758061,0.6109292
2174248878,0.40642703,0.3225371,0.271036
2174334713,0.5581024,0.22151656,0.22038099
2174381783,0.3166054,0.3961988,0.2871958
2174594364,0.3328532,0.4047676,0.26237914
2174609570,0.14357843,0.16077599,0.6956455
2174621136,0.18256511,0.59129536,0.22613949
2174649068,0.06574521,0.06621988,0.86803484
2174769474,0.32242566,0.41837418,0.25920016
2174802176,0.31310952,0.28372994,0.40316045
2174944994,0.6645826,0.15701407,0.17840332
2174963054,0.2299923,0.35950378,0.41050392
2175065349,0.32186788,0.31224778,0.3658844
2175068611,0.15528557,0.16166168,0.6830528
2175071321,0.26570585,0.36766076,0.3666334
2175375181,0.15966475,0.6555899,0.18474545
2175375762,0.3393076,0.27909988,0.38159248
2175379345,0.25288144,0.41842905,0.3286895
2175417858,0.40232208,0.3270557,0.27062222
2175624820,0.47893232,0.22278689,0.29828078
2175687889,0.14442448,0.69415295,0.16142255
2175708246,0.24247418,0.35194698,0.40557888
2175829973,0.19486398,0.5402096,0.2649264
2175919858,0.3779406,0.224313,0.3977464
2176331414,0.25576574,0.35796216,0.3862721
2176380779,0.5316077,0.1802333,0.288159
2176478418,0.085840724,0.086553834,0.82760555
2176484059,0.49728736,0.23670162,0.26601112
2176635578,0.21500142,0.5484478,0.23655069
2176691525,0.34961215,0.20801936,0.44236848
2176803027,0.27592963,0.39825454,0.3258159
2176979253,0.36066294,0.31641382,0.32292324
2177009615,0.36377275,0.36879402,0.2674332
2177049587,0.16936114,0.63172275,0.19891608
2177147797,0.11330549,0.7557443,0.13095026
2177305358,0.70922035,0.120344,0.17043564
2177317908,0.37101364,0.12125148,0.5077349
2177329052,0.46982223,0.26732942,0.26284838
2177336130,0.25130337,0.43666422,0.31203234
2177529891,0.60000765,0.16181959,0.23817275
2177565174,0.5736143,0.1602304,0.26615533
2177627509,0.26057243,0.30883768,0.43058982
2177762036,0.10553486,0.77423644,0.12022868
2177809918,0.546299,0.2462972,0.20740382
2177904798,0.32941628,0.25815684,0.41242695
2177958006,0.45496243,0.2906018,0.2544358
2178038967,0.2862409,0.3459826,0.36777648
2178096637,0.44327238,0.26476327,0.2919644
2178188006,0.32623768,0.25848112,0.41528115
2178282093,0.19720708,0.5739922,0.22880073
2178377545,0.2521093,0.18120526,0.5666855
2178391630,0.31362543,0.37277043,0.31360418
2178431864,0.29957476,0.42533252,0.27509272
2178472791,0.47255114,0.26969314,0.25775573
2178485799,0.35480908,0.39425352,0.25093737
2178547922,0.16914646,0.17388855,0.656965
2178565224,0.35399508,0.38647598,0.25952896
2178647217,0.2245809,0.4666618,0.30875736
2178850286,0.36151,0.3649958,0.2734942
2178881026,0.16838844,0.21761382,0.6139977
2179033534,0.3344599,0.3235374,0.34200263
2179379706,0.23184295,0.22149295,0.5466641
2179680919,0.3565028,0.3551361,0.28836116
2179754789,0.18975073,0.62041265,0.18983655
2179811767,0.7055088,0.12994286,0.16454822
2179924052,0.4667975,0.2857152,0.24748722
2180031822,0.1582812,0.6818698,0.15984893
2180102617,0.27975398,0.28720078,0.43304527
2180117805,0.34746203,0.28392172,0.36861628
2180185806,0.3586121,0.23314257,0.40824538
2180560058,0.79490733,0.07695063,0.12814204
2180641649,0.5515858,0.22862966,0.21978457
2180717510,0.10519755,0.7664116,0.1283908
2180733179,0.4015621,0.2920824,0.30635548
2180771375,0.4201322,0.29422554,0.2856422
2180797699,0.5105059,0.23093075,0.25856328
2180798398,0.4143796,0.27747032,0.30815002
2180906939,0.32945633,0.30709746,0.36344624
2181153268,0.25669044,0.25792402,0.4853855
2181226740,0.3956992,0.31578147,0.28851932
2181537911,0.2627431,0.47927463,0.2579822
2181703986,0.07546,0.81476057,0.10977942
2182018901,0.4627877,0.28375995,0.25345233
2182051823,0.18006922,0.6471192,0.17281155
2182078263,0.7214891,0.11343896,0.16507187
2182110236,0.14499995,0.13841783,0.7165823
2182429336,0.30692807,0.40991324,0.28315866
2182695655,0.3885043,0.3684893,0.24300641
2182859551,0.37462184,0.3699834,0.25539476
2182931207,0.26239106,0.26449478,0.4731142
2183045733,0.11542753,0.75260705,0.13196538
2183088011,0.21865852,0.20372155,0.57761997
2183093953,0.21971452,0.24010627,0.54017925
2183163369,0.5764643,0.20793992,0.21559581
2183207579,0.16413227,0.15150446,0.6843632
2183263550,0.2770125,0.26520467,0.45778286
2183293682,0.26146117,0.3239503,0.41458854
2183393142,0.108419985,0.12935159,0.7622285
2183561763,0.19181505,0.59083474,0.21735023
2183694947,0.23092839,0.35533527,0.41373634
2183789162,0.39578876,0.338135,0.26607633
2183882204,0.38092896,0.36034003,0.25873107
2183909195,0.12935276,0.7243927,0.14625458
2183939796,0.378834,0.20156382,0.4196022
2183979331,0.35213086,0.34491488,0.30295423
2184125898,0.5580504,0.21118611,0.23076354
2184210619,0.4008465,0.36957404,0.2295794
2184320146,0.5569216,0.217382,0.22569634
2184345520,0.4093641,0.2704088,0.32022712
2184347961,0.36038178,0.3808188,0.2587995
2184366631,0.098394856,0.763945,0.13766012
2184380217,0.12627494,0.7164763,0.15724872
2184743439,0.29300734,0.3042829,0.40270972
2184745970,0.11578734,0.11750005,0.7667126
2185127442,0.2946955,0.27640983,0.42889473
2185144991,0.32458213,0.34473744,0.3306804
2185273774,0.47606808,0.30700007,0.2169318
2185367668,0.18245724,0.59100527,0.22653757
2185391380,0.3848782,0.3106631,0.30445874
2185436275,0.098203346,0.094664864,0.8071318
2185446042,0.34338164,0.33605918,0.32055917
2185521419,0.22214346,0.49791986,0.2799367
2185542123,0.11861566,0.7304809,0.15090346
2185556683,0.11262065,0.6490399,0.23833942
2185584067,0.6938966,0.14472811,0.16137536
2185612369,0.26229241,0.43969226,0.29801536
2185613926,0.15757927,0.6615149,0.18090591
2185617229,0.28157267,0.26115423,0.45727304
2185645645,0.29360136,0.25861815,0.44778046
2185754749,0.5741921,0.1932904,0.23251747
2185882038,0.1718214,0.199628,0.62855065
2185930555,0.12664291,0.68225944,0.19109759
2185957077,0.18653627,0.5757865,0.23767729
2185994394,0.38714805,0.3462246,0.2666274
2186022089,0.28275433,0.35084915,0.36639655
2186051717,0.80765986,0.077087715,0.115252495
2186053015,0.12846218,0.69377154,0.17776634
2186149237,0.3217369,0.3455495,0.33271363
2186178825,0.39734614,0.33890605,0.26374772
2186241395,0.52841896,0.2386235,0.23295748
2186348317,0.42421228,0.26789653,0.30789113
2186357684,0.19106846,0.1939093,0.61502224
2186367491,0.21233027,0.53665376,0.251016
2186373518,0.32751876,0.36618808,0.30629316
2186655982,0.517203,0.23414789,0.2486491
2186742618,0.33900204,0.39215618,0.26884174
2186999136,0.560295,0.22608338,0.21362165
2187070049,0.38910195,0.3084036,0.3024944
2187077852,0.41375387,0.34258768,0.24365848
2187153423,0.514056,0.16351308,0.322431
2187207198,0.4056163,0.29512334,0.29926038
2187715006,0.12266732,0.7204165,0.15691623
2187725144,0.276037,0.23939526,0.48456773
2187805196,0.22793454,0.19853535,0.5735301
2187830312,0.23121148,0.19261838,0.57617015
2187924745,0.16571905,0.6393918,0.19488916
2187991696,0.24901652,0.28403336,0.4669502
2187997322,0.6106264,0.22031309,0.16906051
2188196241,0.08646687,0.08713998,0.8263932
2188288295,0.29271302,0.34640962,0.36087736
2188341121,0.13515602,0.69175375,0.1730902
2188391094,0.3539201,0.35007578,0.2960041
2188450245,0.5807326,0.20274696,0.21652047
2188456564,0.49640182,0.23071508,0.27288312
2188498828,0.30136764,0.33122998,0.36740237
2188523078,0.33239397,0.32385883,0.34374717
2188600284,0.22445822,0.50657403,0.2689677
2188657162,0.34154013,0.26740232,0.39105752
2188865881,0.21073759,0.2527552,0.53650725
2188977283,0.3645058,0.36093682,0.27455744
2189001864,0.24646914,0.5056862,0.24784464
2189022218,0.16449068,0.6346459,0.20086351
2189062100,0.21265674,0.20024322,0.5871
2189334842,0.60908353,0.1847132,0.20620324
2189341401,0.37152112,0.35747603,0.27100283
2189417247,0.51181924,0.21613847,0.27204236
2189646397,0.4163591,0.2819923,0.30164865
2189729860,0.20695867,0.3677439,0.4252974
2189914806,0.6840968,0.1569072,0.15899599
2190064907,0.30987352,0.36425313,0.32587332
2190111601,0.4557411,0.23108444,0.3131744
2190135987,0.42180082,0.33703715,0.24116197
2190275100,0.073102735,0.83348995,0.09340729
2190532097,0.3979008,0.3351717,0.26692757
2190560745,0.3375917,0.3068831,0.3555251
2190574566,0.070272416,0.8359351,0.09379252
2190859848,0.44688272,0.28431714,0.2688002
2191131719,0.20657611,0.19502184,0.59840214
2191309093,0.5216833,0.24781017,0.23050651
2191310225,0.50961405,0.22894913,0.2614368
2191399937,0.46143988,0.28353885,0.2550212
2191429188,0.3441904,0.36120453,0.2946051
2191491585,0.62594754,0.19336581,0.18068662
2191744280,0.20550011,0.5872465,0.20725338
2191799512,0.3601601,0.2776829,0.36215705
2191843102,0.18830235,0.19673893,0.6149587
2191863663,0.22315939,0.19862449,0.57821614
2191889487,0.44701213,0.285879,0.267109
2191894314,0.13534383,0.12038535,0.7442708
2191957212,0.5193958,0.24265125,0.23795295
2191963668,0.35352746,0.33128428,0.3151882
2192049636,0.29341507,0.24679494,0.45979
2192105566,0.16628131,0.3424882,0.4912304
2192121083,0.37182227,0.27473363,0.3534441
2192227475,0.37821487,0.2527507,0.3690345
2192338861,0.45098805,0.27239072,0.27662125
2192401569,0.516517,0.25721398,0.22626898
2192429667,0.23971906,0.37744784,0.38283312
2192437301,0.13265213,0.71634555,0.15100229
2192444288,0.48743504,0.20664181,0.30592313
2192582646,0.26164252,0.30878258,0.429575
2192616073,0.35021624,0.24572207,0.40406176
2192631617,0.35941374,0.39855322,0.24203297
2192632553,0.14515187,0.6890594,0.16578877
2192692316,0.30979657,0.34514725,0.34505615
2192771625,0.26704597,0.3631664,0.36978763
2192846253,0.2625168,0.39418393,0.3432992
2192854784,0.6264593,0.16051714,0.21302353
2192934766,0.48874518,0.26241538,0.24883944
2192976212,0.30782592,0.2628961,0.429278
2193134213,0.20318483,0.55838954,0.23842563
2193144763,0.39854297,0.28484467,0.31661236
2193186555,0.26413432,0.48386106,0.25200468
2193280468,0.15479045,0.14461437,0.70059526
2193362867,0.4988881,0.2567462,0.2443656
2193382748,0.2972131,0.27691975,0.42586714
2193399412,0.35442612,0.40565005,0.23992382
2193406008,0.20645486,0.19438174,0.5991634
2193467687,0.7276103,0.12372616,0.14866355
2193660798,0.19611381,0.19103554,0.6128506
2193723982,0.20017391,0.19662395,0.6032021
2193769046,0.11371192,0.10345315,0.78283495
2193970423,0.25520393,0.37280416,0.37199196
2194036535,0.27981722,0.29256466,0.4276181
2194042827,0.38963887,0.22280212,0.387559
2194231094,0.23750387,0.22806469,0.5344314
2194273168,0.2711371,0.4497589,0.27910408
2194495056,0.25496584,0.4043047,0.3407295
2194619559,0.30796418,0.35891092,0.33312494
2194629296,0.7334899,0.12640272,0.1401075
2194633758,0.32237095,0.34938872,0.32824036
2194640280,0.5219395,0.23363344,0.24442703
2194703050,0.304063,0.38430017,0.31163684
2194989287,0.3670092,0.31490842,0.3180824
2195058478,0.349279,0.38488087,0.26584017
2195132191,0.25252402,0.41425565,0.3332204
2195183194,0.4082443,0.20283903,0.3889167
2195276940,0.5578148,0.24053726,0.20164794
2195309341,0.23081076,0.4412777,0.3279116
2195473449,0.75785285,0.09619043,0.14595672
2195506796,0.5408753,0.24465525,0.21446952
2195549176,0.37135005,0.2982838,0.3303662
2195641240,0.21360457,0.5451422,0.24125324
2195753246,0.18574521,0.18939428,0.6248606
2195874730,0.5416327,0.22587627,0.23249105
2195908317,0.2878321,0.3507515,0.36141637
2196063022,0.33646736,0.2655356,0.39799702
2196383815,0.3326583,0.309583,0.35775873
2196477182,0.3215998,0.34107226,0.33732787
2196533346,0.4394109,0.31919616,0.24139293
2196534261,0.3138775,0.34754637,0.33857617
2196628477,0.3337196,0.3463873,0.31989312
2196721908,0.3769288,0.28124788,0.34182334
2196740477,0.50720197,0.25954232,0.23325574
2196741806,0.397829,0.32667348,0.27549747
2196874655,0.533128,0.23119496,0.23567703
2196875845,0.42260543,0.29890653,0.27848795
2196880032,0.30974236,0.40106836,0.28918928
2196923689,0.42119676,0.27894574,0.29985747
2196931308,0.36670876,0.36802775,0.26526356
2197189606,0.49501878,0.28101227,0.22396888
2197210068,0.45334494,0.2789515,0.2677036
2197247371,0.454579,0.26280674,0.2826143
2197263467,0.24115245,0.2665181,0.49232948
2197314031,0.55240726,0.24694918,0.20064351
2197350417,0.41775388,0.2491762,0.3330699
2197389327,0.08555451,0.80793154,0.10651397
2197510409,0.3653109,0.35727403,0.277415
2197527874,0.32724243,0.37753785,0.2952197
2197601363,0.29628798,0.397194,0.30651802
2197719663,0.3327037,0.40869063,0.25860566
2197754030,0.33054522,0.32352796,0.34592682
2197775058,0.1356966,0.12103859,0.74326473
2197783856,0.47502527,0.27610272,0.24887201
2197806429,0.2921074,0.38132167,0.32657093
2198041181,0.21901621,0.21074307,0.57024074
2198060696,0.51408166,0.19518033,0.29073802
2198082378,0.30377153,0.40892655,0.2873019
2198147963,0.28785068,0.40657696,0.3055723
2198164734,0.11335724,0.75133765,0.1353051
2198236275,0.18948677,0.17265752,0.63785577
2198296969,0.21588546,0.54397273,0.24014181
2198300335,0.39345354,0.33454686,0.2719996
2198390800,0.32789248,0.35721943,0.3148881
2198502993,0.11492307,0.12546098,0.759616
2198559459,0.29972884,0.41184372,0.2884275
2198767756,0.2982107,0.40685657,0.29493263
2198870329,0.32179397,0.39809716,0.2801088
2198907073,0.32868722,0.3323822,0.33893058
2199014643,0.29039717,0.30068922,0.40891355
2199125192,0.46512818,0.2565227,0.27834913
2199313850,0.47067356,0.25587693,0.27344942
2199393268,0.51856405,0.2617242,0.21971177
2199403257,0.40420723,0.3068033,0.28898957
2199418965,0.52053785,0.24646436,0.2329977
2199552111,0.40369976,0.3203476,0.27595258
2199589600,0.5362845,0.24069075,0.22302479
2199753353,0.32471964,0.37803861,0.29724175
2199912177,0.09353422,0.7604352,0.14603055
2200109639,0.30778053,0.3896283,0.30259126
2200118426,0.23476848,0.4681506,0.29708093
2200129080,0.19370514,0.22634362,0.5799512
2200251352,0.35453716,0.37651697,0.26894593
2200283027,0.40101674,0.34503895,0.25394425
2200301572,0.19407935,0.5778821,0.22803855
2200367117,0.4349891,0.27990034,0.28511065
2200413738,0.33030868,0.3858553,0.28383604
2200447396,0.60486007,0.19007415,0.20506573
2200539142,0.33287653,0.34810692,0.3190166
2200744407,0.5076311,0.2605232,0.23184566
2200760287,0.39782652,0.35900006,0.24317342
2200762727,0.36729455,0.2620273,0.37067816
2200824528,0.14176258,0.13936661,0.7188708
2200862783,0.2800878,0.26993975,0.44997245
2201026851,0.31063125,0.3856624,0.30370632
2201121794,0.38593602,0.3104111,0.30365285
2201161539,0.37901065,0.29466137,0.32632798
2201194221,0.36580205,0.2963707,0.3378273
2201238197,0.4038505,0.3399312,0.25621834
2201250092,0.35014796,0.3294735,0.3203786
2201316187,0.23721586,0.27140722,0.491377
2201427722,0.28990084,0.33687758,0.37322155
2201444344,0.62067395,0.18068539,0.19864067
2201457375,0.6143301,0.16319907,0.22247083
2201615198,0.42436585,0.28853208,0.28710204
2201707753,0.13763808,0.65315413,0.20920779
2201798602,0.41319498,0.19891255,0.3878924
2201863947,0.17808464,0.4930108,0.3289045
2201868705,0.24322115,0.3277988,0.42898005
2201893143,0.31954518,0.30800956,0.3724453
2201956014,0.2094753,0.22636318,0.5641615
2202060353,0.3662164,0.34026664,0.29351708
2202065895,0.09909646,0.086244226,0.8146593
2202068111,0.3315684,0.3335329,0.33489868
2202203345,0.19837558,0.5305088,0.27111554
2202204229,0.52769506,0.2308712,0.24143375
2202305339,0.17269702,0.13625765,0.6910453
2202404130,0.3217344,0.37433335,0.30393225
2202578395,0.16398162,0.62685573,0.20916265
2202612325,0.2666498,0.4307071,0.30264318
2202718964,0.5408675,0.18369773,0.2754348
2202754312,0.22675523,0.2138473,0.55939746
2202763651,0.3330624,0.33402097,0.33291656
2202805949,0.7598258,0.10133887,0.1388352
2202849142,0.42872736,0.33586407,0.23540854
2202872181,0.2548892,0.29164714,0.45346367
2202874696,0.3545056,0.33980203,0.30569237
2202928111,0.47385192,0.270993,0.2551551
2202970786,0.29159012,0.23771495,0.4706949
2202974449,0.41156378,0.3343114,0.25412488
2202989652,0.76486766,0.090935975,0.14419639
2203018295,0.10103774,0.09591397,0.8030483
2203090053,0.47794273,0.22569673,0.29636058
2203128905,0.3830916,0.35884383,0.2580646
2203159010,0.27104363,0.42647657,0.3024798
2203264585,0.21741031,0.26320854,0.5193812
2203430737,0.39024833,0.2866033,0.32314837
2203452564,0.41199937,0.30236068,0.28563994
2203521792,0.2699291,0.3347707,0.3953002
2203544654,0.23685372,0.25975317,0.50339305
2203583853,0.33553126,0.2850357,0.37943304
2203593878,0.5316274,0.2182824,0.2500902
2203603229,0.1111785,0.7329333,0.15588823
2203608675,0.55688995,0.22437723,0.2187328
2203646211,0.19168727,0.20924586,0.5990669
2203671357,0.31916502,0.45839083,0.22244419
2203710360,0.24773495,0.3235462,0.4287188
2203773770,0.360619,0.3214939,0.31788713
2203910905,0.2957225,0.358293,0.34598452
2204018165,0.22520368,0.5252431,0.2495532
2204024450,0.5344173,0.22043717,0.24514554
2204101284,0.3436784,0.35333773,0.30298388
2204102376,0.13469282,0.72115695,0.14415023
2204143403,0.54089504,0.20801727,0.2510877
2204146189,0.18406254,0.59781814,0.21811934
2204149971,0.4229714,0.34640846,0.2306202
2204420123,0.35862282,0.36799294,0.27338424
2204440828,0.3311907,0.32035485,0.34845445
2204504760,0.34018776,0.35735163,0.30246067
2204538178,0.23943737,0.27108207,0.48948056
2204560441,0.29702455,0.4034074,0.2995681
2204570508,0.24043582,0.34145525,0.41810888
2204581489,0.30778176,0.3701424,0.32207584
2204611548,0.317427,0.35103685,0.33153614
2204627898,0.118590325,0.76010966,0.121300064
2204675804,0.17968804,0.62890613,0.19140577
2204727793,0.14209451,0.1376463,0.72025925
2204752461,0.38740048,0.22674406,0.38585547
2204862930,0.07280222,0.8252515,0.10194629
2205029462,0.09366789,0.7904746,0.11585747
2205038464,0.17724329,0.21257229,0.61018443
2205344811,0.2808987,0.26249948,0.45660186
2205594062,0.29847395,0.4208854,0.2806406
2205732813,0.21820782,0.34545568,0.43633643
2205739142,0.2108424,0.21005525,0.57910234
2205765928,0.16523078,0.21106221,0.62370706
2205960906,0.28570405,0.3236765,0.3906194
2205972865,0.12914747,0.72041136,0.15044117
2206016293,0.36869276,0.3325988,0.29870844
2206042164,0.42266688,0.29007995,0.2872532
2206060258,0.3286949,0.2901935,0.38111162
2206086474,0.32115853,0.39716208,0.28167936
2206107717,0.30267075,0.22975142,0.46757787
2206147136,0.6153828,0.1541543,0.2304629
2206179541,0.42228255,0.31308877,0.26462877
2206254027,0.33094263,0.32668236,0.342375
2206322880,0.3041186,0.32415766,0.37172374
2206386265,0.25149068,0.49412942,0.25438
2206775662,0.46481195,0.27039942,0.26478863
2206848073,0.4681808,0.20442311,0.3273961
2206855615,0.3570253,0.29837587,0.34459886
2206862082,0.3858936,0.3429352,0.27117118
2207031650,0.30792007,0.386454,0.30562598
2207290725,0.19992012,0.20407647,0.5960035
2207562197,0.55423313,0.23929901,0.20646788
2207586274,0.38186404,0.34080237,0.27733362
2207746654,0.42539114,0.31131905,0.2632898
2207811487,0.39093444,0.37947124,0.22959435
2207819937,0.39615515,0.30801502,0.29582986
2207937288,0.11874592,0.7281907,0.15306333
2207977545,0.28007084,0.39829382,0.32163528
2208034018,0.17933418,0.16522744,0.6554384
2208503518,0.32660228,0.34466994,0.32872778
2208707505,0.5426862,0.24252032,0.21479349
2208838923,0.28899953,0.25614464,0.45485574
2208914287,0.12827536,0.13291259,0.738812
2209031258,0.29002535,0.36055645,0.34941813
2209210360,0.3994507,0.34270155,0.25784776
2209356033,0.28836754,0.29116157,0.42047095
2209381488,0.17274307,0.63726103,0.18999587
2209533273,0.2617312,0.29765713,0.44061166
2209636559,0.39737755,0.33316857,0.26945394
2209719060,0.16814193,0.54518574,0.2866724
2209846522,0.2179274,0.55242556,0.22964701
2209981617,0.23152053,0.3910774,0.37740207
2210070622,0.46724263,0.32211986,0.21063751
2210091901,0.32229406,0.3143767,0.36332923
2210401040,0.3112368,0.2363663,0.45239687
2210403189,0.5088943,0.2508003,0.24030529
2210574810,0.42995977,0.34808975,0.22195049
2210608891,0.20576736,0.19960813,0.59462446
2210637381,0.8274291,0.05849378,0.114077084
2211059561,0.2103076,0.22082509,0.5688674
2211165835,0.3107819,0.424435,0.26478308
2211401793,0.49717152,0.25442055,0.24840793
2211472373,0.08771073,0.7998503,0.11243903
2211652723,0.48864,0.2635607,0.24779928
2211664729,0.30358982,0.30071923,0.39569092
2211702962,0.14260097,0.14425302,0.713146
2211703370,0.33966622,0.37157595,0.28875777
2211772053,0.22432067,0.40907866,0.3666006
2211796773,0.37668094,0.30735838,0.31596068
2211884963,0.12940016,0.13841656,0.7321832
2211928888,0.5062005,0.2614226,0.23237684
2211953839,0.2005268,0.18337138,0.6161018
2211967475,0.18985145,0.19669232,0.6134563
2212009414,0.33817625,0.33468154,0.3271422
2212030350,0.46728557,0.2870831,0.24563132
2212047407,0.2963711,0.35456628,0.34906262
2212048975,0.27525476,0.36772805,0.35701725
2212097877,0.4770308,0.2002269,0.32274216
2212173126,0.41496718,0.27629107,0.30874172
2212200400,0.26544985,0.3222336,0.41231662
2212420564,0.40476254,0.23473619,0.36050132
2212456961,0.25412735,0.47108325,0.2747893
2212461482,0.4139377,0.30441844,0.2816439
2212658035,0.47230026,0.28054437,0.24715543
2212661087,0.6889291,0.10401918,0.20705171
2212872210,0.36965957,0.18365845,0.44668192
2212919942,0.5736844,0.22200955,0.20430604
2212973568,0.58029246,0.21540233,0.20430522
2212981598,0.16531032,0.6375349,0.1971547
2213037308,0.2204134,0.21242246,0.5671642
2213074554,0.18026532,0.53487104,0.28486368
2213266224,0.3012118,0.25758263,0.44120562
2213392240,0.6146393,0.1624613,0.22289938
2213427808,0.42541578,0.3161239,0.2584603
2213598791,0.31066844,0.3589782,0.33035332
2213683597,0.3218663,0.3981735,0.2799602
2213695956,0.44627893,0.2695315,0.28418958
2213796604,0.31137767,0.32864353,0.35997877
2213880157,0.3347115,0.36682037,0.29846823
2214006330,0.24657337,0.31939086,0.43403575
2214137333,0.31572288,0.34764138,0.33663577
2214181104,0.22473204,0.38725883,0.3880091
2214400507,0.25323662,0.27879527,0.4679681
2214518878,0.21372643,0.50757945,0.27869412
2214589916,0.34869602,0.36533174,0.28597224
2214604939,0.29297855,0.30922073,0.3978007
2214766295,0.2740223,0.32735643,0.3986213
2214835295,0.31665555,0.3563102,0.32703426
2215004757,0.29365537,0.32927504,0.37706956
2215059799,0.15530941,0.5914075,0.2532831
2215107396,0.2809699,0.49184301,0.22718708
2215238716,0.5548547,0.2297349,0.2154105
2215247186,0.45382896,0.31157187,0.23459914
2215420104,0.42703235,0.270596,0.30237162
2215464678,0.35586008,0.23986872,0.4042712
2215503369,0.30839813,0.23095962,0.4606423
2215540478,0.19138493,0.5395946,0.2690204
2215623769,0.30034074,0.30601612,0.3936431
2215883362,0.3251886,0.41368592,0.26112548
2215995886,0.31068867,0.34911582,0.34019548
2216081009,0.3825436,0.3514366,0.26601982
2216137473,0.3375693,0.33480677,0.3276239
2216199211,0.3567409,0.33954835,0.30371076
2216253279,0.28608575,0.41367367,0.3002406
2216302487,0.36011705,0.2792691,0.36061388
2216312914,0.40411854,0.33169442,0.264187
2216317974,0.4407374,0.3257793,0.23348334
2216357506,0.49979046,0.28200722,0.21820228
2216420904,0.73747027,0.11657871,0.14595097
2216446060,0.59016436,0.22007543,0.18976022
2216470502,0.4335538,0.3050072,0.261439
2216716396,0.25494432,0.30285445,0.44220126
2216737075,0.275229,0.24048601,0.4842849
2216874620,0.5582612,0.23833214,0.20340663
2216961574,0.111959934,0.11703083,0.7710092
2216971698,0.4258265,0.27563226,0.29854134
2217224520,0.75934684,0.09986801,0.14078508
2217249332,0.15460159,0.607111,0.23828739
2217324734,0.72034556,0.12772578,0.15192863
2217384385,0.4037755,0.32407954,0.27214503
2217399268,0.31547135,0.3173962,0.36713248
2217545993,0.53934073,0.22286212,0.23779716
2217612204,0.27161157,0.39982596,0.32856247
2217619276,0.11599229,0.7562102,0.12779747
2217727652,0.2653933,0.33258468,0.402022
2217771976,0.3126099,0.24155505,0.44583502
2217838490,0.698567,0.12654722,0.17488581
2217952017,0.45830408,0.27238598,0.26930997
2218005910,0.28509402,0.40560785,0.3092981
2218279560,0.25154802,0.37158865,0.37686336
2218309474,0.373939,0.29422846,0.3318325
2218402013,0.18651232,0.33822426,0.47526345
2218509531,0.36212522,0.3833862,0.25448856
2218627755,0.26170075,0.48812672,0.2501726
2218713069,0.4050079,0.3325742,0.2624179
2218718984,0.4175466,0.3135713,0.26888216
2218746051,0.38924333,0.3007715,0.30998513
2218858041,0.3042658,0.35886565,0.33686855
2218872983,0.13245264,0.7017392,0.16580814
2218991144,0.671936,0.15908983,0.16897416
2219076257,0.16471413,0.6270718,0.20821404
2219225884,0.4430859,0.3122163,0.2446978
2219250732,0.15588982,0.16461661,0.67949355
2219251002,0.45709085,0.26280367,0.2801054
2219324716,0.3638665,0.38557145,0.25056204
2219444654,0.09944179,0.7887694,0.11178877
2219448885,0.45033664,0.30762517,0.24203816
2219551261,0.22987346,0.20106325,0.56906325
2219634890,0.64587057,0.1881675,0.16596198
2219659349,0.28600204,0.35201713,0.3619808
2219917767,0.27230495,0.30085745,0.42683756
2219922560,0.3895435,0.31330088,0.29715568
2219929121,0.30662653,0.22309913,0.47027436
2219972472,0.4018632,0.28295624,0.31518057
2220005975,0.21301629,0.5803626,0.20662116
2220041021,0.39031312,0.33519113,0.27449575
2220041676,0.28327194,0.43711394,0.27961412
2220047579,0.4875831,0.2104879,0.30192894
2220151209,0.6261778,0.17021716,0.203605
2220195175,0.17646496,0.5844681,0.23906691
2220283275,0.30345732,0.2997483,0.39679435
2220383598,0.460441,0.2631698,0.27638918
2220399570,0.5716255,0.20669308,0.22168149
2220477782,0.2741365,0.27390707,0.4519564
2220501424,0.5604668,0.22040991,0.21912326
2220590916,0.28086293,0.3800544,0.33908272
2220609001,0.24944337,0.5052038,0.24535291
2220693098,0.11457434,0.75690436,0.12852131
2220711246,0.27868035,0.33951536,0.3818042
2220761176,0.29700777,0.37456828,0.32842395
2220835808,0.46749398,0.26211482,0.27039123
2220866176,0.57203734,0.2207677,0.20719494
2221040145,0.33558118,0.37876958,0.2856493
2221060427,0.22634917,0.50157005,0.2720807
2221105889,0.26996794,0.33722794,0.3928041
2221121196,0.47425842,0.25423336,0.27150825
2221184275,0.69876313,0.125719,0.17551784
2221319574,0.38304293,0.35489514,0.26206186
2221328176,0.25746882,0.21939257,0.52313864
2221425238,0.59145015,0.20887627,0.19967361
2221454885,0.22341856,0.251737,0.5248445
2221526575,0.636095,0.14554606,0.21835896
2221586606,0.34433782,0.28673667,0.36892548
2221603875,0.25510457,0.30376253,0.44113296
2221652417,0.4910596,0.24237917,0.26656133
2221803121,0.3577974,0.28534538,0.35685727
2221909054,0.314808,0.33430418,0.35088784
2222020337,0.46971035,0.26584604,0.26444352
2222066540,0.35006166,0.30013245,0.3498059
2222124499,0.393621,0.28360525,0.32277375
2222169054,0.39559266,0.33538893,0.2690184
2222349320,0.21363099,0.49371517,0.2926539
2222389267,0.41207397,0.28265867,0.30526736
2222442810,0.088315666,0.7987552,0.11292908
2222466737,0.34123203,0.33605608,0.32271188
2222606392,0.16322798,0.5916892,0.24508275
2222633010,0.11672411,0.098246664,0.78502923
2222642344,0.67690957,0.14094892,0.18214147
2222663347,0.27422425,0.33443224,0.39134353
2222719767,0.28389215,0.26013738,0.45597047
2222739776,0.5277982,0.26339272,0.20880914
2222739893,0.4368318,0.31527308,0.24789509
2222741774,0.10296803,0.09433708,0.8026949
2222782509,0.3774199,0.34194943,0.28063062
2222797915,0.2966528,0.38759047,0.3157568
2222835899,0.6058306,0.2024292,0.19174017
2222885006,0.6036736,0.20122585,0.1951006
2223006008,0.27071315,0.3106305,0.41865632
2223015443,0.7040205,0.13062638,0.1653531
2223053717,0.4231189,0.3056112,0.27126983
2223112778,0.2217384,0.50983566,0.26842594
2223232595,0.4470672,0.26887813,0.28405473
2223303260,0.17672208,0.5920088,0.23126906
2223354909,0.15779252,0.66306823,0.17913923
2223633400,0.20342323,0.5456229,0.25095385
2223691970,0.16145626,0.160041,0.6785028
2223788993,0.27706298,0.35297754,0.36995953
2223822814,0.2151763,0.22428605,0.56053764
2223824129,0.72435987,0.124879874,0.1507603
2223844577,0.26235,0.24580836,0.49184164
2223859352,0.320532,0.32693553,0.35253254
2224471493,0.32807335,0.32287747,0.3490492
2224481005,0.39980417,0.28313088,0.31706497
2224483308,0.08817066,0.7886135,0.12321586
2224550554,0.37595624,0.34188464,0.28215903
2224718046,0.32346767,0.41327426,0.26325798
2224737965,0.4257852,0.2968302,0.2773846
2224813060,0.51876485,0.23719507,0.2440401
2224874719,0.18563719,0.38136613,0.43299666
2224976916,0.39949122,0.29334852,0.30716017
2225148928,0.38983807,0.33562312,0.27453887
2225219493,0.23835586,0.5140652,0.24757883
2225227814,0.2721633,0.3022725,0.42556417
2225356627,0.212336,0.5161492,0.2715147
2225650440,0.45154908,0.18258509,0.36586577
2225779998,0.34717974,0.35243186,0.30038837
2225865785,0.30828723,0.36324742,0.32846534
2226007862,0.34012878,0.33124596,0.32862532
2226048177,0.335395,0.3859488,0.2786562
2226412337,0.118293285,0.72526413,0.15644258
2226481301,0.40725058,0.28860137,0.30414802
2226759487,0.17643186,0.60860705,0.21496111
2226965658,0.44953418,0.26533598,0.28512982
2226971871,0.39934653,0.21890275,0.3817507
2227065658,0.35241657,0.37264246,0.274941
2227146624,0.3711725,0.347523,0.28130454
2227154808,0.3479341,0.24715748,0.40490845
2227453029,0.38530898,0.3429786,0.27171242
2227466042,0.27184552,0.37884957,0.3493049
2227521253,0.23856193,0.2581299,0.50330824
2227561098,0.2703959,0.37629226,0.35331178
2227630138,0.30372706,0.38525194,0.311021
2227727884,0.35167307,0.3985922,0.24973477
2228027394,0.31447858,0.31776926,0.3677522
2228135761,0.74537593,0.09885467,0.15576944
2228148218,0.44764957,0.25436693,0.2979835
2228226856,0.46386474,0.22340733,0.31272793
2228486960,0.24027984,0.37653932,0.38318077
2228636229,0.52690834,0.24018763,0.23290403
2228644211,0.5284017,0.24955674,0.22204158
2228868747,0.28724617,0.27973697,0.43301687
2228879262,0.55097914,0.2082873,0.24073356
2228964103,0.4516507,0.26254565,0.28580368
2229193503,0.33419347,0.34547743,0.32032907
2229442403,0.21470603,0.54498816,0.24030575
2229450001,0.29627937,0.33671233,0.36700833
2229485145,0.3078535,0.3541513,0.33799517
2229524639,0.27002892,0.2728338,0.45713723
2229560641,0.35240278,0.39291316,0.25468403
2229567364,0.6665751,0.1623808,0.17104413
2229618741,0.2642819,0.33197254,0.40374556
2229767665,0.07362047,0.823614,0.102765545
2229852459,0.42410475,0.3348595,0.24103574
2229856446,0.39143023,0.35319838,0.25537142
2230008576,0.44575882,0.28722242,0.2670188
2230029434,0.3644311,0.32076994,0.3147989
2230189683,0.2716601,0.31313223,0.41520765
2230363079,0.4223997,0.3079897,0.26961064
2230373425,0.25475213,0.5153361,0.22991177
2230387177,0.5062858,0.23541263,0.25830156
2230453776,0.40928876,0.27554926,0.31516197
2230490451,0.22491333,0.43796244,0.33712426
2230504940,0.3687869,0.33635285,0.29486033
2230577655,0.22507417,0.29969686,0.475229
2230769990,0.25365636,0.4433143,0.3030294
2230876499,0.37816337,0.36793613,0.25390053
2230877348,0.25528216,0.2722387,0.47247913
2230903248,0.8097801,0.07609477,0.11412505
2231026419,0.3122078,0.26761553,0.42017668
2231078833,0.2232976,0.47889674,0.2978057
2231081535,0.44166246,0.26533076,0.29300684
2231089720,0.45711985,0.29504278,0.24783748
2231149122,0.09483889,0.7880184,0.11714273
2231199526,0.28752396,0.3112365,0.40123948
2231208872,0.09445282,0.785404,0.12014312
2231220735,0.75961936,0.098240435,0.14214021
2231241267,0.40714893,0.28207424,0.31077683
2231394337,0.41563508,0.33964315,0.24472179
2231441767,0.064802915,0.84462833,0.090568714
2231453694,0.7743977,0.09856729,0.12703507
2231479603,0.33911422,0.39395654,0.26692927
2231629757,0.26885575,0.44597453,0.28516966
2231793501,0.307743,0.39694095,0.295316
2231800101,0.30122715,0.38765746,0.31111544
2231830378,0.71962684,0.100847594,0.17952558
2231893141,0.53620857,0.26602405,0.19776738
2231923067,0.20298786,0.53898776,0.2580244
2231950417,0.5397313,0.22190094,0.23836772
2231988758,0.42812315,0.24081725,0.33105958
2232017903,0.36672837,0.29439747,0.3388742
2232177279,0.3978798,0.3259269,0.27619332
2232293135,0.49238953,0.26479,0.24282043
2232303558,0.38390496,0.29692683,0.31916827
2232557865,0.21925946,0.51020724,0.2705333
2232608521,0.49062034,0.26148394,0.24789578
2232722985,0.20123416,0.20991312,0.5888527
2232749059,0.3629286,0.31924617,0.31782526
2232790384,0.37936535,0.39482,0.22581458
2232800183,0.6265275,0.1917679,0.18170457
2232889772,0.28261182,0.43121064,0.28617758
2232963307,0.17944922,0.16646525,0.6540855
2232985380,0.17199288,0.5595661,0.26844108
2232999735,0.2745424,0.27956596,0.44589156
2233026230,0.097896785,0.7641372,0.13796598
2233051883,0.44081098,0.28990778,0.2692813
2233136854,0.16741312,0.63723534,0.19535154
2233297560,0.22741881,0.5178705,0.25471073
2233375801,0.34801048,0.3708268,0.28116277
2233450339,0.50963354,0.25203907,0.23832738
2233457260,0.09730195,0.78472996,0.11796811
2233464979,0.22807023,0.564672,0.20725775
2233496395,0.44756418,0.3306649,0.22177087
2233508529,0.09807968,0.10055533,0.801365
2233602759,0.4275744,0.284329,0.28809658
2233665973,0.41709533,0.21947636,0.3634283
2233691314,0.11350994,0.749995,0.13649504
2233729781,0.75021946,0.10651422,0.14326638
2233733742,0.38090137,0.32924733,0.2898514
2233784528,0.54991174,0.15592954,0.2941588
2233860446,0.64534307,0.13679169,0.21786526
2234000878,0.46069205,0.26988748,0.26942044
2234021454,0.3495911,0.36956298,0.28084594
2234192830,0.560309,0.21893069,0.22076032
2234303192,0.40514195,0.32019657,0.27466154
2234359501,0.093424164,0.800449,0.10612687
2234535874,0.2753803,0.42210272,0.30251694
2234538558,0.32318708,0.34222564,0.3345873
2234573569,0.15601675,0.16804124,0.67594206
2234677058,0.34285042,0.34944946,0.30770016
2234684996,0.29315054,0.34234497,0.36450446
2234790440,0.25949562,0.2723927,0.46811178
2234886269,0.4515195,0.3179705,0.23051004
2234914374,0.43630275,0.27656102,0.28713623
2234971154,0.42529902,0.31577152,0.2589295
2235176510,0.38535988,0.2626846,0.3519555
2235222016,0.30417755,0.37698197,0.3188405
2235325730,0.27505454,0.36157274,0.36337274
2235424925,0.23133516,0.40877247,0.35989234
2235511720,0.2940313,0.37134778,0.33462098
2235534436,0.3113395,0.43963224,0.24902824
2235583662,0.40924975,0.29414645,0.2966038
2235585427,0.2775865,0.25989258,0.462521
2235689465,0.21391994,0.5573236,0.22875643
2235703451,0.42810047,0.32784444,0.2440551
2235959583,0.06566334,0.84810895,0.08622772
2235961813,0.34357256,0.39073128,0.26569626
2235997384,0.56335384,0.20750235,0.22914381
2236034374,0.63731855,0.1275113,0.23517016
2236088107,0.5830132,0.18652712,0.2304597
2236128601,0.25387776,0.4516968,0.29442546
2236233652,0.3699429,0.3650214,0.26503566
2236327909,0.09991228,0.09081296,0.80927485
2236345791,0.3370258,0.31408128,0.3488929
2236379794,0.12925473,0.13896066,0.7317845
2236397330,0.2855798,0.36232945,0.35209078
2236497842,0.3502339,0.41879007,0.23097606
2236509980,0.26846084,0.4286102,0.302929
2236755557,0.47963312,0.268858,0.2515089
2236775275,0.47135141,0.28856638,0.24008222
2236855657,0.3781499,0.3036073,0.31824276
2236887519,0.5656617,0.20688,0.22745836
2237143606,0.33298284,0.3216323,0.34538493
2237157568,0.84383994,0.059747174,0.09641287
2237200309,0.09348245,0.78722966,0.11928791
2237263377,0.21167949,0.56420803,0.22411245
2237294899,0.3579981,0.33123574,0.31076613
2237388584,0.30746576,0.40137103,0.2911632
2237478423,0.3314207,0.36969456,0.2988848
2237519634,0.7443025,0.114190616,0.1415069
2237534851,0.3128479,0.32364026,0.3635118
2237563625,0.19904415,0.5785476,0.22240824
2237694013,0.28903586,0.42016363,0.29080054
2237737110,0.2658726,0.43432775,0.29979965
2237923086,0.6648563,0.14915441,0.18598926
2237930223,0.4430113,0.3303653,0.22662339
2238039412,0.28688323,0.330779,0.38233778
2238130727,0.40332,0.35309586,0.24358413
2238159024,0.37848708,0.22235616,0.39915666
2238268683,0.2960194,0.4425659,0.26141465
2238283727,0.3606334,0.27478063,0.36458588
2238367374,0.4166225,0.320374,0.2630035
2238501337,0.08979519,0.7953268,0.114878
2238562064,0.25624454,0.3799442,0.36381125
2238572918,0.33456096,0.33767247,0.32776657
2238625205,0.25562513,0.25264448,0.4917304
2238671025,0.25605395,0.23441818,0.5095278
2238677169,0.33037755,0.34884816,0.32077438
2238701775,0.304074,0.34515572,0.3507703
2238702779,0.33138403,0.35882008,0.30979586
2238781862,0.3485477,0.3241585,0.3272938
2238801046,0.41952303,0.22352651,0.35695046
2238855137,0.19982284,0.19091597,0.6092611
2238866660,0.18887646,0.5857718,0.2253517
2238875472,0.36818904,0.3586516,0.27315935
2238940706,0.16688293,0.44652596,0.38659117
2238940710,0.51459736,0.25156957,0.23383304
2238942356,0.18747254,0.59743506,0.2150924
2238994830,0.21873215,0.30515435,0.47611353
2239139868,0.29913193,0.28304484,0.41782328
2239175208,0.26216254,0.5296434,0.20819409
2239199732,0.53574693,0.25304738,0.21120568
2239247101,0.36436704,0.28897378,0.34665918
2239368007,0.4497891,0.29051048,0.25970048
2239398601,0.40143776,0.34365854,0.2549037
2239454683,0.15095486,0.652049,0.19699614
2239516792,0.64890915,0.17758954,0.17350128
2239628661,0.25728717,0.45080072,0.29191214
2239632718,0.40954673,0.21395591,0.37649733
2239635114,0.17099977,0.16495201,0.66404825
2239711152,0.75673425,0.112949714,0.13031605
2239828687,0.32976276,0.35956186,0.31067535
2239867231,0.46421334,0.31671774,0.2190689
2240018181,0.52122784,0.23997024,0.23880193
2240042679,0.31414133,0.40434447,0.2815141
2240081835,0.36362627,0.36170757,0.27466613
2240093497,0.29352632,0.38291082,0.32356283
2240293149,0.4400911,0.22854896,0.33135998
2240343337,0.12681304,0.7471165,0.1260704
2240344484,0.4779498,0.25207397,0.26997617
2240346615,0.19118318,0.57854813,0.23026872
2240352621,0.27991104,0.4553532,0.26473576
2240362543,0.7716213,0.09037525,0.13800347
2240530224,0.13398273,0.7064221,0.1595952
2241183216,0.2504068,0.484931,0.26466212
2241208532,0.09101446,0.07076204,0.8382234
2241389682,0.29485318,0.40201586,0.30313092
2241653935,0.611852,0.18738037,0.20076755
2241867482,0.27077818,0.37005866,0.3591631
2241960809,0.27517137,0.3465908,0.37823787
2241998178,0.11641824,0.11153252,0.77204925
2242147837,0.30362636,0.3325532,0.3638204
2242157227,0.26939228,0.26011345,0.47049427
2242205346,0.4810812,0.27218467,0.2467341
2242269200,0.13013431,0.70286584,0.16699986
2242324798,0.3080021,0.36914912,0.3228488
2242418872,0.5423463,0.18752256,0.27013117
2242431173,0.43886575,0.28899077,0.2721435
2242492320,0.27781826,0.24963811,0.47254366
2242527098,0.13660234,0.6673288,0.19606893
2242543439,0.38916382,0.23181999,0.3790162
2242657251,0.2923329,0.33063596,0.3770312
2242668749,0.2610679,0.4029596,0.33597252
2242714616,0.43460444,0.2715559,0.29383972
2242748921,0.27838004,0.27866757,0.44295242
2242769958,0.5247235,0.21930674,0.25596976
2242852124,0.22023897,0.51839155,0.26136947
2242854420,0.46850115,0.24539463,0.28610423
2242878159,0.3972522,0.29655463,0.30619314
2242910228,0.16980998,0.6258192,0.2043708
2242936345,0.25145924,0.43213156,0.3164092
2242947853,0.20943569,0.51632315,0.2742412
2243131610,0.41535547,0.31916496,0.2654796
2243142361,0.16480209,0.60387826,0.23131973
2243227387,0.3210603,0.29829153,0.38064814
2243249588,0.33618546,0.34026876,0.32354584
2243250839,0.13319243,0.12342745,0.7433802
2243324832,0.3705507,0.31434852,0.31510085
2243330457,0.29394695,0.37805268,0.3280003
2243483981,0.28012833,0.2545866,0.46528503
2243556972,0.36353555,0.3095161,0.32694837
2243653620,0.84191364,0.06287285,0.09521349
2243685884,0.3334492,0.37054574,0.29600507
2243693174,0.48132014,0.27840936,0.24027056
2243774752,0.35403138,0.322795,0.32317358
2243778670,0.25739193,0.44921747,0.2933906
2243780214,0.16972727,0.14262292,0.68764985
2243805024,0.28091288,0.4341749,0.2849122
2243848326,0.18380733,0.1534935,0.66269916
2243867576,0.14641826,0.13068393,0.7228978
2243938584,0.4982522,0.14663361,0.3551142
2243938710,0.08285563,0.82659274,0.09055159
2243973476,0.21193923,0.5198857,0.26817498
2244141058,0.35090068,0.33039302,0.31870633
2244151821,0.7032845,0.13389534,0.16282022
2244268843,0.5327479,0.25680336,0.21044873
2244383597,0.7253237,0.12398863,0.1506876
2244405718,0.14263803,0.15168726,0.70567465
2244484103,0.34625244,0.31239793,0.34134963
2244486422,0.3587843,0.23825489,0.40296084
2244526251,0.12757406,0.104687944,0.767738
2244534773,0.2924613,0.2373544,0.4701843
2244705179,0.48756272,0.2702251,0.24221219
2244954187,0.37006173,0.35352197,0.27641624
2244984752,0.5700615,0.21401098,0.21592756
2244992410,0.43096492,0.312385,0.2566501
2244994382,0.37304315,0.23074448,0.3962124
2245163348,0.24134395,0.5029193,0.2557367
2245242101,0.14371125,0.6810642,0.17522453
2245506736,0.4983394,0.27011296,0.2315476
2245551107,0.26140213,0.50560945,0.23298843
2245605920,0.32824376,0.3109837,0.36077258
2245614282,0.14311327,0.12542714,0.73145956
2245812667,0.38112098,0.31055468,0.30832428
2246018876,0.43666372,0.30566242,0.25767383
2246159672,0.32933533,0.36424214,0.30642253
2246205886,0.3220693,0.1296861,0.5482446
2246249715,0.59261674,0.21441078,0.19297253
2246262036,0.3818056,0.3083926,0.30980182
2246364871,0.44255477,0.25182903,0.30561617
2246492636,0.18355305,0.55577475,0.26067227
2246786388,0.1638591,0.16652863,0.6696123
2246870258,0.3152605,0.42779997,0.2569395
2246939712,0.44794393,0.2903686,0.26168758
2246980479,0.4898289,0.27719504,0.23297608
2247026443,0.17766476,0.18336797,0.6389673
2247041495,0.10171457,0.78810215,0.11018323
2247098636,0.35713682,0.39035097,0.2525122
2247126227,0.22277889,0.52253544,0.2546858
2247316302,0.5718561,0.22638023,0.20176373
2247489571,0.22119324,0.2411628,0.53764397
2247568694,0.57115453,0.22100404,0.20784144
2247577612,0.37008828,0.3279282,0.30198354
2247618147,0.28216958,0.18913814,0.52869236
2247621975,0.3948575,0.34848395,0.25665855
2247635553,0.6703941,0.14728813,0.18231776
2247692776,0.35351935,0.29771835,0.3487624
2247875040,0.27425066,0.2959492,0.4298001
2248075480,0.22978453,0.20433551,0.56587994
2248090018,0.32735765,0.31558913,0.3570532
2248244003,0.17814565,0.23799308,0.5838613
2248323046,0.5755627,0.17280297,0.25163424
2248699986,0.5312665,0.21172465,0.25700882
2248910358,0.27215543,0.4671322,0.26071236
2248960113,0.4153283,0.3180956,0.2665762
2249010252,0.38927642,0.34493914,0.26578444
2249094684,0.37516996,0.29048654,0.33434355
2249309130,0.46499765,0.29676086,0.23824148
2249332345,0.41557485,0.2748791,0.30954608
2249390672,0.33621767,0.3434717,0.32031065
2249455681,0.33256158,0.39042357,0.27701482
2249496683,0.3186327,0.39264742,0.2887199
2249557420,0.36572176,0.30633283,0.3279454
2249617969,0.18143444,0.62535393,0.19321169
2249673992,0.54553026,0.18068147,0.27378833
2249679980,0.13786024,0.71630573,0.14583406
2249689098,0.33059752,0.3392348,0.33016768
2249689470,0.21655455,0.26653326,0.5169121
2249777540,0.26597545,0.39131847,0.34270605
2249973675,0.17013854,0.6073982,0.22246325
2249988970,0.1643739,0.14481461,0.69081146
2250111945,0.32824004,0.36995417,0.3018058
2250241937,0.2595956,0.39553037,0.34487405
2250255942,0.49010134,0.23990633,0.26999238
2250272582,0.46519947,0.3002883,0.23451225
2250362199,0.40357617,0.31830332,0.27812052
2250499313,0.110939436,0.76159513,0.1274654
2250522486,0.21627893,0.5230607,0.2606603
2250608904,0.30711868,0.3082386,0.38464278
2250613088,0.25702676,0.2759013,0.46707192
2250706444,0.30109572,0.35060653,0.34829763
2250714658,0.30007163,0.2807378,0.41919068
2250735019,0.3446836,0.37446335,0.28085303
2250802918,0.33836767,0.2927514,0.36888093
2250852975,0.11625453,0.7481651,0.13558036
2250961725,0.3119855,0.2718283,0.41618615
2250982149,0.65124327,0.1442421,0.2045146
2251047955,0.3577921,0.3515766,0.29063126
2251063611,0.12501533,0.7002362,0.17474845
2251132047,0.23836543,0.4322466,0.32938805
2251207767,0.23871528,0.41540673,0.345878
2251232652,0.2619857,0.2612522,0.47676215
2251260188,0.2833204,0.33721524,0.3794643
2251308934,0.3325306,0.33907366,0.3283957
2251402019,0.33472627,0.36824158,0.29703218
2251617898,0.23693852,0.44947696,0.31358454
2251743450,0.24348544,0.29483715,0.46167743
2251751232,0.29452786,0.37016472,0.3353073
2251759744,0.24839328,0.21719359,0.5344131
2251832265,0.34974968,0.4007108,0.24953948
2251843205,0.19774893,0.5364633,0.26578775
2251939543,0.27571434,0.3891647,0.335121
2252088406,0.16348547,0.6477709,0.18874365
2252182653,0.26483223,0.3199932,0.4151746
2252205916,0.37807444,0.313814,0.3081116
2252224502,0.20596458,0.19376251,0.6002729
2252414804,0.45195326,0.2905171,0.25752965
2252433346,0.34792578,0.3448041,0.30727008
2252552345,0.44450602,0.316472,0.23902205
2252715413,0.37960246,0.2747895,0.34560794
2252748527,0.3105504,0.39039218,0.29905754
2252807152,0.3371965,0.4247885,0.23801488
2252854331,0.294553,0.3241091,0.3813379
2252884731,0.31370345,0.34623414,0.34006238
2252887706,0.10054511,0.7899637,0.1094912
2252933352,0.3159547,0.3183798,0.36566547
2253165596,0.30761355,0.19714957,0.49523678
2253230644,0.5778404,0.2152412,0.20691845
2253357795,0.3231406,0.38767707,0.28918234
2253418491,0.25129786,0.3157576,0.4329446
2253435223,0.523658,0.23211013,0.2442319
2253526320,0.26876372,0.4261306,0.30510572
2253574771,0.61087215,0.17936192,0.20976594
2253627286,0.23350264,0.24143359,0.52506375
2253665026,0.31536654,0.40018037,0.28445312
2253747406,0.16362679,0.14914724,0.687226
2253806144,0.53222716,0.23968697,0.22808585
2253864229,0.25523996,0.4617986,0.28296137
2253873664,0.46112314,0.28572068,0.25315621
2253958290,0.31305087,0.35066342,0.33628577
2254046999,0.13378488,0.71359724,0.15261784
2254048589,0.30680662,0.3600671,0.33312628
2254049087,0.3477253,0.31728274,0.33499196
2254173178,0.35185498,0.3485203,0.2996247
2254224034,0.57444316,0.20562279,0.2199341
2254256351,0.38859499,0.30513892,0.306266
2254415746,0.44579527,0.29902592,0.25517878
2254426470,0.24084589,0.51716167,0.24199241
2254478564,0.36273396,0.35053968,0.28672642
2254507079,0.57145077,0.19996034,0.2285889
2254551554,0.41674826,0.35378614,0.22946559
2254553245,0.1694329,0.6185442,0.2120229
2254553653,0.22355422,0.20228411,0.5741617
2254619742,0.5262867,0.22904733,0.24466595
2254740599,0.41242418,0.30360812,0.28396767
2254853848,0.501049,0.22349927,0.27545172
2254882058,0.37555277,0.30637777,0.3180694
2254932146,0.4296078,0.26462257,0.30576962
2254978168,0.45953298,0.3070769,0.2333901
2255076496,0.4256532,0.33247703,0.2418698
2255088669,0.30381384,0.2969416,0.39924452
2255091743,0.364711,0.30027446,0.33501452
2255123222,0.3336694,0.26476222,0.40156835
2255176313,0.28507137,0.35145044,0.3634782
2255271752,0.22409339,0.55451375,0.22139287
2255288536,0.27677372,0.38326427,0.33996204
2255355243,0.3663439,0.3450574,0.28859875
2255449278,0.62410605,0.18632022,0.1895737
2255451219,0.2904357,0.2008758,0.5086885
2255478221,0.30587664,0.35576156,0.33836183
2255585265,0.3907313,0.36543575,0.24383295
2255614351,0.2443593,0.3845601,0.3710806
2255782609,0.3629732,0.32796738,0.30905944
2255788602,0.49751344,0.26345238,0.23903413
2255872499,0.34069526,0.3559797,0.303325
2255894827,0.30390087,0.30398646,0.39211264
2255935171,0.3022582,0.4030357,0.2947061
2256031281,0.48612872,0.2623328,0.25153846
2256225408,0.25829822,0.42312115,0.3185807
2256420881,0.4426041,0.2487602,0.30863577
2256521075,0.25790587,0.38765243,0.35444164
2256666401,0.29668862,0.28227273,0.4210386
2256738690,0.46536133,0.249438,0.28520063
2256761303,0.75453544,0.1071676,0.13829698
2256923423,0.07207012,0.83143127,0.096498564
2257021260,0.46300036,0.26663896,0.2703607
2257024613,0.16213647,0.6859728,0.15189072
2257107825,0.465908,0.24904959,0.2850424
2257144459,0.5210098,0.2420768,0.23691346
2257156861,0.43911824,0.21887267,0.34200913
2257159011,0.23655152,0.20992804,0.5535205
2257251037,0.30672032,0.30488333,0.38839632
2257314034,0.3485979,0.3589555,0.2924466
2257316452,0.24238308,0.24901997,0.50859696
2257320763,0.45794684,0.2634023,0.27865088
2257369091,0.32987761,0.4591961,0.2109263
2257370610,0.13827156,0.13634521,0.7253832
2257481314,0.39021102,0.26545626,0.34433275
2257485351,0.24645089,0.278462,0.47508708
2257531837,0.14081621,0.15496044,0.7042233
2257767527,0.53283626,0.26488537,0.20227836
2257839218,0.27241927,0.5028357,0.22474502
2257905015,0.79712707,0.0861629,0.116710074
2258030484,0.19908294,0.17214212,0.6287749
2258050080,0.5235807,0.26682281,0.20959651
2258059902,0.42114776,0.3212925,0.2575598
2258087955,0.42576578,0.2660284,0.3082058
2258089981,0.24051674,0.42657876,0.33290452
2258204055,0.28838342,0.34606752,0.3655491
2258364823,0.3485961,0.28657946,0.36482447
2258614567,0.3994488,0.32441482,0.27613637
2258863176,0.41713184,0.31027904,0.27258915
2258864084,0.33329085,0.3439292,0.32278
2258869950,0.073063165,0.8308282,0.0961086
2258935853,0.322277,0.4440226,0.23370032
2259131549,0.15107852,0.13980626,0.7091152
2259139730,0.15621857,0.6684201,0.17536134
2259160443,0.42580387,0.31100237,0.26319376
2259332216,0.19668503,0.5693303,0.23398463
2259377843,0.15723155,0.15227555,0.69049287
2259501414,0.17255445,0.6003706,0.22707506
2259513194,0.15278904,0.70792484,0.13928612
2259600644,0.5749616,0.20111276,0.22392572
2259712863,0.45750082,0.28697455,0.2555246
2259716100,0.35532162,0.4004588,0.24421951
2259725460,0.11805011,0.7034851,0.17846483
2259755756,0.42642257,0.3221614,0.25141603
2259848046,0.30504587,0.3405599,0.35439423
2260024300,0.16788475,0.62922794,0.20288727
2260219653,0.1689318,0.6464778,0.18459043
2260290866,0.56151974,0.2221257,0.21635458
2260291906,0.46225277,0.27251598,0.26523128
2260295363,0.2647119,0.29609677,0.43919134
2260314942,0.16404028,0.6504603,0.18549943
2260327814,0.2982972,0.36053252,0.3411703
2260351095,0.34993866,0.3395248,0.31053656
2260399466,0.24626075,0.2507621,0.5029772
2260463191,0.27466384,0.32076517,0.404571
2260565634,0.1119346,0.74789745,0.14016797
2260590782,0.23371668,0.21191804,0.55436534
2260608196,0.32446125,0.33373204,0.3418067
2260625625,0.26545978,0.35462815,0.37991202
2260669454,0.36625895,0.3722255,0.26151556
2260692717,0.45823312,0.32396278,0.21780412
2260701213,0.30393353,0.3264407,0.36962578
2260767094,0.3222437,0.26000437,0.41775188
2260772856,0.15273698,0.63930005,0.20796297
2260888405,0.36409038,0.2684535,0.3674561
2260901723,0.2835878,0.41609788,0.30031425
2260966330,0.25863934,0.43022978,0.31113097
2261059826,0.25815573,0.35944274,0.38240156
2261112249,0.113507934,0.69505996,0.19143209
2261187626,0.2607091,0.35912752,0.3801634
2261227235,0.43337825,0.30111533,0.26550645
2261274439,0.42507276,0.28720838,0.28771883
2261281848,0.3249242,0.346109,0.32896683
2261360754,0.2890303,0.2526845,0.45828524
2261368285,0.19930777,0.571919,0.2287732
2261560313,0.2359141,0.21689728,0.54718864
2261572826,0.13200346,0.72630155,0.141695
2261616597,0.6785006,0.1720959,0.14940351
2261801017,0.058386765,0.05767369,0.8839395
2262219885,0.40300885,0.29693434,0.30005682
2262228764,0.31905642,0.4376538,0.24328978
2262554733,0.12288688,0.09914422,0.7779689
2262603225,0.5335584,0.2382691,0.22817242
2262729258,0.26496172,0.46817517,0.26686314
2262910584,0.33575496,0.25834584,0.40589914
2262984262,0.31727368,0.35949835,0.3232279
2263012088,0.44306967,0.30336788,0.25356248
2263042922,0.42492294,0.24149676,0.3335803
2263068461,0.26987994,0.27601856,0.45410156
2263088754,0.18433584,0.6189496,0.19671457
2263254777,0.25274065,0.43435392,0.3129054
2263319810,0.2291956,0.48997298,0.28083134
2263473957,0.32914594,0.3487978,0.3220562
2263558046,0.4871565,0.26111835,0.25172517
2263583463,0.5046187,0.23307647,0.26230487
2263635780,0.18300109,0.5952373,0.22176166
2263654950,0.28465647,0.22255816,0.49278527
2263676581,0.28968677,0.41497892,0.29533434
2263680208,0.2838615,0.2668553,0.4492831
2263764985,0.20794454,0.5400668,0.2519887
2263793654,0.20697735,0.31794307,0.4750795
2263812852,0.35737315,0.32034844,0.32227838
2263973959,0.39900273,0.2715343,0.32946295
2263976582,0.18980472,0.5551884,0.25500685
2264085641,0.4714084,0.27412403,0.25446752
2264133377,0.23818511,0.44053105,0.32128388
2264205677,0.30999523,0.30647886,0.38352594
2264238616,0.35874274,0.31837595,0.32288125
2264309340,0.29844886,0.36279267,0.33875856
2264324380,0.53755814,0.15360662,0.3088352
2264684163,0.20759854,0.44794583,0.34445572
2264799790,0.40785843,0.2011949,0.39094663
2264807611,0.40125644,0.3490166,0.24972686
2264811996,0.3581474,0.38205042,0.25980207
2264812206,0.18935832,0.16462305,0.6460187
2264884209,0.26563346,0.16517903,0.5691874
2264954161,0.13214259,0.7222111,0.14564633
2265167025,0.31058437,0.37991747,0.30949822
2265414849,0.18794657,0.2017103,0.6103431
2265446642,0.42528984,0.27476874,0.29994142
2265453145,0.16819823,0.13948426,0.69231755
2265469110,0.47442773,0.29302293,0.23254931
2265508914,0.13866009,0.706315,0.15502492
2265517269,0.17558922,0.34845752,0.47595316
2265532267,0.19705945,0.4399226,0.36301792
2265555924,0.35739896,0.36215964,0.28044137
2265574956,0.15659788,0.67653364,0.16686845
2265588796,0.22500321,0.48803595,0.28696072
2265618045,0.13861154,0.67697674,0.18441169
2265643097,0.37845734,0.30758438,0.31395835
2265703564,0.6741637,0.14461544,0.18122089
2265911388,0.3098707,0.22932419,0.4608051
2265920004,0.4399337,0.27132753,0.28873882
2265928003,0.2506053,0.28153124,0.46786344
2265929423,0.3764948,0.32154393,0.30196133
2265958814,0.28926578,0.42096132,0.28977293
2265982509,0.41562238,0.3153038,0.26907375
2266011438,0.32345656,0.37412837,0.30241513
2266059232,0.13417152,0.732212,0.13361648
2266147269,0.34253925,0.3685345,0.28892627
2266219412,0.31730127,0.38122058,0.30147812
2266370883,0.25568342,0.5047021,0.23961446
2266396135,0.26830226,0.44515398,0.28654376
2266475027,0.35120016,0.34998932,0.29881048
2266626524,0.4302296,0.25207558,0.3176949
2266656671,0.3740607,0.30153975,0.32439956
2266733547,0.26725572,0.33612037,0.39662388
2266753828,0.37475953,0.26511076,0.3601297
2266762540,0.16789281,0.6560127,0.17609449
2266805809,0.2493576,0.32036728,0.43027508
2266894397,0.17606828,0.5252746,0.2986571
2266929821,0.20754047,0.5565926,0.23586698
2266943167,0.21749601,0.2687126,0.5137913
2267008040,0.44631875,0.23008025,0.32360104
2267017888,0.21419956,0.5680163,0.2177841
2267253589,0.34418842,0.40542018,0.25039142
2267289536,0.2696933,0.31012312,0.42018357
2267297354,0.13405393,0.7213483,0.14459784
2267393233,0.63525367,0.168439,0.19630735
2267420228,0.3504305,0.14623056,0.50333893
2267564218,0.31980878,0.35653087,0.32366034
2267571209,0.1126628,0.09856821,0.788769
2267668361,0.25296807,0.36914772,0.37788418
2267905579,0.65027916,0.18511929,0.16460148
2267977407,0.26015666,0.45111686,0.2887265
2268008057,0.22819816,0.43552125,0.33628058
2268027020,0.27219525,0.40060875,0.32719594
2268031415,0.27798834,0.456536,0.26547572
2268195059,0.22365542,0.527633,0.24871156
2268258825,0.4611184,0.18197344,0.35690814
2268266227,0.20148408,0.5243517,0.2741643
2268484365,0.37994593,0.3302706,0.2897835
2268496138,0.24576452,0.31229174,0.44194382
2268566746,0.084586225,0.81157815,0.103835665
2268661926,0.43542677,0.2745677,0.29000556
2268837405,0.1669478,0.64113176,0.19192049
2268870209,0.20038198,0.6017045,0.19791347
2268903441,0.14227058,0.7087553,0.1489741
2269004033,0.37837887,0.2093177,0.41230345
2269073720,0.22124125,0.21213445,0.5666242
2269212143,0.26586628,0.20588164,0.52825207
2269245888,0.39343518,0.29407334,0.3124914
2269257130,0.49254265,0.30143753,0.20601982
2269301090,0.35246593,0.22365157,0.4238825
2269317864,0.5076604,0.29950318,0.19283637
2269391844,0.31879258,0.40234622,0.2788613
2269453381,0.20460632,0.19995855,0.59543514
2269628778,0.72915655,0.106050834,0.16479261
2269653850,0.3191403,0.39236602,0.2884937
2269707932,0.7364242,0.095336065,0.16823974
2269714075,0.311907,0.38723692,0.3008561
2269828069,0.19123077,0.3801151,0.4286542
2269869726,0.45776728,0.28680307,0.2554297
2269934771,0.2503529,0.32262978,0.4270173
2269992062,0.8011801,0.08279887,0.11602106
2270043430,0.23596473,0.3627939,0.4012414
2270064571,0.40834552,0.31853086,0.27312365
2270129597,0.50071776,0.23437588,0.2649064
2270266460,0.30086815,0.31968164,0.37945023
2270271464,0.28795585,0.40901533,0.30302882
2270386999,0.3821622,0.27441755,0.34342024
2270390577,0.20742862,0.457637,0.33493438
2270429608,0.34008658,0.38442367,0.27548972
2270442609,0.36867738,0.38075748,0.25056514
2270609549,0.19967645,0.56582457,0.23449895
2270661201,0.26341274,0.29253078,0.44405645
2270825499,0.11836723,0.09646712,0.78516567
2270891580,0.26874813,0.45711985,0.27413207
2270935320,0.6795738,0.14649631,0.17392983
2271050263,0.12601066,0.13364142,0.740348
2271076399,0.39210868,0.2141979,0.39369342
2271127424,0.33320856,0.30213863,0.36465278
2271643969,0.21627523,0.59523493,0.18848984
2271646574,0.19005854,0.5034769,0.30646446
2271801363,0.21260771,0.59760934,0.18978296
2271838528,0.64910775,0.15958038,0.19131179
2271945475,0.24620944,0.45753092,0.2962597
2272000761,0.39052293,0.31509805,0.29437903
2272020279,0.24646959,0.4722225,0.2813079
2272060827,0.65981317,0.1367651,0.20342173
2272071919,0.22769338,0.27789572,0.494411
2272077931,0.42376587,0.30871782,0.26751634
2272118578,0.5539474,0.24566197,0.20039067
2272132929,0.58998626,0.21313892,0.19687472
2272144895,0.37508187,0.32680497,0.29811317
2272217115,0.30407056,0.3268537,0.36907578
2272375734,0.13985251,0.71715844,0.142989
2272477596,0.1825893,0.6124952,0.20491552
2272523237,0.58404905,0.22196755,0.19398344
2272527009,0.3753503,0.3404889,0.28416073
2272555317,0.4581134,0.2873809,0.25450566
2272586163,0.6212843,0.1835938,0.19512196
2272604445,0.37483284,0.33055416,0.29461303
2272619561,0.44724682,0.30891272,0.2438404
2272755860,0.24813135,0.4910289,0.26083973
2272792328,0.41133383,0.2883948,0.30027136
2272974204,0.35590425,0.32007885,0.32401693
2273036478,0.11234703,0.103906475,0.7837465
2273045832,0.35537258,0.3357991,0.30882832
2273054458,0.51442945,0.2572162,0.22835429
2273093418,0.41179925,0.34348494,0.24471572
2273131893,0.5481767,0.22117978,0.23064348
2273156554,0.4106314,0.29576623,0.29360238
2273230065,0.32726836,0.34140196,0.33132973
2273268701,0.3827957,0.32799956,0.28920472
2273359597,0.26955375,0.35694486,0.37350136
2273396513,0.406825,0.3358396,0.25733536
2273489101,0.22124405,0.27126986,0.50748605
2273555960,0.35390192,0.29832995,0.34776816
2273560254,0.121709935,0.7462586,0.13203147
2273655401,0.68475336,0.12051794,0.19472864
2273765543,0.4231389,0.3187624,0.25809875
2273830963,0.31700262,0.34137273,0.34162468
2273924808,0.08307348,0.80187935,0.115047224
2274043018,0.14840406,0.1637125,0.6878834
2274115797,0.2469497,0.25359336,0.49945688
2274156142,0.15491831,0.24657698,0.5985048
2274188790,0.39828646,0.32014924,0.2815643
2274372877,0.26496583,0.23125125,0.5037829
2274445939,0.44803923,0.29849398,0.25346678
2274482428,0.35162234,0.32678214,0.3215955
2274682490,0.2145063,0.21500662,0.57048714
2274812571,0.17690618,0.6064888,0.216605
2274845389,0.17048775,0.6608257,0.16868658
2275196632,0.705993,0.1216465,0.17236048
2275270595,0.33988342,0.31473944,0.34537715
2275408546,0.2612038,0.4506308,0.28816548
2275624476,0.32064322,0.36482385,0.31453297
2275782433,0.22479342,0.4181476,0.35705885
2275838773,0.40651006,0.32416376,0.26932612
2275923141,0.2638376,0.27877104,0.45739138
2276015837,0.22159393,0.4999987,0.27840745
2276137578,0.20089483,0.1826163,0.6164889
2276195721,0.356482,0.3607999,0.28271815
2276291366,0.33945042,0.35427162,0.30627793
2276305913,0.3022942,0.355617,0.34208876
2276327235,0.35469523,0.39028856,0.25501618
2276478598,0.46068445,0.26691878,0.27239674
2276493335,0.28001112,0.46347085,0.25651804
2276591319,0.35303423,0.38337895,0.2635869
2276600994,0.20732735,0.19897404,0.5936986
2276652639,0.39074326,0.28904465,0.3202121
2276929934,0.17039894,0.57479227,0.25480875
2276933411,0.34620535,0.39212567,0.26166898
2277005662,0.26683247,0.27230197,0.46086553
2277069304,0.2355747,0.50783163,0.25659367
2277115789,0.4429843,0.28145555,0.27556008
2277213941,0.3001247,0.23938711,0.46048817
2277302976,0.22186606,0.5328047,0.24532911
2277367664,0.45870042,0.29725796,0.24404159
2277528057,0.31784022,0.26202503,0.42013472
2277602742,0.34318095,0.24748038,0.40933865
2277766580,0.23322578,0.23965162,0.5271226
2277788313,0.3752652,0.3157609,0.30897388
2277870743,0.22698078,0.25881708,0.5142021
2277899066,0.32613286,0.36411026,0.30975693
2277949848,0.2708413,0.3027705,0.4263882
2277995463,0.33033946,0.3453082,0.3243523
2278000869,0.37800118,0.3472885,0.27471036
2278026195,0.3104351,0.26358357,0.4259814
2278026371,0.07085027,0.8269754,0.102174304
2278048953,0.2381995,0.2574681,0.5043324
2278065708,0.39270476,0.24377015,0.36352506
2278130816,0.35636938,0.3721899,0.27144068
2278273398,0.43650585,0.32629153,0.23720258
2278365498,0.17735863,0.23823157,0.58440983
2278373542,0.23069271,0.42577007,0.34353724
2278441843,0.43899748,0.2897032,0.27129936
2278483319,0.12273728,0.7215045,0.15575822
2278548621,0.4003688,0.32772106,0.27191013
2278645333,0.42556173,0.29714,0.2772983
2278789817,0.4507036,0.30321163,0.24608481
2278962965,0.22440848,0.29457268,0.48101884
2279077414,0.20209797,0.17419323,0.62370884
2279101646,0.21746024,0.22092354,0.5616162
2279141116,0.5386411,0.176101,0.28525797
2279386215,0.46056908,0.2864103,0.2530207
2279389952,0.5069455,0.26832968,0.22472486
2279437074,0.6248716,0.16958754,0.2055409
2279564075,0.44705513,0.28506905,0.26787576
2279732936,0.31448752,0.3026811,0.38283145
2279804588,0.21864408,0.4950609,0.286295
2279877842,0.56994444,0.20815079,0.22190472
2279975859,0.34910902,0.3005955,0.3502955
2280051715,0.31865063,0.32869256,0.35265684
2280084958,0.21213654,0.45994663,0.3279169
2280085528,0.095218614,0.7763417,0.12843972
2280321490,0.49629667,0.22764377,0.27605954
2280327386,0.44244772,0.25596064,0.30159163
2280607702,0.3098738,0.3109886,0.37913764
2280645086,0.11133423,0.7647799,0.12388587
2280709107,0.36995474,0.3760488,0.25399646
2280727770,0.34721938,0.18169448,0.4710861
2280850278,0.34427464,0.33131573,0.32440972
2280854288,0.44385037,0.31726468,0.23888494
2280903008,0.3339219,0.3770493,0.28902876
2280923570,0.23490308,0.29626557,0.46883136
2280928224,0.42532846,0.302008,0.27266356
2280994492,0.52570695,0.23126681,0.24302624
2280996576,0.3798544,0.36473545,0.2554102
2281139611,0.23473604,0.30996206,0.4553019
2281322765,0.38957536,0.3639735,0.24645118
2281386593,0.2895539,0.34013,0.37031612
2281405534,0.4070544,0.2993075,0.29363808
2281684733,0.47047645,0.2517894,0.27773413
2281685417,0.6180585,0.18405204,0.1978894
2281818481,0.15389991,0.1238465,0.7222536
2281823904,0.17343806,0.63520104,0.19136088
2282022942,0.32159922,0.3672941,0.31110665
2282044232,0.106453314,0.101080045,0.79246664
2282402116,0.077855244,0.8200563,0.102088444
2282421652,0.33750433,0.34245262,0.32004306
2282651889,0.27748498,0.4099926,0.31252247
2282664959,0.3840951,0.3274303,0.28847453
2282668367,0.40531483,0.3449246,0.24976064
2282705839,0.35005173,0.31763488,0.33231342
2282705868,0.154285,0.12975903,0.7159559
2282760446,0.4436296,0.25573117,0.30063924
2282828794,0.2769917,0.38822812,0.33478022
2282841265,0.15490739,0.30370837,0.5413842
2282865392,0.3852033,0.3714249,0.24337178
2282984619,0.22301273,0.21114935,0.5658379
2283043949,0.30434993,0.2935599,0.4020901
2283090967,0.2236709,0.21005768,0.5662715
2283123348,0.66760564,0.14931984,0.18307449
2283230435,0.4104819,0.29581016,0.293708
2283403797,0.2626993,0.27588186,0.46141878
2283480093,0.30536234,0.4402878,0.25434995
2283482424,0.5754886,0.21614578,0.20836565
2283514616,0.44795895,0.29979846,0.2522426
2283561937,0.332014,0.36884305,0.299143
2283599442,0.40099052,0.3147931,0.28421634
2283631396,0.37940952,0.26659748,0.353993
2283721265,0.32965863,0.37438732,0.295954
2283787575,0.52061564,0.22209331,0.2572911
2283798031,0.4178576,0.3162841,0.2658583
2283799773,0.3859578,0.2881057,0.3259365
2283824827,0.2692955,0.38874635,0.3419581
2283899519,0.09644091,0.79166013,0.111899026
2283908747,0.24741988,0.3955871,0.35699305
2283935909,0.2996411,0.37017596,0.3301829
2283948594,0.15367505,0.15628444,0.6900405
2284037550,0.4653212,0.27118286,0.2634959
2284055547,0.15105693,0.6561556,0.19278747
2284093136,0.32683057,0.38301578,0.29015368
2284161230,0.39311004,0.33504954,0.27184042
2284210243,0.1985188,0.17268191,0.62879926
2284252849,0.41546026,0.31234428,0.27219546
2284326197,0.31071672,0.43795684,0.25132644
2284377869,0.13238882,0.6804389,0.18717226
2284447151,0.40932363,0.318543,0.27213344
2284452047,0.43665305,0.27781287,0.28553417
2284533661,0.3906681,0.37612066,0.23321128
2284759470,0.4255091,0.3251448,0.2493461
2284769223,0.14089465,0.6703472,0.18875815
2284806454,0.19700839,0.4733301,0.32966143
2285239000,0.32262513,0.33218512,0.3451898
2285455719,0.122472696,0.70594573,0.17158149
2285457781,0.32587683,0.35437793,0.31974527
2285484652,0.32726485,0.28871676,0.38401842
2285489000,0.0967251,0.120527156,0.7827478
2285609556,0.54395413,0.24580245,0.21024345
2285736002,0.34708458,0.33249587,0.3204196
2285895847,0.3496839,0.3679167,0.2823995
2285910191,0.519029,0.20879963,0.27217135
2285938283,0.36458418,0.2634374,0.3719784
2285980922,0.3063256,0.22632279,0.46735162
2285984103,0.54449445,0.23730391,0.21820173
2286028439,0.2955532,0.26272553,0.4417213
2286130208,0.20330545,0.54917425,0.24752028
2286215611,0.29256883,0.33257923,0.37485194
2286326945,0.3749577,0.36202946,0.26301283
2286331466,0.21831447,0.45762208,0.32406345
2286455330,0.17061894,0.62135094,0.20803016
2286604144,0.20270628,0.42032257,0.3769711
2286660757,0.16363254,0.6361651,0.20020239
2286697366,0.3429043,0.3815394,0.27555627
2286757589,0.12084528,0.10644375,0.7727109
2286785472,0.078817055,0.81705207,0.104130924
2286797502,0.32295468,0.30897394,0.3680714
2286804523,0.26559678,0.27454695,0.4598562
2286973955,0.23772462,0.23067157,0.5316039
2287014450,0.18811946,0.16858001,0.6433006
2287071600,0.25156963,0.29174438,0.45668602
2287081793,0.34479547,0.33317298,0.32203162
2287083045,0.56252265,0.16022089,0.2772565
2287118931,0.32818088,0.34509164,0.32672745
2287177410,0.5840044,0.20010675,0.21588878
2287435620,0.26265642,0.26708502,0.4702586
2287537789,0.37873003,0.33136737,0.2899026
2287579266,0.34015453,0.35322773,0.30661768
2287673992,0.31964627,0.3695451,0.3108086
2287683987,0.4054641,0.34253356,0.2520024
2287813656,0.32837412,0.32459268,0.3470332
2287815533,0.38595018,0.34091505,0.27313477
2287851223,0.09996817,0.776732,0.12329982
2287863429,0.24299517,0.52980673,0.22719811
2287889263,0.41034174,0.31916222,0.27049607
2287899582,0.37839782,0.3298083,0.2917939
2288347256,0.31523293,0.33861235,0.34615475
2288361124,0.43877906,0.32362723,0.2375937
2288523008,0.5570171,0.23626213,0.20672086
2288657834,0.24816202,0.21091424,0.5409237
2288760105,0.39861268,0.3133332,0.28805402
2288779440,0.2521592,0.46023142,0.28760934
2288863581,0.2678528,0.25317633,0.47897077
2288890578,0.28426006,0.41600305,0.29973695
2289102986,0.32408383,0.37756568,0.2983504
2289116336,0.39293158,0.31634682,0.29072165
2289330626,0.5659158,0.17127989,0.2628043
2289332411,0.4468675,0.16982372,0.38330877
2289368226,0.33346197,0.3058246,0.3607134
2289389172,0.22134323,0.53457844,0.24407835
2289399071,0.37652075,0.3255285,0.29795074
2289415690,0.3946665,0.33025077,0.2750827
2289487916,0.11916286,0.7386566,0.14218056
2289517779,0.36925828,0.29469228,0.33604947
2289550715,0.10378917,0.77078664,0.12542418
2289565580,0.1778236,0.6077492,0.21442714
2289630851,0.18630178,0.6396535,0.17404474
2289654769,0.06931836,0.83401966,0.096662015
2289684245,0.3390264,0.2600528,0.40092078
2289693404,0.38044703,0.3095234,0.3100296
2289729730,0.22655788,0.4952956,0.27814642
2289740215,0.35983503,0.3213706,0.3187943
2289789422,0.43798053,0.24449922,0.31752017
2289812097,0.3732909,0.3062798,0.32042935
2289825170,0.433284,0.2754664,0.29124954
2289856445,0.34655035,0.40691128,0.24653845
2289928589,0.19948284,0.563395,0.23712218
2289947494,0.2082623,0.17484143,0.6168962
2290250786,0.43450963,0.2933204,0.27216998
2290280376,0.2836463,0.3151714,0.40118235
2290329997,0.22536923,0.51788455,0.25674626
2290343307,0.3883088,0.3603613,0.25132987
2290365581,0.35534462,0.269365,0.3752904
2290555103,0.45326447,0.24782522,0.29891032
2290629924,0.28073356,0.42088,0.29838645
2290706144,0.23380713,0.38836086,0.377832
2290707932,0.28401193,0.26799467,0.4479934
2290826077,0.23136814,0.45425358,0.3143783
2290881881,0.38065737,0.28450462,0.33483806
2290892037,0.29451782,0.3463739,0.35910836
2290901122,0.30376044,0.3311946,0.36504495
2290907919,0.1600392,0.649401,0.19055974
2290962342,0.51586306,0.25460926,0.22952764
2291014338,0.36960557,0.33520445,0.29518998
2291178231,0.40787533,0.36872518,0.22339949
2291429260,0.2919089,0.2641334,0.44395784
2291462825,0.3019808,0.36685932,0.33115992
2291509081,0.1167666,0.76015574,0.12307766
2291546498,0.32361946,0.3451134,0.3312671
2291618433,0.4966687,0.23221353,0.27111778
2291644027,0.27321446,0.29230413,0.4344814
2291659400,0.2067853,0.51431197,0.27890277
2291668411,0.3162109,0.36217374,0.32161537
2291723570,0.2622978,0.30029327,0.43740892
2291725464,0.1800429,0.57984775,0.2401093
2291733501,0.53172785,0.22786327,0.24040888
2291743554,0.58363307,0.19372334,0.22264367
2291804439,0.3218673,0.29580557,0.3823272
2291808103,0.43668377,0.2687886,0.29452762
2291864173,0.39964443,0.28842807,0.31192747
2292138772,0.7798028,0.08331931,0.1368778
2292155636,0.7709124,0.09465642,0.13443115
2292173803,0.304283,0.40813962,0.28757745
2292448302,0.5833801,0.19278568,0.22383426
2292492532,0.2014576,0.2364192,0.5621232
2292502351,0.20129566,0.12970807,0.6689962
2292582323,0.4197816,0.34722194,0.23299652
2292854923,0.13669689,0.64874655,0.21455663
2292873277,0.24971296,0.3020958,0.4481913
2293019559,0.33425075,0.19819771,0.46755156
2293061324,0.26256338,0.44758043,0.28985608
2293083180,0.26582742,0.44454044,0.2896322
2293141056,0.36824688,0.32161745,0.3101357
2293309997,0.53613794,0.25286657,0.21099554
2293353206,0.08517248,0.8094235,0.105404004
2293363939,0.30386007,0.3064389,0.38970113
2293399016,0.49276143,0.23931043,0.2679281
2293418144,0.586476,0.20655653,0.20696741
2293610885,0.37546226,0.38031217,0.24422549
2293658561,0.23321854,0.48714072,0.27964067
2293835844,0.479831,0.25214437,0.26802468
2293887107,0.39221606,0.308046,0.2997379
2293924590,0.3480839,0.32063124,0.33128485
2293955653,0.41667742,0.3044683,0.27885425
2293979269,0.32838964,0.33901605,0.33259434
2294047775,0.43537936,0.32311556,0.24150507
2294165229,0.3746998,0.32393754,0.3013627
2294261811,0.40785927,0.2855869,0.3065538
2294261869,0.071874574,0.82801044,0.10011496
2294265425,0.090690956,0.08959271,0.8197164
2294314535,0.517212,0.26920915,0.2135789
2294325725,0.123188466,0.7346385,0.14217307
2294486120,0.33920455,0.23655394,0.4242415
2294580927,0.5146006,0.19322695,0.2921724
2294828168,0.35939133,0.35098886,0.28961974
2294906143,0.3357529,0.35743964,0.30680755
2295030552,0.22097974,0.4808344,0.29818588
2295055565,0.49543452,0.21006642,0.29449913
2295127697,0.13221732,0.13546917,0.73231345
2295159014,0.45359802,0.23319612,0.31320575
2295511275,0.13120307,0.7231944,0.14560255
2295541204,0.16309476,0.617336,0.21956931
2295595646,0.44029137,0.29797977,0.26172885
2295781502,0.24207199,0.3814587,0.37646928
2295852258,0.3598244,0.25918454,0.38099107
2295968021,0.4234007,0.2827785,0.29382077
2296023839,0.38869932,0.3505338,0.26076686
2296185085,0.46361637,0.30064994,0.23573361
2296241230,0.3425122,0.3414346,0.3160532
2296249859,0.26447725,0.24519399,0.49032882
2296290497,0.11961333,0.73983586,0.14055084
2296460771,0.36726448,0.31962457,0.31311095
2296546760,0.37149805,0.298586,0.32991597
2296795192,0.4019594,0.30920655,0.2888341
2296827092,0.30211592,0.25040564,0.44747838
2296874163,0.45017698,0.29731297,0.25251004
2296934182,0.22276664,0.5810189,0.19621453
2296966742,0.44154236,0.28839037,0.27006724
2297042236,0.24274138,0.27196738,0.48529127
2297058199,0.10139925,0.77664435,0.121956356
2297063421,0.21955484,0.48979795,0.2906472
2297090030,0.36669126,0.31863165,0.31467715
2297144274,0.36238408,0.34261727,0.29499868
2297168452,0.386802,0.3618373,0.25136068
2297274590,0.31953907,0.4613167,0.21914423
2297322748,0.32701847,0.21521449,0.45776707
2297404153,0.33735883,0.35877636,0.3038648
2297480184,0.48549867,0.26144105,0.25306028
2297538685,0.2496305,0.35105178,0.3993177
2297583177,0.17753947,0.66024995,0.1622106
2297652508,0.3351405,0.3692102,0.29564932
2297732304,0.2618721,0.33361554,0.40451232
2297766321,0.41434056,0.32655135,0.2591081
2297936535,0.37369132,0.34798715,0.27832147
2298019128,0.107718505,0.75571513,0.1365664
2298027635,0.610025,0.17170724,0.21826777
2298155581,0.47852257,0.26482707,0.2566504
2298180376,0.635814,0.14782383,0.21636216
2298216454,0.5159863,0.26013315,0.2238806
2298235111,0.2010462,0.19363362,0.6053201
2298239086,0.33410653,0.23250997,0.43338344
2298295700,0.43916517,0.27676564,0.28406918
2298338833,0.5290654,0.22557679,0.24535781
2298369228,0.1683469,0.16904688,0.66260624
2298424190,0.69340044,0.14626716,0.16033244
2298429166,0.30220652,0.35073665,0.3470568
2298445627,0.36346963,0.37167028,0.26486006
2298560144,0.36160025,0.36141348,0.27698624
2298616341,0.24415353,0.4350027,0.32084382
2298638808,0.23224454,0.2552581,0.51249737
2298854637,0.51203424,0.21903576,0.26893
2299107697,0.39207596,0.36349127,0.2444328
2299114145,0.74772656,0.1089562,0.14331722
2299155412,0.21523547,0.15215124,0.63261324
2299271255,0.4485107,0.2964979,0.2549914
2299292586,0.2727351,0.4071576,0.32010734
2299341218,0.23057477,0.1850404,0.5843848
2299398363,0.45866302,0.26368177,0.2776552
2299471742,0.21170932,0.19748563,0.590805
2299497095,0.3840032,0.2810685,0.33492833
2299545643,0.23695162,0.55297625,0.21007213
2299555816,0.14537063,0.6827686,0.1718608
2299571106,0.33436415,0.43641946,0.2292164
2299584365,0.50016,0.24170783,0.2581322
2299597518,0.5426187,0.2197532,0.23762807
2299727080,0.45515156,0.3229058,0.22194262
2299761733,0.24010001,0.24117129,0.51872873
2299812823,0.10571555,0.7570299,0.13725458
2299953415,0.48496127,0.2699815,0.24505723
2299960641,0.13117643,0.57677215,0.29205135
2299967435,0.39810345,0.32310486,0.27879173
2300049402,0.24317555,0.21754564,0.53927886
2300096345,0.45619085,0.27647406,0.2673351
2300108652,0.29429337,0.49860618,0.20710038
2300141685,0.080691285,0.8089179,0.11039082
2300272834,0.547874,0.25620386,0.19592212
2300337430,0.3819078,0.38145745,0.23663469
2300382940,0.20109104,0.17492206,0.6239869
2300465878,0.52296394,0.24850921,0.22852688
2300490362,0.28336036,0.298826,0.41781366
2300494681,0.27062023,0.3619123,0.36746743
2300512815,0.41516778,0.31414583,0.27068642
2300549042,0.48626256,0.2263046,0.28743276
2300606497,0.37777805,0.33639488,0.285827
2300612699,0.13224708,0.70036745,0.16738547
2300710900,0.15992166,0.63859826,0.20147997
2300898842,0.23224744,0.50404483,0.26370776
2301106630,0.2445989,0.48838055,0.26702058
2301119557,0.19493677,0.20340964,0.6016537
2301149672,0.13489592,0.12802728,0.7370768
2301258056,0.4026163,0.3302373,0.26714644
2301270245,0.26600283,0.42382458,0.3101726
2301400686,0.14158215,0.13582695,0.72259086
2301493272,0.25754192,0.24721046,0.49524754
2301554933,0.378623,0.3172873,0.30408967
2301617323,0.19313845,0.59312356,0.21373802
2301681585,0.31142074,0.29507306,0.3935062
2301743679,0.36171168,0.37291414,0.26537424
2301881342,0.24081361,0.39873958,0.36044675
2301986632,0.41063115,0.3335152,0.25585365
2301990910,0.36055928,0.28247786,0.35696286
2302104537,0.45849043,0.22859107,0.31291848
2302143258,0.62932664,0.16898566,0.20168774
2302233647,0.16783729,0.60943645,0.22272627
2302292435,0.5626833,0.22591203,0.2114047
2302367393,0.4245023,0.33520803,0.24028966
2302521303,0.2948475,0.4642714,0.24088109
2302623988,0.24927902,0.4958013,0.25491968
2302660434,0.2827495,0.31677905,0.40047145
2302660513,0.3118373,0.3709097,0.31725305
2302749641,0.21249343,0.5818854,0.20562108
2302837617,0.33524123,0.31758192,0.34717682
2302854508,0.3704595,0.26214263,0.3673979
2302861268,0.19860154,0.53502154,0.26637694
2302898595,0.19875334,0.18681625,0.61443037
2302932761,0.799816,0.08317195,0.11701205
2302957598,0.576963,0.20010482,0.22293225
2303060023,0.28455347,0.40697283,0.30847368
2303123446,0.10209928,0.7942455,0.10365528
2303233398,0.33774576,0.3121846,0.35006964
2303233781,0.5521346,0.23429973,0.21356568
2303288787,0.40958112,0.2966379,0.29378098
2303332065,0.32506517,0.35303485,0.32189998
2303445373,0.15318774,0.68106645,0.16574587
2303500060,0.27618432,0.3707341,0.35308158
2303525741,0.28885698,0.32812294,0.3830201
2303623259,0.4268751,0.2849137,0.28821123
2303742929,0.23020098,0.54180634,0.22799262
2303837027,0.33507586,0.30802965,0.3568945
2304001219,0.14854224,0.69948244,0.15197538
2304276222,0.24020307,0.5290387,0.23075832
2304304398,0.18988983,0.5634141,0.24669607
2304563516,0.38306406,0.35922083,0.2577151
2304731898,0.21828935,0.34838563,0.43332496
2304824579,0.06400359,0.8494699,0.0865265
2304924919,0.39924842,0.35589114,0.24486038
2304932627,0.5090453,0.24871719,0.24223755
2304970766,0.33565152,0.3419215,0.32242694
2305017564,0.31679693,0.47204357,0.2111595
2305112741,0.19986084,0.55676264,0.24337654
2305125462,0.15833485,0.66419476,0.17747036
2305143495,0.29136863,0.37145153,0.33717984
2305176643,0.34038398,0.32113242,0.33848354
2305232093,0.13198255,0.7070554,0.16096203
2305302718,0.51687384,0.27097797,0.21214822
2305491448,0.26355335,0.27523342,0.4612133
2305747543,0.42216447,0.35365304,0.22418247
2305768573,0.27872342,0.29777592,0.42350066
2305773365,0.5218236,0.2523623,0.22581421
2305832519,0.14535557,0.672574,0.18207037
2305833640,0.29886928,0.43485934,0.26627138
2305897230,0.4307968,0.3077846,0.26141864
2305902441,0.2465994,0.47144204,0.28195846
2305993712,0.73741925,0.11466165,0.14791913
2306158892,0.2767401,0.36398378,0.3592762
2306386681,0.27915072,0.43782684,0.28302243
2306510531,0.67179334,0.15188335,0.17632332
2306586623,0.38517755,0.30095467,0.3138678
2306728147,0.24078944,0.2800589,0.47915173
2306732642,0.342582,0.31354585,0.34387225
2306736718,0.15328074,0.6908612,0.1558581
2306748941,0.22503388,0.48635104,0.28861514
2306752102,0.6516592,0.17337893,0.17496195
2306780720,0.23256794,0.49023986,0.27719223
2306956845,0.40535048,0.34860837,0.2460412
2307053014,0.39766976,0.3269025,0.2754278
2307071880,0.34933168,0.35219482,0.2984735
2307126406,0.36759275,0.2744071,0.35800007
2307256472,0.109720714,0.7533571,0.13692221
2307431331,0.4182556,0.28846592,0.2932784
2307526151,0.29084092,0.3584915,0.35066754
2307553504,0.15030693,0.6691447,0.18054834
2307613803,0.23622103,0.38119015,0.38258877
2307685527,0.13599215,0.72596234,0.13804556
2307727078,0.18000346,0.19526032,0.6247362
2307738287,0.2068636,0.40292126,0.39021513
2307789562,0.26447403,0.4470053,0.2885207
2307987894,0.23523898,0.53212845,0.23263253
2308001675,0.5547773,0.20813538,0.23708732
2308005271,0.31533366,0.33741632,0.34725004
2308039393,0.15325956,0.69073266,0.15600777
2308056653,0.23453602,0.23231922,0.5331448
2308084555,0.3795391,0.34645528,0.27400568
2308195178,0.44185483,0.26079378,0.29735136
2308210100,0.46419942,0.26081404,0.2749865
2308330725,0.20558248,0.56194454,0.23247303
2308372338,0.22632141,0.20736553,0.5663131
2308382880,0.35735485,0.30902356,0.33362162
2308390517,0.2242575,0.30678388,0.46895868
2308433016,0.19924782,0.5610692,0.23968302
2308479717,0.50685096,0.24785441,0.24529466
2308501038,0.27754277,0.30153134,0.42092592
2308660247,0.22839135,0.26343703,0.5081717
2308665575,0.32362163,0.36651227,0.3098661
2308766625,0.18737376,0.6078173,0.20480894
2308817020,0.36715087,0.33623984,0.29660925
2308840845,0.17493173,0.4980004,0.32706782
2308993638,0.4608522,0.28441048,0.25473735
2309158505,0.7516146,0.108500116,0.13988529
2309166917,0.28499117,0.2699908,0.44501805
2309205013,0.4396857,0.2619835,0.29833075
2309277446,0.3576355,0.3255444,0.3168201
2309411941,0.40089574,0.31893966,0.2801646
2309437212,0.40156153,0.26071605,0.33772242
2309480558,0.35304257,0.2985941,0.3483633
2309511927,0.33067617,0.38238075,0.28694305
2309514010,0.34860247,0.31817573,0.3332218
2309531789,0.33152777,0.3223221,0.3461501
2309569202,0.17201094,0.5986658,0.22932339
2309617997,0.10487329,0.77842975,0.11669703
2309627493,0.28468212,0.3039081,0.41140977
2309692228,0.32672387,0.29841468,0.3748614
2309734731,0.26714206,0.28424242,0.4486155
2309742765,0.42607218,0.31247294,0.26145488
2309750044,0.35041657,0.34786862,0.30171478
2309835132,0.14997366,0.6879815,0.16204482
2309867211,0.25818375,0.41799054,0.3238257
2309993373,0.18171477,0.59646237,0.22182284
2309995677,0.5343858,0.22592753,0.23968668
2310008278,0.28448716,0.3480978,0.36741498
2310025375,0.5294968,0.23922807,0.23127508
2310042666,0.675481,0.11658106,0.20793794
2310055574,0.2363109,0.19180061,0.57188845
2310106034,0.22030619,0.48913547,0.2905583
2310212180,0.2446952,0.37904435,0.37626043
2310319268,0.37582326,0.3103285,0.31384826
2310346933,0.2110665,0.59778726,0.19114624
2310509476,0.29577205,0.34255132,0.36167663
2310731323,0.27294326,0.28189343,0.44516328
2310790161,0.3254864,0.36617625,0.30833733
2311023245,0.32033554,0.35788903,0.3217755
2311066753,0.24544515,0.36151138,0.39304355
2311150746,0.34945843,0.25298926,0.3975523
2311217018,0.29106802,0.3226934,0.38623857
2311267838,0.34520626,0.3440709,0.31072286
2311282983,0.33984935,0.3451426,0.31500804
2311381303,0.20090714,0.58560514,0.21348774
2311466825,0.21037453,0.4300842,0.3595413
2311514100,0.39722466,0.34262258,0.26015267
2311660940,0.124566205,0.6658922,0.2095416
2311742184,0.31770158,0.19016847,0.49213
2311819005,0.3152435,0.326852,0.35790452
2311861550,0.70263714,0.12049796,0.17686485
2311883372,0.12687165,0.11020316,0.76292527
2311923069,0.42933568,0.27971545,0.2909488
2312015190,0.10948137,0.74834776,0.1421709
2312033045,0.25550067,0.57449365,0.17000571
2312123674,0.37225187,0.31568757,0.31206053
2312216372,0.35500458,0.30293152,0.3420639
2312249551,0.40240586,0.34137574,0.25621843
2312266354,0.69618744,0.13382937,0.16998328
2312492714,0.47891626,0.21408822,0.30699557
2312536595,0.383473,0.34462035,0.27190664
2312648846,0.35709482,0.36845046,0.2744547
2312693749,0.30602932,0.39083037,0.30314028
2312768437,0.17816299,0.5087191,0.31311795
2312778779,0.2315719,0.55145466,0.21697353
2312963557,0.40368852,0.28573558,0.31057587
2313130520,0.3787514,0.3766655,0.24458309
2313139285,0.37162545,0.34992665,0.27844784
2313201247,0.29385892,0.372371,0.33377013
2313258219,0.25587225,0.43333545,0.31079227
2313368401,0.09098084,0.8040092,0.10500998
2313406746,0.67100483,0.11982066,0.20917453
2313426255,0.35952604,0.29101443,0.3494596
2313502473,0.4284201,0.30713144,0.2644484
2313694150,0.2729437,0.3265623,0.400494
2313754418,0.3565622,0.39304852,0.25038934
2313762288,0.30385652,0.35023013,0.3459134
2313851407,0.13021038,0.7194283,0.15036133
2313946712,0.11348489,0.7497743,0.13674085
2314022845,0.35113436,0.2988879,0.34997776
2314064361,0.4916315,0.25552383,0.25284475
2314095019,0.28027928,0.27709454,0.44262624
2314114516,0.13085832,0.12771536,0.7414263
2314174093,0.6847616,0.14317901,0.17205948
2314200444,0.14219475,0.6630566,0.19474867
2314225819,0.2389406,0.25973588,0.5013236
2314232056,0.4898543,0.2649233,0.24522234
2314254577,0.27099267,0.2830841,0.44592318
2314255003,0.6256058,0.17725196,0.19714226
2314277410,0.414515,0.27169994,0.31378502
2314376870,0.28681946,0.32771215,0.38546836
2314478332,0.4903557,0.23359153,0.27605286
2314578888,0.33075568,0.33719647,0.3320479
2314632178,0.24614653,0.44165576,0.3121977
2314779443,0.35188603,0.38384733,0.26426667
2314798280,0.35078126,0.39836055,0.2508582
2314828617,0.45084676,0.298995,0.25015825
2314932729,0.26903924,0.33987397,0.3910868
2315421417,0.21594235,0.19905595,0.58500165
2315645004,0.3358744,0.36700273,0.29712284
2315688527,0.49834034,0.24056678,0.26109284
2315782719,0.48379987,0.22409032,0.29210988
2315831687,0.366565,0.32981884,0.3036162
2315926533,0.22108078,0.22892845,0.5499908
2316017891,0.16549282,0.13494913,0.699558
2316185904,0.289461,0.36680946,0.34372962
2316261983,0.2873352,0.4794846,0.23318027
2316304601,0.67952424,0.14177893,0.17869684
2316333993,0.3351901,0.38332355,0.28148642
2316391789,0.13606916,0.12382914,0.7401017
2316433876,0.29301575,0.3321689,0.37481534
2316443864,0.46607977,0.3028145,0.23110572
2316480201,0.5950773,0.20854358,0.19637911
2316713812,0.3641442,0.3191148,0.31674102
2316750405,0.7039219,0.14820696,0.14787114
2316876120,0.446153,0.26944855,0.28439856
2316892151,0.5291321,0.2597028,0.21116504
2317050092,0.53448325,0.22043023,0.24508648
2317205627,0.48454237,0.20403282,0.3114248
2317251819,0.2980798,0.46232617,0.23959397
2317479668,0.62992376,0.15705591,0.2130203
2317567630,0.35361105,0.39078805,0.25560084
2317568770,0.1878639,0.5575813,0.25455478
2317786994,0.5621153,0.22874421,0.2091404
2317866019,0.15192467,0.14671138,0.7013639
2318076349,0.2643176,0.49204236,0.24364
2318149804,0.32436916,0.4038848,0.271746
2318230216,0.31072453,0.2786262,0.41064927
2318393950,0.26451528,0.425179,0.31030583
2318767103,0.5282425,0.2315624,0.24019508
2318864134,0.2472125,0.28238314,0.47040442
2318975112,0.5875093,0.19946699,0.21302375
2319174889,0.63066113,0.19461323,0.17472562
2319284737,0.65155464,0.1721801,0.17626518
2319386245,0.3631346,0.33552602,0.30133936
2319589485,0.51171964,0.2495069,0.23877351
2319727724,0.13022666,0.7126715,0.1571018
2319835629,0.2997929,0.40602002,0.29418716
2319940208,0.31061503,0.3009036,0.38848138
2320065969,0.456466,0.27850816,0.26502585
2320209861,0.40123686,0.35830602,0.24045707
2320290323,0.2238645,0.21059446,0.565541
2320329050,0.24723648,0.45042282,0.3023407
2320355368,0.42297092,0.27342784,0.3036012
2320391340,0.43141195,0.29622778,0.27236027
2320399590,0.14989896,0.57151717,0.27858397
2320409844,0.6090089,0.1940448,0.19694632
2320470767,0.30561227,0.368213,0.3261747
2320671310,0.7826558,0.08355811,0.1337861
2320685559,0.7740107,0.09014889,0.13584042
2321002956,0.33483705,0.3215311,0.3436318
2321026949,0.39092544,0.3183991,0.29067543
2321030477,0.36760998,0.33833966,0.29405043
2321109988,0.30588672,0.3906897,0.30342358
2321152299,0.394831,0.33431935,0.27084956
2321377941,0.17233258,0.6580977,0.16956973
2321393773,0.37426403,0.3845933,0.24114266
2321508139,0.5648623,0.20788868,0.22724901
2321556020,0.46279258,0.23339954,0.30380788
2321570978,0.15705732,0.1464563,0.69648635
2321591862,0.41018817,0.3109705,0.27884135
2321702360,0.358087,0.31254742,0.32936555
2321732473,0.42049283,0.3057736,0.2737336
2321827464,0.24810813,0.38194835,0.3699435
2322033006,0.32189882,0.31529564,0.36280552
2322288068,0.101990916,0.7704846,0.12752444
2322322003,0.10735804,0.7689502,0.12369171
2322356844,0.3789106,0.2794887,0.34160066
2322550638,0.23538977,0.24332272,0.52128744
2322766164,0.20271817,0.50115186,0.2961299
2322844742,0.07960325,0.817798,0.10259877
2322896802,0.1226925,0.15159252,0.725715
2322924178,0.120642,0.12593277,0.7534252
2322967959,0.41297647,0.29554182,0.29148167
2322970271,0.3422009,0.33327317,0.32452598
2323014873,0.29775268,0.2803886,0.4218587
2323052683,0.07638301,0.065727964,0.85788906
2323063862,0.29804438,0.33447704,0.36747855
2323099772,0.26225415,0.4926914,0.24505451
2323198756,0.31593987,0.28196114,0.40209892
2323245134,0.24287365,0.5244751,0.23265123
2323413063,0.30421433,0.35451785,0.3412678
2323550596,0.24225898,0.3511369,0.4066041
2323578808,0.1978996,0.17367332,0.6284271
2323707085,0.5080904,0.27633327,0.21557632
2323858926,0.3310425,0.38570908,0.2832484
2323876640,0.2651147,0.2405347,0.49435055
2323989250,0.6601337,0.15699488,0.18287137
2324047978,0.30060875,0.35242867,0.3469626
2324135021,0.7933556,0.08992932,0.11671509
2324198880,0.31598747,0.3151278,0.36888474
2324221427,0.7085041,0.12719715,0.16429877
2325020862,0.21429823,0.18282007,0.6028817
2325042653,0.2895587,0.39283094,0.31761026
2325095439,0.4951397,0.24052103,0.26433933
2325299363,0.29485077,0.28200036,0.4231488
2325335680,0.36757803,0.307957,0.324465
2325459638,0.25576082,0.3776918,0.36654744
2325510231,0.31462082,0.33278832,0.35259095
2325557940,0.08101827,0.79892683,0.12005488
2325743881,0.2670304,0.27251416,0.4604555
2325752380,0.46589112,0.30696663,0.22714224
2325816682,0.2837207,0.30509168,0.41118762
2325940661,0.3008437,0.398208,0.3009484
2326009413,0.2558745,0.4702724,0.2738531
2326031568,0.26392016,0.37364686,0.362433
2326051969,0.12774247,0.12722744,0.74503016
2326064959,0.49199367,0.25548625,0.25252005
2326099741,0.25616962,0.41193336,0.331897
2326189991,0.4098549,0.30307138,0.28707373
2326268774,0.41037342,0.34052485,0.2491017
2326332420,0.3358503,0.3476255,0.31652424
2326344674,0.31671458,0.3651058,0.3181796
2326354759,0.6686137,0.14826638,0.18311988
2326373742,0.152074,0.6453674,0.20255858
2326374927,0.38902745,0.3104489,0.30052373
2326497165,0.38503104,0.35342777,0.2615412
2326721123,0.39667332,0.30294764,0.30037907
2326759839,0.34074864,0.31789836,0.34135306
2326784089,0.47367832,0.21243872,0.31388298
2327078382,0.5675035,0.19293137,0.23956507
2327222433,0.27536267,0.31855154,0.40608576
2327305921,0.32482928,0.38463765,0.2905331
2327496601,0.43994865,0.25685424,0.30319712
2327562256,0.27620885,0.29851112,0.42528003
2327585963,0.22940734,0.49150255,0.27909002
2327597869,0.26149377,0.24741216,0.49109402
2327653937,0.4831835,0.28483126,0.23198523
2327743634,0.15555777,0.6872334,0.15720882
2327763998,0.26447752,0.3038293,0.43169326
2327796879,0.55394495,0.22742751,0.21862754
2327938918,0.22881651,0.22097297,0.55021054
2327958711,0.31515974,0.39699578,0.28784457
2328019054,0.45652935,0.29666388,0.24680682
2328035627,0.19645725,0.17916262,0.6243802
2328130015,0.21138726,0.2165264,0.5720864
2328204251,0.5763848,0.2129848,0.2106304
2328231803,0.58250356,0.1928524,0.22464405
2328286023,0.68597573,0.13083346,0.18319084
2328300515,0.5196996,0.25563157,0.22466882
2328333825,0.4906783,0.24209101,0.26723063
2328367053,0.43208852,0.290151,0.27776048
2328489886,0.38833725,0.33585182,0.27581093
2328645779,0.38520375,0.31667587,0.29812044
2328761260,0.35098723,0.2314191,0.41759375
2328819645,0.4170675,0.29524392,0.28768858
2328880756,0.31073028,0.3450398,0.34422994
2329115905,0.24593659,0.2524089,0.5016545
2329189047,0.2574314,0.46625,0.27631858
2329809740,0.27128115,0.3693162,0.3594027
2329811573,0.53306115,0.25028598,0.21665294
2329899619,0.12845929,0.15815167,0.71338904
2329996277,0.29625335,0.3050014,0.3987452
2330166390,0.33787122,0.23450348,0.42762527
2330236203,0.3096352,0.37692901,0.31343576
2330244104,0.23703249,0.47614694,0.28682065
2330362941,0.68024594,0.14012192,0.1796321
2330414617,0.38275063,0.33719197,0.2800573
2330516007,0.4131404,0.29041663,0.296443
2330605489,0.2914389,0.29688814,0.41167295
2330619002,0.17591538,0.57145214,0.25263256
2330745478,0.2939029,0.21123643,0.49486062
2330750113,0.31594646,0.27388063,0.41017297
2330760512,0.12438539,0.117294356,0.7583203
2331126960,0.5259305,0.18136306,0.2927064
2331174262,0.32729593,0.32373944,0.34896463
2331286007,0.5039932,0.26692227,0.22908446
2331395679,0.58405924,0.22003694,0.19590382
2331397871,0.24498072,0.3743457,0.38067365
2331443059,0.29131714,0.38014928,0.32853353
2331461003,0.49688104,0.2677548,0.23536421
2331471521,0.44984052,0.20383587,0.3463236
2331744246,0.12474933,0.7157211,0.15952966
2331870010,0.37615225,0.29901248,0.32483533
2331909592,0.11057268,0.75986904,0.12955825
2331947344,0.42180613,0.28261387,0.29557994
2331952789,0.381138,0.33320218,0.28565973
2332019993,0.31659392,0.3296112,0.3537948
2332130649,0.5325488,0.21439154,0.25305974
2332173051,0.3772899,0.38096884,0.24174127
2332323840,0.35070437,0.35682204,0.29247364
2332330630,0.1380823,0.67547053,0.1864471
2332419211,0.11004105,0.09687099,0.79308796
2332420568,0.34790346,0.2925969,0.35949954
2332425877,0.35388753,0.39106232,0.2550502
2332444599,0.4545061,0.29057398,0.25491992
2332522636,0.39756384,0.28990632,0.31252986
2332535856,0.10900085,0.09543294,0.79556614
2332562779,0.4125044,0.30312482,0.28437072
2332617235,0.28720766,0.33090627,0.38188607
2332635252,0.29956374,0.3032843,0.39715192
2332685888,0.40476963,0.34275517,0.2524751
2332689386,0.3163737,0.34498948,0.33863685
2332716265,0.120653264,0.13180113,0.74754566
2332809194,0.25756004,0.33133066,0.41110927
2332929307,0.14073952,0.68244296,0.1768175
2332979289,0.3574267,0.22401714,0.41855612
2332983134,0.33503923,0.32567036,0.33929035
2333253910,0.3051238,0.3894924,0.30538377
2333320573,0.38171402,0.24530026,0.37298578
2333442476,0.37361458,0.31107336,0.31531203
2333473474,0.12052228,0.7307018,0.14877589
2333475881,0.086719766,0.7940356,0.11924468
2333500495,0.29080138,0.3569398,0.35225877
2333538607,0.348744,0.34758407,0.30367187
2333566923,0.19696838,0.53814036,0.26489127
2333714985,0.5008613,0.24337083,0.25576785
2333768193,0.601993,0.20021224,0.19779468
2333887206,0.6298264,0.17802663,0.19214696
2333925818,0.3656888,0.2823655,0.3519457
2333960032,0.40591025,0.2693145,0.32477525
2333969074,0.6663023,0.14709201,0.18660562
2333982364,0.40473303,0.34294283,0.25232404
2334038004,0.16339162,0.19526169,0.6413467
2334090377,0.2793949,0.42720032,0.2934048
2334441831,0.45067063,0.34033033,0.20899907
2334467839,0.44860825,0.26408428,0.28730747
2334517994,0.62068677,0.18072227,0.19859104
2334661405,0.7667237,0.089999676,0.14327659
2334840002,0.6072537,0.20446287,0.18828353
2334935406,0.17384495,0.16659187,0.65956324
2335015325,0.29803512,0.35421196,0.34775296
2335040909,0.34719858,0.30105096,0.3517504
2335066356,0.15734573,0.6574886,0.18516569
2335185990,0.35324597,0.3449544,0.3017996
2335320120,0.178046,0.23246135,0.58949256
2335551785,0.2978372,0.39073867,0.3114241
2335585435,0.23587002,0.48047563,0.28365433
2335650268,0.31363615,0.38763195,0.29873186
2335677038,0.38335732,0.33624852,0.2803941
2335716454,0.2442489,0.23971303,0.5160381
2335722686,0.5364293,0.22194894,0.24162173
2335801985,0.7778304,0.078969374,0.14320014
2336098686,0.25634068,0.37016922,0.37349007
2336145831,0.32671127,0.32235235,0.35093632
2336199642,0.11351626,0.7533831,0.13310066
2336310485,0.58826673,0.19139168,0.22034155
2336352176,0.33482596,0.34089828,0.32427576
2336473321,0.32632253,0.36357108,0.31010643
2336550039,0.7873457,0.080822736,0.13183154
2336585598,0.2921803,0.25762236,0.45019728
2336648990,0.40659264,0.31526458,0.27814278
2336665059,0.41423768,0.32526046,0.26050186
2336740771,0.42565623,0.30082375,0.27352005
2336742276,0.2563142,0.3227381,0.42094776
2336758959,0.27176076,0.2858697,0.44236952
2336800365,0.33383673,0.38904318,0.27712014
2336837527,0.4102547,0.33573842,0.25400692
2336911967,0.12841754,0.7232267,0.14835574
2336945291,0.3518403,0.40343323,0.24472654
2337071273,0.12022423,0.74064213,0.13913368
2337095161,0.30571392,0.3388929,0.35539323
2337156655,0.33584282,0.32485884,0.3392983
2337187596,0.34123203,0.33605608,0.32271188
2337354178,0.619354,0.16033764,0.22030836
2337402349,0.38439894,0.37864283,0.23695824
2337407550,0.30418748,0.36684558,0.32896703
2337525604,0.24389471,0.52343625,0.232669
2337547462,0.31809348,0.36454937,0.31735715
2337660309,0.28543878,0.30861977,0.40594146
2337667630,0.4760369,0.30226582,0.2216973
2337701591,0.35225785,0.32085982,0.32688233
2337901201,0.16236717,0.65092295,0.18670984
2337985028,0.50321794,0.24392466,0.2528574
2338032702,0.14699827,0.18865074,0.6643509
2338085144,0.47942257,0.29611522,0.22446224
2338132555,0.26390925,0.3162338,0.41985688
2338139466,0.22154813,0.48399243,0.29445943
2338171334,0.75913,0.10285281,0.13801719
2338208996,0.35965317,0.36435476,0.27599213
2338237681,0.33250284,0.3544255,0.3130717
2338427019,0.3952439,0.25432128,0.35043475
2338622811,0.38653374,0.25684145,0.35662478
2338658129,0.577551,0.22726946,0.19517946
2338870471,0.39682084,0.3307729,0.2724062
2338979911,0.42416653,0.34122846,0.23460501
2339033004,0.43222716,0.29509526,0.27267757
2339186443,0.22450167,0.46957698,0.30592123
2339190473,0.41783938,0.30126554,0.28089505
2339217155,0.3264798,0.39017862,0.28334162
2339243447,0.18142399,0.19774483,0.6208312
2339271381,0.38806483,0.32809904,0.2838362
2339437767,0.36192542,0.3321572,0.3059174
2339448824,0.44329685,0.34104097,0.21566217
2339554642,0.42510596,0.28621647,0.2886776
2339594861,0.11174907,0.7618592,0.12639177
2339595471,0.11091126,0.09829473,0.79079396
2339609036,0.3326508,0.31358743,0.35376182
2339747669,0.43573743,0.2783715,0.2858911
2339844808,0.26237002,0.23445682,0.50317323
2339897193,0.39218056,0.3305486,0.27727085
2339905997,0.17761385,0.19396546,0.62842065
2339946881,0.33831838,0.3584928,0.3031889
2339988877,0.44626027,0.18410158,0.36963817
2339996787,0.097199254,0.103276394,0.79952437
2340184602,0.17468098,0.649463,0.17585605
2340336723,0.19425482,0.5213144,0.28443086
2340354939,0.31559235,0.33278626,0.35162145
2340459102,0.46728516,0.28429794,0.24841684
2340500421,0.40786308,0.2990286,0.29310825
2340590860,0.4100682,0.3231522,0.26677948
2340629349,0.36821854,0.3732297,0.25855175
2340736116,0.4103562,0.2960496,0.2935942
2340964869,0.20721978,0.5329183,0.2598619
2340989958,0.41833052,0.32947242,0.252197
2341034689,0.78096175,0.09212847,0.12690973
2341184468,0.16558295,0.23772945,0.59668756
2341205378,0.46688017,0.27752477,0.25559506
2341311802,0.20635279,0.5402282,0.25341904
2341315250,0.22026835,0.21269037,0.5670413
2341370632,0.16250333,0.5777491,0.25974765
2341413003,0.38424578,0.33241436,0.2833399
2341435993,0.3801328,0.3035947,0.31627244
2341438336,0.290876,0.40570813,0.30341595
2341556534,0.34351593,0.27538428,0.3810998
2341593294,0.47541034,0.24381107,0.2807786
2341599093,0.3067377,0.39833522,0.29492715
2341722441,0.41547886,0.33371544,0.2508057
2341829247,0.4619095,0.27480242,0.2632881
2341853686,0.33081913,0.4158928,0.25328806
2341866992,0.13877574,0.6593271,0.20189717
2341895636,0.39763466,0.3385918,0.2637735
2341911850,0.3244975,0.32570165,0.34980083
2341976959,0.5031765,0.16611338,0.3307101
2342093990,0.25420123,0.36153924,0.38425955
2342105764,0.7792562,0.08498212,0.13576175
2342106205,0.6354664,0.15863226,0.20590128
2342144561,0.52134985,0.17605767,0.30259243
2342189940,0.30189422,0.38658214,0.31152368
2342237109,0.52435803,0.22756109,0.24808091
2342398307,0.24750133,0.22277246,0.52972615
2342493428,0.5459562,0.19953038,0.25451338
2342576587,0.19038692,0.60747063,0.20214248
2342621216,0.2509998,0.258295,0.4907052
2342845006,0.18788204,0.61349285,0.1986251
2342867809,0.30135864,0.28532538,0.41331598
2342960941,0.33382973,0.28921404,0.37695622
2343041602,0.45008036,0.26648405,0.28343555
2343045079,0.42317146,0.3011821,0.27564645
2343207324,0.45847875,0.28905523,0.252466
2343481901,0.3040768,0.388148,0.3077752
2343503527,0.34228984,0.38162565,0.2760846
2343513808,0.12046787,0.12895247,0.75057966
2343519747,0.49103406,0.19167337,0.31729254
2343586293,0.30647472,0.39810956,0.29541573
2343649062,0.28528008,0.3709793,0.3437406
2343706252,0.38532844,0.32264078,0.2920308
2343907043,0.26880637,0.36160532,0.3695883
2344031820,0.3274806,0.37612307,0.2963963
2344052197,0.41353068,0.33221826,0.25425103
2344190505,0.6242646,0.15262353,0.22311181
2344238753,0.14374235,0.1371437,0.71911395
2344344284,0.34878135,0.3802896,0.270929
2344367319,0.43762606,0.2864269,0.2759471
2344373272,0.5550362,0.2253102,0.2196536
2344421343,0.33096945,0.36377808,0.3052525
2344428509,0.30903363,0.35011417,0.3408522
2344456691,0.23791133,0.21453522,0.5475534
2344591390,0.42457134,0.30914235,0.2662863
2344747052,0.17346211,0.63283354,0.19370435
2344784879,0.3144317,0.36638796,0.3191804
2344858464,0.24212974,0.5096499,0.2482204
2345035538,0.45900866,0.2993687,0.24162267
2345198242,0.4237019,0.31002674,0.2662714
2345202507,0.170046,0.6235381,0.20641594
2345239628,0.24415743,0.31211093,0.44373164
2345268643,0.18283625,0.1899361,0.62722766
2345379135,0.301812,0.39368176,0.30450624
2345416356,0.2316307,0.34428993,0.42407942
2345430139,0.3658076,0.3342633,0.29992914
2345613654,0.6836755,0.13369757,0.18262692
2345639890,0.23590897,0.50322556,0.2608655
2345686484,0.19850694,0.5917146,0.20977847
2345779392,0.80405295,0.08373896,0.11220807
2345812599,0.40870592,0.26653525,0.3247588
2345866920,0.5907773,0.18726417,0.2219585
2346016489,0.18366584,0.525657,0.29067716
2346252760,0.33023715,0.40310946,0.26665333
2346275613,0.31275862,0.42808774,0.2591536
2346352655,0.3586966,0.34020737,0.30109605
2346382445,0.29282233,0.3658895,0.34128827
2346491499,0.3006902,0.39739034,0.3019194
2346520795,0.4508066,0.31637824,0.23281516
2346648985,0.27708852,0.30592152,0.41698992
2346673236,0.0680816,0.06267358,0.86924493
2346767205,0.09444236,0.08448065,0.821077
2346911690,0.37522537,0.33436167,0.290413
2346916665,0.49546278,0.24463317,0.2599041
2346921569,0.2719705,0.42297912,0.30505043
2347008507,0.27770153,0.33663404,0.38566443
2347096476,0.61730844,0.18173,0.20096159
2347112939,0.1587897,0.63060653,0.21060379
2347273010,0.49447656,0.24204195,0.2634815
2347356295,0.09299977,0.7888943,0.11810592
2347474707,0.5708296,0.21086815,0.21830234
2347526893,0.54406404,0.2269078,0.22902814
2347685738,0.33210135,0.38706326,0.2808353
2347703590,0.6268556,0.158738,0.21440643
2347847570,0.23995633,0.21281743,0.5472262
2347878591,0.31675303,0.2564426,0.42680433
2347952101,0.4701745,0.17451835,0.35530716
2348123952,0.30020332,0.38544735,0.31434938
2348185438,0.33408868,0.24708113,0.41883022
2348203972,0.53077334,0.2586039,0.21062274
2348272183,0.4147387,0.31261998,0.2726414
2348290637,0.39048803,0.29959914,0.30991286
2348451795,0.32455334,0.33382463,0.34162205
2348532262,0.23541838,0.4181171,0.3464646
2348625342,0.46868464,0.30592018,0.22539514
2348763312,0.13530166,0.12663746,0.73806095
2348960380,0.32317135,0.41198558,0.26484302
2348986182,0.38793433,0.36495602,0.24710962
2349094155,0.67198545,0.14485537,0.18315917
2349173133,0.56687224,0.21982372,0.21330401
2349405396,0.33538896,0.41566324,0.24894789
2349437497,0.33461657,0.339355,0.32602847
2349446104,0.5654231,0.17102696,0.26354998
2349469716,0.09398725,0.7794557,0.12655704
2349609006,0.45205933,0.28456235,0.2633783
2349648222,0.14003083,0.10676557,0.7532036
2349703429,0.26399073,0.36569655,0.37031275
2349764227,0.323109,0.37899673,0.2978943
2349898881,0.09829932,0.75772536,0.14397527
2349954571,0.49047044,0.2359349,0.2735947
2349967792,0.067544654,0.84255666,0.08989864
2350034013,0.60214084,0.1929338,0.20492536
2350144092,0.566035,0.22150232,0.21246274
2350144674,0.24050121,0.283968,0.47553086
2350221965,0.23514892,0.5144593,0.2503918
2350248343,0.44646335,0.28138074,0.27215588
2350338088,0.6911391,0.15113682,0.1577241
2350380761,0.2338442,0.4099613,0.3561945
2350603154,0.3426832,0.328952,0.32836476
2350642027,0.24108377,0.21632738,0.54258883
2350765245,0.38800234,0.33045086,0.28154686
2350787374,0.2418874,0.4176533,0.34045938
2350873385,0.514416,0.2567727,0.22881135
2350931629,0.34526253,0.29914078,0.3555967
2350942324,0.1334106,0.6970322,0.16955715
2351144599,0.11620514,0.69811296,0.1856818
2351286251,0.45854798,0.2750229,0.26642907
2351358404,0.35280702,0.28876647,0.35842657
2351442663,0.283964,0.36558363,0.3504524
2351443868,0.13585584,0.690992,0.17315221
2351516807,0.4126901,0.3047724,0.28253752
2351522975,0.5719007,0.21517482,0.2129245
2351558719,0.5384946,0.16990498,0.29160056
2351570260,0.30575526,0.2915197,0.40272495
2351633949,0.37437913,0.2919555,0.33366546
2351776690,0.35202068,0.32224688,0.32573244
2351922399,0.5255748,0.23809707,0.23632815
2351932809,0.3159236,0.24028839,0.44378796
2351935791,0.52747387,0.20981617,0.26270998
2352099868,0.3967189,0.33925378,0.26402742
2352180360,0.43433338,0.33181795,0.23384866
2352254225,0.38659602,0.3426737,0.27073032
2352319666,0.17393346,0.63739103,0.18867554
2352348601,0.6760882,0.15591101,0.16800074
2352380414,0.31160447,0.39989254,0.28850296
2352398385,0.24575703,0.38509318,0.3691498
2352431330,0.08985986,0.08708399,0.82305616
2352495185,0.34965035,0.36019668,0.29015297
2352681898,0.13448343,0.7139958,0.15152076
2352704207,0.74261904,0.08225089,0.17513011
2352789581,0.16933125,0.64288205,0.18778664
2352844026,0.32088116,0.3523573,0.32676163
2352867633,0.2596485,0.2544263,0.4859253
2352913229,0.4674584,0.28952727,0.24301434
2353064765,0.4315224,0.29576162,0.27271596
2353123812,0.28870597,0.39273363,0.31856042
2353126876,0.070784256,0.8359843,0.09323143
2353226211,0.46141163,0.27235818,0.26623023
2353269674,0.39176995,0.33828476,0.2699452
2353280751,0.31015885,0.4279517,0.26188946
2353322168,0.38496107,0.26717982,0.34785917
2353488304,0.6502073,0.17336576,0.176427
2353584803,0.14056626,0.14703357,0.71240014
2353637742,0.6059403,0.19483155,0.19922821
2353648453,0.17422372,0.59261996,0.23315625
2353654035,0.31481543,0.41530475,0.26987985
2353775559,0.49183813,0.26579317,0.2423687
2353850388,0.4554661,0.16460326,0.37993065
2354215536,0.15996274,0.19543983,0.6445974
2354227420,0.5195246,0.26811403,0.21236137
2354351121,0.40002292,0.28651002,0.3134671
2354374789,0.7296386,0.11356776,0.15679367
2354441361,0.260252,0.2696187,0.47012922
2354506498,0.20301262,0.44857782,0.34840953
2354592231,0.43008554,0.18073739,0.38917708
2354625460,0.38159543,0.3470521,0.2713524
2354715943,0.42011535,0.3281588,0.25172582
2354756865,0.3774874,0.32664162,0.29587093
2354885525,0.26708552,0.30545002,0.42746446
2354898696,0.49995625,0.23602928,0.26401448
2354899854,0.0872448,0.80332756,0.109427705
2354909372,0.38114128,0.28379416,0.33506456
2354943658,0.31364658,0.30310532,0.3832481
2354965063,0.096080706,0.7805844,0.123334855
2355030457,0.27611664,0.2611034,0.46277997
2355154878,0.20047659,0.43201187,0.3675115
2355169628,0.25315195,0.25049078,0.49635723
2355187277,0.36516216,0.37631595,0.25852183
2355293466,0.24263467,0.45322043,0.30414483
2355370819,0.2405458,0.22099112,0.53846306
2355415587,0.12702875,0.73360395,0.13936727
2355418424,0.11200917,0.09861685,0.78937393
2355484813,0.26433647,0.3873134,0.34835017
2355583857,0.2521978,0.2019701,0.54583216
2355619596,0.13286261,0.72738385,0.13975352
2355637659,0.33954492,0.31986752,0.34058762
2355706862,0.57336706,0.20494547,0.22168753
2355708514,0.08543713,0.80657053,0.10799234
2355875200,0.5590375,0.23707525,0.20388727
2355881372,0.46238995,0.3412328,0.19637723
2355929182,0.34644106,0.24700679,0.40655214
2355979329,0.14917797,0.67899054,0.17183143
2356017669,0.25884444,0.5142485,0.22690703
2356072116,0.21765547,0.5476966,0.23464793
2356088499,0.3443942,0.32036605,0.33523974
2356089214,0.35390788,0.34568086,0.30041125
2356093349,0.2633617,0.2770387,0.45959964
2356152393,0.4814341,0.2578995,0.26066646
2356205959,0.24779749,0.4836269,0.26857564
2356290966,0.28941512,0.4182866,0.29229835
2356327797,0.3233268,0.35714132,0.3195319
2356433939,0.471793,0.28707838,0.24112856
2356489124,0.4460883,0.30231085,0.25160077
2356505943,0.35815656,0.33244297,0.3094005
2356506776,0.28739375,0.40130034,0.31130597
2356575515,0.1941882,0.613358,0.19245376
2356592947,0.66334504,0.13077217,0.20588288
2356642656,0.26470688,0.3219189,0.41337427
2356711596,0.21748374,0.5167622,0.26575407
2356739124,0.35119027,0.36351836,0.2852914
2356752317,0.3794115,0.2952103,0.3253782
2356771500,0.51013124,0.2584454,0.23142333
2356814022,0.34733662,0.41476685,0.23789652
2356868070,0.5472629,0.2026179,0.25011918
2356916611,0.36565173,0.32887226,0.305476
2357015465,0.30409017,0.3956202,0.30028966
2357033800,0.31444567,0.37098595,0.3145684
2357149437,0.3521299,0.32505623,0.32281378
2357352435,0.37005,0.37020928,0.25974077
2357599741,0.4428791,0.2784988,0.27862203
2357669858,0.5659234,0.20832828,0.22574832
2357713634,0.070192955,0.8302477,0.09955927
2357737580,0.29155913,0.3937072,0.3147337
2357763719,0.12356915,0.73504627,0.1413846
2357791484,0.41033387,0.30911174,0.28055435
2357795893,0.2682182,0.2642665,0.46751538
2358017944,0.2588369,0.19684929,0.5443137
2358195774,0.17821598,0.5568593,0.26492468
2358305094,0.44979036,0.30176935,0.24844028
2358362875,0.35527363,0.35665178,0.28807455
2358540502,0.49097568,0.2619392,0.24708521
2358541497,0.24491337,0.45232219,0.30276442
2358599888,0.3995959,0.29999956,0.3004045
2358634803,0.49367404,0.24209283,0.26423314
2358717867,0.34923205,0.24755135,0.40321657
2358729868,0.14545248,0.6778076,0.17673987
2358731578,0.16118276,0.658203,0.18061426
2358733733,0.3703184,0.35844588,0.27123576
2358764153,0.3543225,0.17679545,0.46888196
2358770316,0.32084844,0.32135156,0.3578
2358771237,0.23530951,0.35182524,0.41286525
2358817248,0.3402986,0.31426302,0.34543842
2358829604,0.43912977,0.29592144,0.26494882
2358911925,0.3766029,0.2985375,0.32485956
2359151473,0.38227302,0.34258097,0.27514604
2359251115,0.23306529,0.2378307,0.529104
2359261734,0.41555184,0.28151122,0.3029369
2359335886,0.3517765,0.42627934,0.22194415
2359368349,0.28522125,0.26366097,0.45111778
2359520209,0.31802434,0.30545366,0.376522
2359598998,0.46852294,0.2774722,0.25400487
2359608295,0.23004745,0.508703,0.2612495
2359682849,0.27552974,0.29994488,0.42452544
2359796484,0.28014874,0.4663706,0.25348064
2359847421,0.31302986,0.3289242,0.35804594
2360025170,0.3687868,0.2900112,0.34120202
2360076134,0.6018937,0.20295386,0.1951524
2360118703,0.1055206,0.7749206,0.119558826
2360128049,0.32539374,0.31847116,0.3561351
2360130535,0.3254992,0.37740275,0.29709798
2360297429,0.20096713,0.58973503,0.20929787
2360300212,0.12156248,0.74180967,0.13662785
2360416205,0.37315428,0.35592592,0.27091986
2360482981,0.2655001,0.26624417,0.46825564
2360485652,0.10260902,0.75983584,0.13755511
2360768586,0.41821006,0.34610635,0.23568353
2360785193,0.4332579,0.28540516,0.28133696
2360846875,0.55691355,0.22552873,0.2175578
2360906167,0.35649893,0.33177206,0.31172895
2361048889,0.48690507,0.26460168,0.24849321
2361209345,0.36775154,0.3336055,0.29864296
2361248529,0.38578498,0.33129987,0.28291517
2361431683,0.7420439,0.1126328,0.14532329
2361478846,0.3092793,0.34851804,0.34220266
2361521688,0.18698272,0.18763188,0.6253854
2361577353,0.3180021,0.38783303,0.29416484
2361699569,0.24370618,0.27988693,0.47640696
2361736127,0.27933243,0.3631515,0.3575161
2361815379,0.37640062,0.29089698,0.3327024
2361909891,0.27482706,0.30890206,0.41627085
2361928106,0.209395,0.19400112,0.5966039
2361975429,0.4179462,0.34353316,0.23852064
2362094413,0.44897828,0.2875983,0.26342338
2362128910,0.08668253,0.7941528,0.11916468
2362145919,0.36736473,0.36321348,0.26942176
2362455694,0.395888,0.31701452,0.28709742
2362458482,0.4976079,0.2629947,0.2393974
2362490082,0.38163322,0.33864418,0.2797226
2362581974,0.5638671,0.18610813,0.25002477
2362653296,0.43616527,0.27407748,0.28975725
2362663489,0.15732028,0.6720378,0.17064199
2362689697,0.5569632,0.2336475,0.20938934
2362949082,0.11465337,0.10776734,0.7775793
2362997999,0.2888467,0.32256544,0.38858786
2363068835,0.29123193,0.37271112,0.33605698
2363080554,0.2557922,0.36664295,0.37756488
2363095422,0.16073714,0.13191578,0.70734704
2363149426,0.33720148,0.33718526,0.32561332
2363160609,0.45777705,0.21852039,0.32370254
2363172953,0.39532563,0.31046373,0.29421064
2363245996,0.35611424,0.36237723,0.2815085
2363263578,0.37846938,0.34779558,0.27373505
2363311724,0.38959488,0.32085642,0.28954872
2363352336,0.063835286,0.82849157,0.10767311
2363417213,0.31890535,0.32350802,0.35758668
2363555670,0.57890195,0.2180665,0.20303157
2363575154,0.37571907,0.29680943,0.3274715
2363798470,0.5155865,0.2286995,0.25571394
2363893974,0.33471957,0.38308135,0.28219917
2363968375,0.55859095,0.2150678,0.22634134
2364013617,0.14430143,0.7203957,0.13530287
2364109292,0.276092,0.15244399,0.57146406
2364173573,0.25478533,0.37461945,0.3705951
2364294511,0.7794449,0.07723547,0.14331965
2364323122,0.31148058,0.3862364,0.302283
2364460698,0.39879656,0.32606623,0.27513728
2364596649,0.33942822,0.38193986,0.2786319
2364673687,0.22352107,0.44076535,0.33571365
2365146496,0.559061,0.16825584,0.2726832
2365303041,0.24802637,0.4573622,0.29461136
2365318220,0.3788787,0.30018213,0.32093915
2365411092,0.15376177,0.14719367,0.69904447
2365440041,0.39661688,0.3351004,0.26828268
2365475197,0.26042598,0.44696867,0.29260522
2365542226,0.6204776,0.17019075,0.2093317
2365589842,0.43153003,0.2796308,0.2888392
2365656836,0.38102266,0.259836,0.35914132
2365734185,0.31607887,0.30060628,0.38331494
2366055944,0.2955096,0.34551102,0.35897937
2366095492,0.4729687,0.2627465,0.26428482
2366314012,0.22416477,0.5236595,0.2521757
2366420643,0.17628042,0.17974354,0.64397603
2366827782,0.37947267,0.2958491,0.3246781
2366906975,0.22396432,0.478211,0.29782465
2367051644,0.18656936,0.59319,0.2202406
2367118388,0.48385736,0.2843101,0.23183258
2367123411,0.21401751,0.21821366,0.5677688
2367151278,0.25443956,0.23395064,0.5116098
2367207365,0.24880408,0.27523285,0.47596306
2367216251,0.37722597,0.34500673,0.27776733
2367319254,0.28139484,0.43210918,0.28649598
2367356740,0.27286208,0.25127536,0.47586268
2367424374,0.3171424,0.401327,0.28153068
2367471566,0.16521381,0.62111145,0.21367468
2367640696,0.22121423,0.27784583,0.50093997
2367652950,0.20485538,0.4085176,0.38662702
2367721699,0.43978322,0.29867923,0.26153752
2367760516,0.62884885,0.1557983,0.2153528
2367807325,0.41112265,0.2958609,0.2930165
2367859175,0.67534643,0.14574257,0.17891094
2368019101,0.18083654,0.17609489,0.6430686
2368072546,0.09047538,0.7985707,0.11095394
2368139633,0.3328556,0.34119692,0.32594752
2368143100,0.12882306,0.7082004,0.16297655
2368144673,0.42296323,0.29822373,0.27881297
2368194980,0.35898444,0.279479,0.36153653
2368197750,0.12915175,0.118743114,0.7521051
2368250935,0.364547,0.28987682,0.34557623
2368331335,0.4022103,0.31451303,0.28327668
2368356711,0.66281724,0.121529326,0.21565346
2368404284,0.12923865,0.6927142,0.17804715
2368444913,0.23621172,0.53763676,0.22615151
2368570727,0.41415924,0.2706241,0.3152166
2368636456,0.7515546,0.10411156,0.14433385
2368686942,0.48027334,0.2882173,0.23150937
2368708761,0.15466133,0.43866122,0.40667748
2368800749,0.33064622,0.36499453,0.30435923
2368858442,0.3827871,0.31744754,0.29976535
2369089948,0.45603287,0.2767533,0.2672138
2369151882,0.31006616,0.40952256,0.28041124
2369165481,0.2767096,0.35214102,0.37114936
2369223533,0.46177855,0.29661408,0.24160737
2369307628,0.25957793,0.30796662,0.43245545
2369334574,0.31179985,0.38207617,0.30612397
2369365630,0.20667617,0.5821902,0.21113354
2369383479,0.43125588,0.26280585,0.30593824
2369474103,0.45176557,0.31373918,0.23449525
2369618501,0.25570002,0.27008387,0.47421607
2369622430,0.33268902,0.31115794,0.35615304
2369712796,0.08286694,0.07950648,0.83762664
2369737061,0.17968276,0.6123747,0.20794247
2369825058,0.28309456,0.38396248,0.33294296
2369898479,0.7879544,0.08634351,0.1257021
2369923616,0.5066051,0.22017077,0.27322415
2369951313,0.6860592,0.12281273,0.19112813
2369990317,0.5715479,0.2102513,0.21820073
2370023211,0.08193692,0.795505,0.12255815
2370100265,0.15631945,0.60413605,0.23954451
2370109546,0.3365204,0.39732537,0.26615423
2370138958,0.14394823,0.669594,0.18645777
2370414599,0.4242654,0.32638413,0.2493505
2370433654,0.2950808,0.35262033,0.35229886
2370449082,0.58756405,0.2174212,0.19501477
2370571116,0.25134334,0.29934317,0.44931352
2370610041,0.33339158,0.25279608,0.4138123
2370674351,0.44479775,0.3074359,0.24776636
2370708927,0.11754742,0.10088224,0.7815704
2370768447,0.33048972,0.35798433,0.31152597
2370799804,0.17103897,0.50993776,0.31902322
2370935031,0.21704496,0.5036159,0.27933916
2371123789,0.1772428,0.15749232,0.66526484
2371143086,0.25683805,0.4525041,0.2906579
2371319109,0.3289788,0.29411966,0.37690157
2371468586,0.19179745,0.58165526,0.22654723
2371473513,0.0680816,0.06267358,0.86924493
2371542691,0.1429938,0.69347364,0.16353256
2371713966,0.50676763,0.2508119,0.24242045
2371828001,0.3209304,0.37157667,0.30749288
2371832570,0.33821416,0.41704026,0.24474558
2371932974,0.28834304,0.2838562,0.42780074
2371949020,0.45621452,0.25216526,0.29162022
2371966696,0.16179357,0.6482752,0.1899312
2371989590,0.61593634,0.18688475,0.19717889
2372226956,0.24586338,0.2355717,0.518565
2372260626,0.07432594,0.8289001,0.09677402
2372299389,0.27878922,0.39679202,0.32441878
2372485424,0.28111985,0.3613148,0.3575653
2372493127,0.23893864,0.41560468,0.34545663
2372519251,0.62099546,0.19475538,0.18424913
2372756227,0.5910368,0.19157848,0.21738477
2372837053,0.3082798,0.29503256,0.39668766
2372838842,0.31703433,0.33641043,0.34655517
2372849931,0.42527807,0.33469412,0.24002786
2372936450,0.4109569,0.35663512,0.23240799
2373052254,0.3059194,0.28361484,0.41046578
2373228432,0.20013864,0.47045395,0.32940736
2373255633,0.24391915,0.38477007,0.37131074
2373307515,0.5399165,0.2068719,0.25321168
2373347090,0.39028195,0.26050496,0.34921312
2373489043,0.26749107,0.40456554,0.3279435
2373623039,0.32122317,0.43305477,0.24572212
2373645873,0.70983124,0.12533185,0.164837
2373683578,0.34475568,0.36443213,0.29081225
2373713934,0.24780162,0.28619906,0.4659993
2373807787,0.46651077,0.25393385,0.27955538
2373816240,0.4782211,0.3222698,0.1995091
2373840665,0.30971372,0.38554975,0.3047365
2373895054,0.4496674,0.2995006,0.250832
2373926678,0.54675233,0.23015513,0.22309247
2374017527,0.3666043,0.34268385,0.29071188
2374060159,0.3477331,0.33156648,0.32070035
2374091548,0.28176823,0.2803633,0.4378685
2374215410,0.36188978,0.32873476,0.30937546
2374234736,0.09336475,0.8057592,0.10087613
2374299357,0.55024797,0.23929271,0.21045938
2374394823,0.421976,0.32858655,0.24943745
2374399899,0.33994088,0.40567455,0.25438452
2374468780,0.32403487,0.37751967,0.29844534
2374502905,0.15029189,0.6651509,0.18455727
2374655401,0.15102941,0.6937052,0.15526536
2374752837,0.12431956,0.7241559,0.15152456
2374899147,0.29164508,0.45782557,0.25052935
2374990856,0.15598719,0.12927072,0.71474206
2375014325,0.2622209,0.25476763,0.4830115
2375014351,0.47788376,0.25588262,0.26623365
2375046625,0.2862076,0.320872,0.39292037
2375051642,0.3263758,0.3839032,0.289721
2375058631,0.31304112,0.3914314,0.29552746
2375231394,0.6781395,0.14537218,0.17648825
2375307180,0.28195637,0.24220558,0.47583807
2375311571,0.5310254,0.23053569,0.23843896
2375371402,0.43443274,0.293139,0.2724282
2375510515,0.30351174,0.34158194,0.35490626
2375665655,0.2780476,0.4405695,0.28138292
2375666595,0.46737677,0.28232563,0.2502977
2375678695,0.08643055,0.08862933,0.8249402
2375919721,0.22622862,0.51967454,0.2540968
2375960531,0.34010786,0.38204807,0.2778441
2376079393,0.57871634,0.22962941,0.19165422
2376106963,0.286082,0.42337763,0.2905403
2376124689,0.4178946,0.23663656,0.3454689
2376330895,0.47118637,0.2583494,0.27046427
2376380080,0.3414632,0.26232123,0.3962156
2376398310,0.23025142,0.5033513,0.26639724
2376408548,0.4862735,0.28430504,0.22942145
2376597405,0.28570274,0.335212,0.3790853
2376618034,0.1685132,0.642692,0.18879478
2376666178,0.42914113,0.31718567,0.25367317
2376669737,0.372433,0.34671706,0.28084987
2376676271,0.57220536,0.22633125,0.20146334
2376723436,0.21447568,0.49298412,0.29254022
2376821589,0.35781574,0.39084974,0.25133443
2376905027,0.36155376,0.29433602,0.34411028
2376959107,0.6536331,0.15910688,0.18725996
2376977609,0.22406101,0.19089235,0.5850467
2377010162,0.23385368,0.54178745,0.2243588
2377136122,0.16082074,0.13819455,0.7009847
2377254291,0.2838633,0.25043553,0.4657011
2377305412,0.26318732,0.30910322,0.42770943
2377348343,0.41850933,0.33002493,0.25146577
2377373260,0.15584461,0.6723948,0.17176063
2377600827,0.42244577,0.3199912,0.25756302
2377615401,0.24335071,0.3273664,0.42928296
2377641217,0.31767094,0.40314272,0.27918634
2377759453,0.17171533,0.5718912,0.25639346
2377850269,0.37238857,0.28030345,0.34730795
2377876619,0.7533708,0.11206593,0.1345632
2377899422,0.4612035,0.2439889,0.29480764
2377916005,0.21804035,0.51517963,0.26677996
2377966816,0.3376901,0.3242527,0.33805716
2378052407,0.5375615,0.24309501,0.21934353
2378084036,0.38024628,0.27842805,0.3413256
2378088335,0.37392202,0.39229614,0.23378183
2378125481,0.380925,0.31245232,0.30662268
2378130283,0.1745165,0.28987652,0.5356069
2378159287,0.731639,0.12442175,0.14393918
2378212848,0.52032864,0.19226903,0.28740233
2378282672,0.4657736,0.30729616,0.22693026
2378364467,0.37431157,0.35800314,0.26768526
2378521608,0.3874914,0.33663908,0.27586946
2378555405,0.40285176,0.27718014,0.3199681
2378571855,0.249943,0.264247,0.48581
2378638995,0.30644628,0.4406349,0.2529188
2378677533,0.0712399,0.8235269,0.10523323
2378744606,0.21390793,0.56371444,0.22237757
2378920020,0.3203674,0.3052232,0.37440944
2379054860,0.14718463,0.59682065,0.25599468
2379090451,0.35392907,0.32074872,0.3253222
2379115399,0.55787,0.24525747,0.1968726
2379143437,0.28282288,0.34639058,0.37078655
2379221586,0.5336108,0.26948342,0.19690573
2379303989,0.3479925,0.34696805,0.3050394
2379423434,0.20614153,0.32167035,0.47218817
2379534169,0.22758135,0.3023637,0.47005495
2379580836,0.19550367,0.230561,0.5739353
2379696989,0.1769558,0.61486083,0.20818338
2379703317,0.24198847,0.38187617,0.37613535
2379733619,0.25484797,0.25939724,0.4857548
2379788838,0.3943447,0.29714575,0.30850956
2379926825,0.40052536,0.2752513,0.3242234
2379930608,0.38545766,0.3595471,0.25499523
2380014412,0.47158417,0.23241307,0.2960028
2380072139,0.41084397,0.30515558,0.2840004
2380076794,0.3403727,0.2889573,0.37066996
2380166595,0.072702125,0.8297033,0.097594656
2380291343,0.26401284,0.23606929,0.4999178
2380375771,0.2628803,0.24358407,0.4935356
2380445478,0.33404267,0.3425254,0.32343194
2380758877,0.3132499,0.3943519,0.29239815
2380935263,0.20000178,0.19381243,0.6061858
2380960327,0.11209041,0.7563017,0.13160789
2381005259,0.6514645,0.15210596,0.1964296
2381112223,0.48333463,0.29052666,0.22613868
2381207637,0.44015336,0.31836233,0.24148433
2381400796,0.119337425,0.11750907,0.76315355
2381416703,0.39838147,0.30273053,0.29888803
2381461541,0.42826438,0.32952905,0.24220654
2381468307,0.22588648,0.48380506,0.29030842
2381574561,0.3893291,0.33350736,0.27716354
2381765517,0.3134266,0.30961227,0.37696108
2381826901,0.30537122,0.34932184,0.3453069
2381848953,0.29761603,0.2984659,0.4039181
2381933184,0.20413217,0.2388223,0.5570456
2381937931,0.14945088,0.110186026,0.7403631
2381974308,0.44886288,0.31844422,0.23269296
2381982012,0.35964602,0.39533764,0.24501629
2382032158,0.3669814,0.36006784,0.27295077
2382063777,0.5125038,0.25006643,0.23742983
2382079084,0.5251901,0.27821827,0.19659162
2382117302,0.22356002,0.5213562,0.2550838
2382179405,0.4661899,0.24214287,0.29166716
2382185909,0.40538776,0.32347426,0.27113792
2382196251,0.39856043,0.27448675,0.32695287
2382212556,0.36163038,0.3354184,0.3029513
2382214247,0.29413053,0.31242877,0.3934407
2382492365,0.08041197,0.8055769,0.1140111
2382654072,0.34322184,0.342222,0.31455615
2382701449,0.2617609,0.36466748,0.37357157
2382858179,0.56996876,0.18371254,0.24631874
2382863523,0.2230665,0.4638392,0.31309432
2382940875,0.3514778,0.3730642,0.27545804
2383053433,0.35152122,0.24168266,0.40679604
2383107270,0.45974538,0.23905733,0.3011973
2383112247,0.46636418,0.2912523,0.24238347
2383312604,0.0583419,0.8437334,0.097924665
2383463586,0.3899621,0.30202883,0.30800906
2383493721,0.30013654,0.4343543,0.26550916
2383513506,0.46704394,0.28241363,0.2505424
2383595105,0.21673957,0.52815604,0.25510442
2383644253,0.2647581,0.42249513,0.31274667
2383770774,0.33226523,0.35877484,0.30895987
2383775921,0.07738845,0.8145295,0.10808206
2383782334,0.28806618,0.34739128,0.3645426
2383869124,0.50736004,0.25348043,0.23915954
2383873244,0.0987686,0.76679265,0.13443872
2383976338,0.16647749,0.56837523,0.26514727
2384021934,0.36234996,0.37658638,0.26106358
2384031924,0.7184106,0.12144542,0.16014391
2384093879,0.38858122,0.3473028,0.26411605
2384115061,0.27492058,0.25744715,0.46763223
2384171460,0.47802842,0.29799634,0.22397526
2384204455,0.20756546,0.5910075,0.20142709
2384263576,0.39243522,0.3351341,0.27243072
2384378144,0.2582621,0.3948492,0.34688878
2384379902,0.4147872,0.34062085,0.24459204
2384387485,0.31508404,0.22662123,0.45829475
2384540572,0.21506624,0.35808274,0.42685094
2384586020,0.2006905,0.5791493,0.2201602
2384671767,0.34935504,0.36249167,0.28815338
2384682745,0.47035778,0.27515876,0.25448343
2384761024,0.14641786,0.6823187,0.17126349
2384765836,0.56875676,0.1966976,0.2345456
2384961100,0.2852505,0.40256116,0.31218827
2384982339,0.5451619,0.2087004,0.24613777
2384988361,0.33410722,0.34930703,0.31658575
2384992241,0.40151194,0.39112347,0.20736463
2385070867,0.37014198,0.3602682,0.26958975
2385071577,0.33113897,0.33474815,0.33411288
2385120306,0.32299927,0.37279132,0.3042094
2385269458,0.32801613,0.26584736,0.40613648
2385354651,0.37524697,0.35130322,0.2734498
2385405617,0.12234449,0.7332663,0.14438927
2385445230,0.2016305,0.19810371,0.6002658
2385631976,0.51510996,0.24477617,0.24011391
2385647784,0.5854773,0.21672083,0.19780184
2385777813,0.37760037,0.3212188,0.3011808
2385784465,0.17075205,0.6560204,0.17322762
2385802286,0.25503638,0.44160572,0.30335793
2385927203,0.3358667,0.38538787,0.2787455
2386037313,0.43380937,0.2977819,0.26840878
2386041319,0.28219408,0.38222265,0.3355832
2386052378,0.55420506,0.23928562,0.20650934
2386058730,0.2557961,0.37223727,0.37196657
2386093798,0.21649757,0.26852894,0.5149734
2386247402,0.21918379,0.5256124,0.25520384
2386335719,0.30069286,0.43831745,0.2609897
2386359814,0.3296101,0.34007818,0.3303118
2386410756,0.1466195,0.68863887,0.16474167
2386505114,0.40634984,0.2895014,0.30414885
2386668404,0.34220114,0.33269605,0.3251028
2386671825,0.34466907,0.34406766,0.31126332
2386677981,0.4912327,0.27004167,0.23872563
2386706330,0.6561444,0.16438913,0.17946646
2386741797,0.5429037,0.18680789,0.2702884
2386897440,0.30251315,0.3146984,0.3827885
2386929099,0.3401442,0.31723,0.34262583
2386945518,0.46938896,0.24983498,0.280776
2386977054,0.19211458,0.5068221,0.30106333
2387077111,0.22000696,0.23294806,0.547045
2387108998,0.35647568,0.31674242,0.32678193
2387156917,0.5151585,0.24367277,0.24116871
2387179051,0.34277785,0.35006052,0.30716166
2387224269,0.47907367,0.22491859,0.29600775
2387262515,0.7565421,0.10152519,0.14193271
2387299949,0.3457797,0.34792706,0.30629325
2387870230,0.16716252,0.15416323,0.67867434
2387971177,0.2763283,0.4029878,0.3206839
2387987087,0.104402885,0.7637501,0.13184696
2388005029,0.4545522,0.2745274,0.2709204
2388071062,0.21856542,0.2172526,0.56418204
2388189107,0.27580586,0.32221338,0.40198082
2388254549,0.1074594,0.7662247,0.12631595
2388375624,0.36370838,0.3399824,0.2963092
2388415553,0.51850355,0.23692885,0.24456753
2388465606,0.7384819,0.10949804,0.15202005
2388602617,0.22681849,0.38154468,0.39163688
2388678054,0.5077131,0.24108215,0.25120473
2388755514,0.7877706,0.07598008,0.13624932
2388758365,0.106134705,0.7376086,0.15625672
2388891904,0.36374253,0.37015694,0.26610056
2388967305,0.2031903,0.23731896,0.55949074
2388976982,0.09427468,0.099131115,0.8065942
2388986931,0.15265119,0.6033862,0.24396259
2389025868,0.5096591,0.12772724,0.36261365
2389207258,0.35674962,0.38144493,0.26180542
2389250828,0.33217004,0.2833453,0.38448462
2389365711,0.3521094,0.33939323,0.30849737
2389543750,0.345526,0.34165272,0.31282127
2389556830,0.33729988,0.31952038,0.34317973
2389708864,0.33743095,0.33496183,0.32760715
2389743946,0.56797767,0.22077465,0.21124768
2389903777,0.3392439,0.3330405,0.3277156
2389905708,0.13920735,0.12946418,0.7313284
2389915850,0.3590578,0.3967273,0.24421486
2390109336,0.704634,0.12386858,0.17149742
2390118069,0.42349505,0.34390613,0.23259878
2390156446,0.4112737,0.30518818,0.28353813
2390163536,0.3328529,0.42846876,0.23867837
2390244096,0.13893263,0.19947252,0.6615949
2390308396,0.36638182,0.3448125,0.28880566
2390411600,0.10510625,0.7677859,0.12710775
2390512075,0.24341682,0.4600978,0.2964853
2390750850,0.21361999,0.21280661,0.57357335
2390811359,0.16973393,0.19761814,0.63264793
2390850090,0.37581456,0.34409901,0.2800865
2390862443,0.33294737,0.23937781,0.42767483
2391039853,0.35022783,0.3210602,0.32871202
2391093465,0.22533047,0.4510698,0.3235997
2391118346,0.494694,0.20068945,0.30461654
2391180878,0.41833425,0.3010485,0.28061727
2391193825,0.3880453,0.3212876,0.29066712
2391227424,0.3245813,0.32890582,0.3465128
2391330262,0.36399782,0.3895774,0.24642481
2391373827,0.54448277,0.19420946,0.2613078
2391390362,0.33826962,0.28428802,0.3774424
2391408886,0.51462114,0.25930738,0.22607146
2391478038,0.32510725,0.39013794,0.28475478
2391703569,0.38462,0.32760516,0.28777483
2391738279,0.36899298,0.31984603,0.31116104
2392219678,0.20855294,0.46703786,0.32440922
2392363863,0.44507623,0.28885671,0.26606712
2392458879,0.6451021,0.14911036,0.20578757
2392462593,0.45824572,0.32445645,0.2172978
2392503956,0.1452843,0.15904166,0.69567406
2392570114,0.4213042,0.33604085,0.24265498
2392809497,0.3018769,0.32258826,0.37553483
2392817730,0.27647042,0.33685258,0.386677
2392944721,0.3438481,0.36509117,0.29106066
2393057283,0.44915003,0.24885812,0.30199185
2393095386,0.15604572,0.68050665,0.16344771
2393150957,0.33842164,0.36323968,0.29833862
2393174669,0.33160225,0.3756509,0.2927469
2393178412,0.31877324,0.40482333,0.27640337
2393235431,0.32101902,0.35409567,0.32488525
2393289143,0.18016465,0.6134575,0.20637782
2393337001,0.5885852,0.21542445,0.19599035
2393371224,0.46265936,0.2590466,0.27829406
2393393669,0.27332333,0.354687,0.37198967
2393529819,0.08956453,0.08827619,0.82215923
2393581485,0.30966493,0.2630339,0.42730126
2393662722,0.19402008,0.26463574,0.5413442
2393674641,0.11858035,0.1142527,0.767167
2393701605,0.6094987,0.18129733,0.20920402
2393831142,0.5873188,0.20841989,0.20426127
2394171440,0.2972117,0.25776848,0.44501978
2394275136,0.3200304,0.37118977,0.30877987
2394593653,0.48767507,0.23119596,0.2811289
2394805352,0.21478908,0.49986723,0.2853436
2394989452,0.243845,0.38663837,0.36951667
2395009002,0.52560455,0.24174887,0.23264658
2395065649,0.32943496,0.3355228,0.33504224
2395080503,0.45129684,0.22606993,0.32263327
2395105451,0.17369549,0.6437892,0.18251526
2395108707,0.5507909,0.16916667,0.2800424
2395286118,0.2860402,0.3911304,0.32282943
2395499026,0.25169215,0.45797023,0.29033756
2395527031,0.5755869,0.197037,0.22737607
2395559659,0.2981461,0.34671208,0.35514182
2395615873,0.31266165,0.3104283,0.37691006
2395680745,0.30950812,0.33419892,0.356293
2395683640,0.26695445,0.527606,0.2054396
2395706227,0.38430798,0.33928308,0.2764089
2395786543,0.2653905,0.45551682,0.27909273
2395790983,0.42430225,0.30215684,0.27354094
2395849495,0.3330635,0.30550057,0.36143598
2395889584,0.7366158,0.101711854,0.1616724
2395949197,0.4330069,0.3045236,0.26246956
2396068295,0.30329543,0.32461566,0.37208885
2396072745,0.3395152,0.3486688,0.31181592
2396230490,0.2531557,0.49150395,0.25534028
2396394771,0.37318853,0.27983353,0.346978
2396441388,0.40706328,0.26807535,0.32486132
2396725861,0.26816607,0.24697126,0.48486272
2396866359,0.21011207,0.21135326,0.57853466
2396951372,0.47577208,0.2949096,0.22931834
2397024354,0.50096315,0.24741688,0.25162
2397056197,0.27926114,0.23206165,0.48867717
2397111704,0.28412047,0.34276614,0.3731134
2397132847,0.25209224,0.2629771,0.48493078
2397189988,0.17465493,0.12652558,0.69881946
2397261381,0.5089651,0.23569645,0.25533846
2397442769,0.29607677,0.43361473,0.27030852
2397567716,0.14107217,0.68721306,0.17171474
2397682772,0.42982846,0.27955464,0.2906169
2397837688,0.42819518,0.31821746,0.25358742
2397981990,0.5141072,0.21100838,0.2748844
2398057208,0.24218054,0.33837473,0.4194447
2398095093,0.1633286,0.6431379,0.19353351
2398121704,0.124964006,0.72759736,0.14743872
2398123095,0.67106897,0.1254319,0.20349915
2398179995,0.36962217,0.36483425,0.26554352
2398257139,0.16646232,0.18016846,0.6533692
2398345269,0.21086448,0.21041991,0.5787156
2398514715,0.30814484,0.32645497,0.36540014
2398665316,0.37634403,0.3317817,0.29187432
2398948853,0.3698765,0.29999667,0.33012682
2398990135,0.1968989,0.18339013,0.6197109
2399042496,0.333765,0.22684497,0.4393901
2399092745,0.06780161,0.06638215,0.8658162
2399199971,0.4536856,0.2935803,0.25273412
2399275226,0.41356966,0.2580779,0.32835242
2399306333,0.43142453,0.33346072,0.23511475
2399523693,0.24879004,0.42093396,0.33027607
2399565843,0.28198949,0.41597366,0.30203682
2399696009,0.49441972,0.2622046,0.24337558
2399707205,0.4708864,0.26652628,0.26258728
2399794899,0.44961184,0.2624451,0.28794304
2399851772,0.376286,0.3281426,0.29557133
2400136940,0.40545845,0.31858772,0.2759538
2400137366,0.46157974,0.2565236,0.28189665
2400160829,0.33867902,0.3965809,0.2647401
2400241545,0.28807238,0.36036587,0.35156178
2400249065,0.54917467,0.2248186,0.22600669
2400306507,0.29704285,0.39568487,0.3072723
2400318346,0.27969846,0.46772832,0.25257322
2400425782,0.37478974,0.37079015,0.25442007
2400456246,0.6542676,0.17080292,0.17492941
2400460389,0.36096647,0.34545022,0.29358327
2400585341,0.087013885,0.8029151,0.11007106
2400598961,0.2606942,0.39252847,0.34677738
2400614322,0.15483652,0.45983434,0.3853291
2400828902,0.41732955,0.31107587,0.27159452
2400912628,0.20442699,0.4608796,0.33469337
2400938469,0.30136782,0.20482142,0.4938108
2401091015,0.34450194,0.33758745,0.3179106
2401140785,0.3499731,0.34137508,0.30865178
2401199328,0.23093183,0.24560606,0.5234622
2401388152,0.45824245,0.24148831,0.30026925
2401599286,0.35425344,0.32805946,0.31768706
2401849134,0.2977109,0.43011436,0.2721747
2401928641,0.19290178,0.55098134,0.25611687
2402016630,0.4899945,0.25817955,0.25182596
2402017625,0.3994315,0.2363286,0.3642399
2402112717,0.25941902,0.34054846,0.40003246
2402139432,0.33612153,0.35286695,0.3110115
2402143172,0.18848735,0.5774223,0.23409031
2402150878,0.27857947,0.3597496,0.361671
2402412891,0.5781291,0.20086582,0.22100514
2402555601,0.37683454,0.3723254,0.25084016
2402639202,0.07235789,0.07408981,0.8535522
2402745122,0.11046446,0.7664119,0.12312366
2402789028,0.39709857,0.35807893,0.24482247
2402931022,0.33693334,0.3566096,0.30645698
2403106077,0.22627908,0.49915218,0.27456877
2403157364,0.17890038,0.5830931,0.23800658
2403242824,0.74121606,0.11539979,0.14338411
2403336071,0.46986854,0.25308636,0.2770451
2403549103,0.29860678,0.35271832,0.3486749
2403653152,0.37971207,0.3647241,0.25556383
2403673402,0.70672226,0.13951749,0.15376025
2403721732,0.32794848,0.3336901,0.33836144
2403899025,0.22815675,0.19819944,0.57364374
2403924470,0.32604635,0.35729834,0.31665528
2403936578,0.43966797,0.30248857,0.2578434
2403963555,0.310228,0.29383874,0.3959333
2404091330,0.74316585,0.11078817,0.14604594
2404091941,0.36655387,0.38424733,0.24919875
2404153805,0.4366168,0.21028545,0.3530977
2404160501,0.20797212,0.5525378,0.23949014
2404181731,0.3498621,0.39104113,0.2590967
2404311961,0.22485445,0.46143258,0.31371298
2404318198,0.16746646,0.18154679,0.65098673
2404409629,0.43349776,0.3163778,0.25012445
2404595899,0.2487624,0.36315754,0.3880801
2404672314,0.31174576,0.3145144,0.3737398
2404680260,0.17759655,0.17417172,0.6482318
2404713487,0.14044592,0.13708808,0.72246605
2404714208,0.46046785,0.27573282,0.26379937
2404791247,0.23229668,0.5203241,0.24737912
2404871099,0.3227707,0.3697087,0.30752063
2404911115,0.33457828,0.3000309,0.3653908
2404996904,0.44803149,0.26948386,0.28248462
2405018339,0.15984796,0.60669816,0.23345396
2405133909,0.28720707,0.2652949,0.44749802
2405290303,0.15861207,0.6419534,0.19943449
2405296846,0.37077606,0.22779542,0.4014285
2405297448,0.24581048,0.49915218,0.2550373
2405303438,0.3179106,0.21179585,0.47029355
2405390964,0.28901345,0.36221087,0.34877577
2405491775,0.32623932,0.32743946,0.3463212
2405609222,0.09879746,0.090909936,0.81029266
2405783378,0.09367221,0.08496488,0.8213629
2405845211,0.26722175,0.34849954,0.38427868
2405848208,0.23100139,0.3621912,0.40680736
2405923122,0.29507855,0.30802915,0.3968923
2406095337,0.3660751,0.3482159,0.28570902
2406200183,0.1317327,0.11628214,0.75198513
2406218488,0.29905096,0.24971394,0.45123518
2406325595,0.27981627,0.3046535,0.41553023
2406417055,0.2956474,0.37445766,0.329895
2406497761,0.24794972,0.21611688,0.5359334
2406505814,0.5541385,0.21944483,0.2264167
2406582055,0.40007108,0.353151,0.24677789
2406735545,0.5488296,0.20421681,0.24695355
2406867205,0.22668663,0.38368782,0.38962552
2406904841,0.24971014,0.2051338,0.545156
2406953969,0.26325116,0.29788855,0.43886027
2407014114,0.09612919,0.097658895,0.8062119
2407062010,0.32968333,0.40830377,0.26201293
2407091700,0.09742659,0.09289591,0.8096774
2407141768,0.29422727,0.32687646,0.3788963
2407166331,0.1826139,0.16974044,0.64764565
2407194939,0.37838507,0.31405553,0.30755937
2407279252,0.4955075,0.25833076,0.24616176
2407324613,0.286932,0.45651534,0.25655267
2407449703,0.47726652,0.2930306,0.22970286
2407557748,0.21937063,0.32278466,0.4578447
2407648828,0.47530675,0.28388554,0.24080773
2407687922,0.67536986,0.14341676,0.18121342
2407744436,0.2749443,0.3223354,0.40272033
2407802914,0.43422928,0.21435307,0.35141766
2407884200,0.24074332,0.25455242,0.5047043
2407906294,0.43609953,0.22517842,0.33872202
2408063570,0.22952087,0.21256843,0.5579107
2408243499,0.48326486,0.27014053,0.24659464
2408268496,0.2535727,0.48857364,0.2578536
2408356785,0.32637402,0.3512822,0.3223438
2408360240,0.2849805,0.46531627,0.24970321
2408496114,0.5120162,0.21768865,0.27029514
2408546081,0.5391956,0.24551328,0.21529108
2408624818,0.52079225,0.24454634,0.23466142
2408730410,0.4142345,0.2167521,0.36901343
2408731329,0.24437381,0.4532243,0.30240187
2408855424,0.15138285,0.6870138,0.16160336
2408865566,0.43007025,0.3113792,0.25855055
2409116745,0.30575737,0.32437006,0.36987257
2409120252,0.40937525,0.31035256,0.28027222
2409177022,0.23093837,0.2087423,0.56031936
2409368307,0.43937185,0.3058628,0.2547653
2409415121,0.24983436,0.3072172,0.4429484
2409416523,0.35273162,0.37221375,0.2750546
2409419165,0.35484824,0.26638582,0.37876594
2409447887,0.29166418,0.47581565,0.2325202
2409463282,0.10096219,0.7652143,0.13382344
2409526607,0.18350409,0.18477891,0.631717
2409600365,0.39206,0.29325047,0.31468946
2409640027,0.15638958,0.65207535,0.19153498
2409665161,0.4427756,0.30365744,0.25356695
2409816619,0.36097255,0.28550145,0.35352594
2409960457,0.67171055,0.15892103,0.16936839
2410111536,0.2753038,0.40615302,0.31854314
2410198424,0.36536723,0.34349275,0.29114008
2410204942,0.1448846,0.12662771,0.7284878
2410336857,0.15260689,0.13526486,0.7121282
2410384314,0.49257597,0.16202709,0.3453969
2410661221,0.3354343,0.35896942,0.30559626
2410686776,0.39969307,0.32278454,0.27752241
2410716837,0.290566,0.25145906,0.45797494
2410841381,0.3310323,0.2903382,0.37862954
2410848509,0.31288594,0.42866933,0.25844467
2411012161,0.16303943,0.14185385,0.6951067
2411070830,0.28387162,0.30342102,0.41270733
2411319262,0.20776519,0.4781898,0.31404507
2411330142,0.41754675,0.3159988,0.26645446
2411363493,0.13975477,0.7096057,0.15063953
2411451508,0.10688768,0.11146497,0.7816473
2411470560,0.3496275,0.34543648,0.30493605
2411556627,0.20733114,0.20223533,0.5904335
2411825432,0.3660164,0.3100475,0.32393616
2411832353,0.34129056,0.33318108,0.3255284
2411889039,0.57038426,0.20817386,0.2214419
2411893185,0.3925378,0.3343448,0.27311745
2411988302,0.45554787,0.28560334,0.2588488
2411998479,0.21883355,0.28095788,0.5002086
2412001218,0.20996322,0.5455662,0.24447061
2412103881,0.16858986,0.6323858,0.19902429
2412168388,0.37082,0.35819632,0.27098373
2412233748,0.7089276,0.13328189,0.15779057
2412376208,0.3564206,0.3209414,0.32263798
2412378218,0.46056524,0.2962513,0.24318342
2412438988,0.21538207,0.5424515,0.2421664
2412489806,0.40350902,0.28607684,0.3104141
2412589338,0.5264563,0.1193806,0.35416302
2412613469,0.19150722,0.6028201,0.20567265
2412638402,0.6092889,0.17370671,0.2170044
2412642150,0.4400855,0.26771426,0.29220027
2412787258,0.4253889,0.34012052,0.23449056
2412917395,0.31931165,0.45399833,0.22669005
2412959373,0.31739825,0.3195439,0.36305782
2412991915,0.32459638,0.3686582,0.3067455
2413046500,0.20492351,0.4468811,0.34819537
2413079563,0.29820254,0.4346507,0.2671468
2413198731,0.30484435,0.3612117,0.33394402
2413220559,0.18153377,0.3135393,0.5049269
2413281285,0.44080523,0.27479917,0.2843957
2413434807,0.2604993,0.17453124,0.56496954
2413523513,0.3496333,0.39277577,0.2575909
2413593685,0.39950758,0.36018753,0.24030484
2413595222,0.13120908,0.690659,0.17813192
2413676241,0.269825,0.27438223,0.45579273
2413681479,0.1479591,0.6916927,0.16034819
2413712644,0.24082844,0.5014537,0.25771788
2413715464,0.18089212,0.6274113,0.19169661
2413926288,0.2749355,0.3892162,0.33584827
2413956735,0.6418365,0.17174459,0.18641888
2413974180,0.4278972,0.30301318,0.26908964
2414008451,0.34068188,0.37174585,0.28757226
2414012742,0.35597757,0.33436006,0.30966237
2414053661,0.67169416,0.1264752,0.20183057
2414092832,0.28187552,0.37027714,0.34784734
2414155925,0.50278085,0.2674868,0.22973235
2414200960,0.4501646,0.28153035,0.26830506
2414273651,0.5715821,0.19350637,0.23491153
2414308491,0.14114262,0.70276463,0.15609276
2414391414,0.19137953,0.43045938,0.37816113
2414392673,0.40084624,0.34918752,0.24996616
2414659625,0.4138788,0.26835746,0.31776375
2414698701,0.59148604,0.18328907,0.2252249
2414772179,0.36806864,0.30893844,0.32299292
2414827503,0.2956553,0.43179503,0.27254972
2414828967,0.20674816,0.5355374,0.25771436
2414954859,0.36149004,0.35058996,0.28792003
2415045793,0.347886,0.2921343,0.35997972
2415060912,0.41443884,0.2999775,0.28558356
2415117415,0.4002632,0.18126121,0.41847557
2415195857,0.28225666,0.34875983,0.36898354
2415203448,0.35016075,0.30496886,0.3448704
2415383228,0.28058556,0.36606318,0.35335127
2415403062,0.3419881,0.2853743,0.3726375
2415404155,0.28702572,0.40311033,0.309864
2415446156,0.26852474,0.40897787,0.32249743
2415636132,0.3113953,0.38082725,0.30777746
2415721671,0.40787613,0.35408065,0.23804322
2415726136,0.25589466,0.36499962,0.37910572
2415848198,0.39397678,0.33998904,0.26603416
2415874104,0.358913,0.30451667,0.33657032
2415882440,0.22957304,0.43172595,0.33870107
2416001324,0.32245415,0.3775169,0.30002895
2416044617,0.25308993,0.3653672,0.38154286
2416147240,0.2791814,0.50206417,0.21875434
2416185976,0.57602775,0.19835716,0.22561516
2416298998,0.27372563,0.41908655,0.30718786
2416363478,0.25974488,0.34944138,0.39081377
2416425436,0.17479457,0.1600363,0.6651692
2416515614,0.23661986,0.48206833,0.28131175
2416520238,0.29745665,0.31913695,0.38340646
2416525355,0.6246244,0.1602323,0.2151433
2416589562,0.42828074,0.33679044,0.23492883
2416775306,0.28656623,0.28894252,0.42449123
2416776841,0.13092323,0.12297616,0.7461006
2416801949,0.1613774,0.15229774,0.68632483
2416855870,0.48767036,0.23782381,0.2745058
2416871302,0.10419379,0.102117926,0.79368836
2417173181,0.28207895,0.2277384,0.49018264
2417314098,0.19177777,0.17479567,0.63342655
2417597174,0.32852635,0.36355805,0.3079155
2417650863,0.24132293,0.25580627,0.50287074
2417707376,0.65422505,0.15373819,0.1920368
2417717608,0.60226154,0.1944038,0.20333473
2417785064,0.09709874,0.0900396,0.8128617
2417871799,0.34648922,0.30028427,0.3532265
2417916457,0.26833075,0.204945,0.5267243
2417918030,0.32553995,0.26275283,0.4117072
2418008970,0.78525215,0.09016179,0.12458603
2418059476,0.22776099,0.23382683,0.53841215
2418070482,0.22513384,0.2918828,0.48298338
2418097243,0.30887085,0.4057501,0.28537902
2418136432,0.30976495,0.28688252,0.40335253
2418544984,0.33909872,0.3217873,0.33911398
2418634566,0.42737213,0.32956314,0.24306475
2418664983,0.55451035,0.24395837,0.20153132
2418670405,0.24482885,0.51582855,0.23934259
2418674082,0.64855987,0.16799305,0.1834471
2418792298,0.23018177,0.46128088,0.30853733
2418834707,0.23195043,0.4510917,0.31695783
2418861878,0.29112473,0.36834228,0.34053308
2419027688,0.18800806,0.21544331,0.5965486
2419159371,0.104817234,0.1135952,0.7815876
2419195021,0.15348908,0.68275166,0.1637592
2419250808,0.49931133,0.26279044,0.23789829
2419278518,0.36149102,0.3154809,0.32302812
2419303685,0.47475782,0.28402975,0.24121238
2419304517,0.25800383,0.28089803,0.46109813
2419490608,0.33970124,0.3951105,0.2651883
2419491210,0.581897,0.1994741,0.21862884
2419574676,0.46977845,0.23353012,0.29669148
2419577276,0.48711842,0.25250745,0.2603741
2419620471,0.45468548,0.309053,0.23626147
2419630349,0.18362853,0.17959414,0.63677734
2419646246,0.45500407,0.304834,0.24016187
2419659721,0.33725664,0.37787792,0.28486544
2419716314,0.31505546,0.23572199,0.44922256
2419772457,0.42692763,0.29800048,0.27507192
2419804091,0.51985425,0.27601656,0.20412925
2419889878,0.39365423,0.3059956,0.3003501
2419934561,0.22590236,0.37849423,0.39560336
2419947927,0.7065136,0.14028262,0.15320383
2419955197,0.5329825,0.20367305,0.2633444
2419955818,0.27785632,0.38879952,0.33334413
2420178834,0.31259647,0.3903985,0.29700506
2420433100,0.41066343,0.32100806,0.26832852
2420772777,0.3594705,0.33219287,0.30833668
2420799219,0.25187188,0.27368152,0.47444665
2420884713,0.23857555,0.22695255,0.534472
2420967852,0.4199631,0.31853238,0.2615045
2420968722,0.16524217,0.6421862,0.19257157
2421240663,0.4380401,0.29239675,0.2695631
2421374811,0.6142401,0.17926446,0.2064955
2421396681,0.29370162,0.44301355,0.2632848
2421401534,0.08307208,0.81582236,0.10110553
2421442336,0.17472203,0.48621532,0.33906266
2421586052,0.32851076,0.25833178,0.41315743
2421648137,0.27587956,0.40245277,0.3216677
2421687752,0.19413772,0.18616877,0.6196935
2421754705,0.08796185,0.81191695,0.10012118
2422033168,0.3100067,0.28596365,0.4040296
2422103073,0.258293,0.26866937,0.47303757
2422240531,0.5736439,0.20825341,0.21810268
2422268614,0.15593812,0.13735583,0.70670605
2422343118,0.4719822,0.23944706,0.28857067
2422473474,0.3600835,0.37221935,0.2676971
2422743058,0.314276,0.23838802,0.44733602
2422792364,0.38174015,0.33182287,0.28643695
2422948395,0.09584331,0.086662844,0.8174938
2422989664,0.4789652,0.27955344,0.24148127
2423091341,0.33067927,0.42994028,0.23938037
2423133596,0.5181072,0.23282623,0.24906659
2423200051,0.54026026,0.17665072,0.28308907
2423202156,0.33022785,0.33099946,0.33877262
2423486779,0.34145972,0.31988645,0.33865386
2423523596,0.11806246,0.7367066,0.14523093
2423527015,0.12898152,0.7153844,0.155634
2423586354,0.20949505,0.5432573,0.24724765
2423586615,0.51347715,0.25771287,0.22881003
2423703055,0.6532196,0.159236,0.18754433
2423725090,0.6829978,0.15094443,0.16605777
2423822246,0.39818662,0.25734276,0.34447062
2423936505,0.37347296,0.36846697,0.25806007
2423995003,0.63085705,0.13061579,0.23852712
2424213777,0.38827512,0.3150626,0.29666224
2424279451,0.303577,0.201858,0.49456495
2424333690,0.7294238,0.10971497,0.16086128
2424340326,0.05073962,0.8784929,0.07076754
2424409320,0.26930726,0.33637732,0.3943154
2424417069,0.65975916,0.13107866,0.20916225
2424617588,0.19591941,0.57507414,0.22900645
2424666996,0.23049349,0.48798048,0.28152603
2424797597,0.28695887,0.33333236,0.37970877
2425010235,0.33278263,0.33318105,0.33403632
2425027815,0.21152239,0.39264455,0.39583313
2425146743,0.32116088,0.33864564,0.34019348
2425249061,0.3082123,0.3198409,0.37194678
2425254861,0.25097516,0.5301778,0.21884708
2425259744,0.3070832,0.3075057,0.38541117
2425323743,0.11016886,0.09440678,0.79542434
2425421223,0.56337184,0.22150023,0.21512793
2425509651,0.4054171,0.32125154,0.2733313
2425552618,0.23115258,0.48385558,0.28499195
2425599311,0.5857391,0.20307507,0.21118589
2425617159,0.174501,0.6225202,0.20297873
2425633147,0.2539285,0.38170776,0.36436382
2425766485,0.5306977,0.25890467,0.21039766
2425787535,0.3790347,0.373663,0.24730226
2425802151,0.20505702,0.196038,0.5989051
2425886594,0.09728761,0.08697069,0.8157418
2425902147,0.530695,0.23291968,0.23638527
2425982214,0.42792872,0.3213336,0.2507376
2426008237,0.17993896,0.608854,0.211207
2426027065,0.27859548,0.25415984,0.4672447
2426107405,0.13194491,0.6926837,0.17537136
2426325419,0.17395265,0.5671563,0.25889108
2426326846,0.21965878,0.53483504,0.24550629
2426496514,0.28793743,0.34671777,0.36534476
2426531397,0.27674106,0.3815387,0.34172028
2426617324,0.39158806,0.33047637,0.2779356
2426656809,0.76919955,0.10140845,0.12939201
2426740784,0.32012093,0.3167218,0.3631572
2426807496,0.31942868,0.41990858,0.26066267
2426841262,0.3869213,0.34065083,0.27242786
2426990576,0.101995945,0.76810867,0.12989539
2427142557,0.39356023,0.29995188,0.30648786
2427170505,0.5037277,0.25668108,0.23959118
2427267681,0.33142158,0.4036705,0.26490793
2427304409,0.37576795,0.35375074,0.27048135
2427411471,0.41849628,0.29700235,0.2845014
2427440150,0.13675702,0.70440835,0.15883464
2427470638,0.40624946,0.30539596,0.28835452
2427510819,0.46922258,0.26176873,0.26900873
2427542861,0.42457154,0.35908574,0.2163427
2427556229,0.28569403,0.3599559,0.35435015
2427612021,0.3882529,0.32845536,0.28329173
2427635601,0.7056508,0.1517719,0.14257735
2427879676,0.34525198,0.35519645,0.29955155
2427936012,0.4140622,0.34694844,0.23898932
2428068655,0.30797097,0.32478154,0.36724752
2428305916,0.41988808,0.28560397,0.29450795
2428337168,0.2695119,0.3095932,0.42089495
2428554762,0.43518373,0.3016471,0.26316917
2428573111,0.3411842,0.39177054,0.26704526
2428596995,0.26301515,0.45355105,0.28343385
2428646832,0.24357675,0.26928702,0.48713624
2428774139,0.4178733,0.29529306,0.28683367
2428936863,0.544232,0.20466138,0.25110665
2428938699,0.3343357,0.37050048,0.29516372
2429031270,0.41974276,0.29103065,0.28922656
2429101649,0.4060845,0.29028285,0.30363268
2429125415,0.7622197,0.102213144,0.13556708
2429127971,0.5402815,0.22614536,0.23357312
2429144152,0.7720222,0.09571463,0.13226323
2429225557,0.2905069,0.30109602,0.4083971
2429335341,0.5041601,0.21244882,0.28339103
2429508308,0.23360783,0.26217148,0.50422066
2429617115,0.2627229,0.28234068,0.45493647
2429782571,0.59797585,0.19146927,0.21055487
2429817256,0.29751801,0.40648356,0.29599845
2429882068,0.28261456,0.35990822,0.35747722
2429897802,0.16420685,0.62908274,0.20671043
2429998915,0.28165397,0.27911687,0.43922913
2430027208,0.6270134,0.19545834,0.17752829
2430186291,0.5570484,0.24121405,0.20173755
2430198866,0.38174015,0.37996757,0.23829223
2430321080,0.38894194,0.32827753,0.28278053
2430379475,0.50353384,0.2350282,0.26143795
2430403973,0.27741444,0.37742668,0.34515885
2430432077,0.20311038,0.5556396,0.24125005
2430448856,0.20969874,0.589291,0.20101032
2430567866,0.29729518,0.4560097,0.24669524
2430585647,0.53537107,0.24850817,0.21612073
2430626258,0.18240038,0.5564448,0.2611548
2430759588,0.37038845,0.3259442,0.30366734
2430806486,0.4221482,0.2654349,0.3124169
2430807942,0.2397306,0.27573365,0.48453578
2430912645,0.24999984,0.41182947,0.3381707
2430944087,0.53553927,0.23388223,0.23057853
2431006922,0.5133499,0.27863216,0.20801799
2431014411,0.64202434,0.16744894,0.1905267
2431100456,0.55490273,0.22280233,0.22229499
2431252404,0.45752773,0.2610368,0.2814354
2431289604,0.38984042,0.35392728,0.25623235
2431341625,0.23978701,0.2358237,0.52438927
2431513002,0.49795538,0.2664679,0.23557672
2431616167,0.2219278,0.18077898,0.5972932
2431639176,0.35773167,0.32929456,0.31297377
2431782043,0.25336936,0.31205317,0.43457747
2431901787,0.32459584,0.34956792,0.3258362
2432061613,0.28366277,0.4029983,0.31333894
2432098968,0.41843796,0.32104725,0.2605148
2432112541,0.24135387,0.4420886,0.31655753
2432187439,0.4061282,0.27660844,0.31726336
2432194756,0.24504869,0.21904033,0.53591096
2432229497,0.22603951,0.5657186,0.20824188
2432245928,0.23998092,0.20011024,0.55990887
2432360886,0.38777927,0.3182494,0.29397133
2432385329,0.27245778,0.40250644,0.32503584
2432417225,0.29882032,0.38717166,0.3140081
2432474381,0.34347966,0.30944255,0.34707776
2432555648,0.1904751,0.51312065,0.29640427
2432599922,0.2783959,0.47194335,0.2496608
2432681894,0.2786885,0.30031633,0.42099515
2432748148,0.50727993,0.19275664,0.29996338
2432775037,0.3449888,0.30871195,0.34629923
2432806786,0.112851135,0.7587931,0.12835577
2432910988,0.6615092,0.15555605,0.18293475
2432913498,0.34926906,0.3904408,0.2602901
2433003850,0.3545941,0.339427,0.3059789
2433079506,0.4989837,0.26535222,0.23566404
2433131944,0.23588847,0.1936478,0.5704637
2433231434,0.27844617,0.27973956,0.44181424
2433242856,0.7061578,0.13549481,0.15834735
2433244908,0.5688898,0.23129256,0.19981767
2433256091,0.30403748,0.3489432,0.34701928
2433294329,0.19157349,0.56330574,0.24512075
2433361590,0.18459111,0.57615286,0.239256
2433383882,0.102149926,0.7985994,0.09925072
2433485976,0.33214003,0.33075938,0.3371006
2433718449,0.5358602,0.2590965,0.20504335
2433894510,0.33125547,0.43289876,0.23584585
2433904084,0.30064678,0.353861,0.34549218
2434017401,0.42576775,0.2724657,0.30176657
2434103443,0.2781555,0.3963411,0.32550338
2434211673,0.22688304,0.30639923,0.46671772
2434260010,0.46397734,0.31982085,0.21620184
2434370386,0.36153492,0.29829285,0.34017223
2434722483,0.39318687,0.2931225,0.3136906
2434791072,0.16288137,0.15640715,0.6807115
2434838878,0.35551375,0.3294386,0.3150476
2434961033,0.4300516,0.28945047,0.2804979
2435006213,0.22457936,0.42820847,0.34721223
2435128797,0.37264735,0.33431324,0.29303932
2435248393,0.3634031,0.33907822,0.29751864
2435474799,0.46382883,0.2912635,0.24490762
2435478736,0.32912457,0.34885082,0.3220246
2435513437,0.17750782,0.121854074,0.70063806
2435677683,0.35030013,0.33137003,0.31832984
2435732786,0.3163099,0.2924207,0.39126933
2435734869,0.4602432,0.26660782,0.273149
2435974741,0.24105841,0.47420678,0.28473485
2436065468,0.3765106,0.36084324,0.26264608
2436221927,0.22063231,0.19429833,0.58506936
2436278966,0.28104386,0.3397335,0.37922263
2436515837,0.2669332,0.35265654,0.3804102
2436567254,0.33558384,0.40520072,0.25921547
2436834646,0.47432247,0.30631,0.21936758
2436993971,0.228097,0.51651764,0.25538534
2437107328,0.45636562,0.32204264,0.22159171
2437144881,0.41421935,0.2747784,0.31100228
2437349405,0.24209273,0.3046871,0.4532202
2437410490,0.3666517,0.31350088,0.31984738
2437467689,0.34522158,0.3875253,0.26725313
2437677402,0.4369021,0.3404655,0.22263236
2437703317,0.18636179,0.181677,0.6319612
2437784793,0.23893481,0.41475224,0.3463129
2437998750,0.536555,0.23324186,0.23020314
2438044041,0.26141182,0.26156303,0.47702512
2438059399,0.31537586,0.25569278,0.42893127
2438089886,0.21460538,0.17363389,0.61176074
2438122295,0.24813451,0.37533754,0.37652794
2438142445,0.23457803,0.19843486,0.5669871
2438160131,0.33038193,0.3853235,0.28429464
2438215214,0.4924129,0.24168198,0.26590517
2438299377,0.12679371,0.10896706,0.7642392
2438492230,0.28131405,0.37772888,0.34095713
2438623609,0.6358067,0.17515577,0.1890375
2438945466,0.21551654,0.431544,0.35293946
2439005307,0.29595226,0.33161026,0.3724375
2439244829,0.13389508,0.10259222,0.7635126
2439351765,0.35098886,0.29091755,0.35809362
2439480372,0.43237638,0.30987298,0.25775057
2439519377,0.12641549,0.74261296,0.13097158
2439547216,0.34511977,0.3405881,0.31429216
2439555012,0.5039792,0.26648372,0.22953705
2439584473,0.2492421,0.45874333,0.29201454
2439615259,0.2736728,0.46100178,0.26532543
2439673505,0.29623526,0.36405697,0.33970788
2439760408,0.3601623,0.244337,0.39550066
2439774611,0.25098234,0.46740812,0.28160954
2439863815,0.43517756,0.21003011,0.3547924
2439903436,0.27497846,0.33342996,0.39159164
2440060953,0.3884591,0.37878883,0.23275211
2440211826,0.24666603,0.43195885,0.32137513
2440266349,0.42555818,0.2985983,0.27584353
2440276846,0.38838384,0.30967432,0.30194184
2440285544,0.21111181,0.5359477,0.25294057
2440321478,0.35362056,0.3398907,0.30648884
2440345411,0.7953577,0.0839321,0.120710224
2440351913,0.731073,0.1004064,0.1685206
2440384486,0.32804933,0.3502065,0.3217442
2440448425,0.1286932,0.69911647,0.1721904
2440569942,0.4171165,0.26942608,0.31345743
2440741170,0.5856453,0.20622252,0.20813209
2440744372,0.34185532,0.37821442,0.2799303
2440841432,0.24233863,0.26824296,0.48941848
2440995161,0.41316777,0.30634713,0.28048512
2441094493,0.545262,0.24117538,0.21356265
2441142814,0.60001045,0.18681005,0.21317957
2441413613,0.57188106,0.19045076,0.23766825
2441519176,0.080303475,0.8127343,0.10696223
2441659645,0.3380033,0.3723532,0.28964353
2441947142,0.24703836,0.4228871,0.33007455
2441968149,0.10150841,0.737596,0.16089562
2442021212,0.37309322,0.38558853,0.2413182
2442030656,0.14321434,0.15618236,0.70060325
2442047779,0.10917681,0.75420356,0.13661967
2442163720,0.306677,0.4126115,0.28071156
2442168902,0.09073798,0.09504756,0.81421447
2442282746,0.48549506,0.28650752,0.22799742
2442283683,0.41460204,0.33842853,0.24696943
2442306753,0.2772705,0.30338922,0.41934025
2442413814,0.5188681,0.211899,0.26923296
2442489337,0.11330401,0.095770165,0.79092586
2442649809,0.7383813,0.121245876,0.14037277
2442748273,0.40371603,0.31940615,0.27687782
2442832059,0.3672278,0.34712133,0.28565088
2443031308,0.1911472,0.61302406,0.19582875
2443067680,0.26535317,0.25152782,0.483119
2443182288,0.26068518,0.2311136,0.50820136
2443198909,0.3464258,0.351392,0.30218217
2443219581,0.31759918,0.25195208,0.4304487
2443295519,0.24341829,0.2822313,0.4743504
2443365712,0.32202432,0.31255633,0.3654193
2443366857,0.15150015,0.6597739,0.1887259
2443521764,0.39922392,0.37409025,0.22668588
2443673274,0.6391367,0.16709667,0.19376664
2443704511,0.49637228,0.21950997,0.28411773
2443714635,0.36986342,0.3372698,0.2928668
2443766523,0.37800023,0.28944626,0.33255354
2443860507,0.64368385,0.15723844,0.19907768
2443894903,0.28392124,0.4072498,0.30882892
2443922947,0.30502188,0.40083244,0.29414564
2443965499,0.46036717,0.30646557,0.23316728
2444014406,0.33132878,0.23498793,0.43368328
2444067125,0.38857988,0.30710968,0.30431038
2444071106,0.25650215,0.287841,0.45565686
2444074088,0.15078731,0.63858956,0.2106232
2444074745,0.18508735,0.4793258,0.3355869
2444220411,0.12962864,0.71117055,0.15920079
2444227908,0.54299164,0.2133746,0.2436337
2444277790,0.27112114,0.3113789,0.41749993
2444364009,0.4260064,0.2557499,0.31824362
2444458276,0.3576918,0.26807857,0.37422964
2444497987,0.26130512,0.3483989,0.39029604
2444629084,0.25361437,0.2247451,0.5216406
2444651550,0.53486943,0.19052431,0.2746063
2444668937,0.3440523,0.3673847,0.28856298
2444682958,0.39275098,0.32936332,0.27788568
2444694729,0.262722,0.41194886,0.3253291
2444775757,0.25490808,0.3763329,0.36875895
2444812441,0.4676965,0.26522642,0.26707703
2444821766,0.084990375,0.8081979,0.10681175
2444924571,0.24796261,0.2875957,0.46444166
2445072906,0.43940154,0.25547257,0.30512577
2445242290,0.39131096,0.32340142,0.28528765
2445246798,0.20047891,0.157031,0.6424901
2445416170,0.53341234,0.25589982,0.21068788
2445419698,0.3855041,0.36762214,0.24687378
2445425357,0.47388226,0.25165352,0.2744642
2445483985,0.32336882,0.3193258,0.35730535
2445519250,0.44798616,0.29960066,0.25241312
2445692034,0.59212226,0.23193988,0.17593786
2445969931,0.40731427,0.30413964,0.28854614
2446075590,0.4249394,0.31194344,0.26311722
2446144743,0.2027823,0.6045352,0.1926825
2446190557,0.37283036,0.30281162,0.32435805
2446339555,0.3160437,0.33640477,0.3475515
2446484506,0.39491427,0.24716483,0.35792086
2446509163,0.3375855,0.36020863,0.3022058
2446610938,0.5738096,0.2073484,0.21884196
2446613126,0.3940525,0.31524324,0.29070425
2446748126,0.093597956,0.7874486,0.11895341
2446981203,0.20106773,0.43710378,0.3618285
2446993572,0.53246725,0.22827627,0.23925656
2447058530,0.62712705,0.19541527,0.17745763
2447158251,0.48543736,0.27748322,0.23707935
2447204930,0.1726048,0.6400815,0.18731359
2447209675,0.20401958,0.38381195,0.41216844
2447300783,0.4012727,0.32788336,0.27084395
2447432973,0.3772256,0.24591248,0.37686187
2447456729,0.23180957,0.4868207,0.28136972
2447568370,0.37528074,0.34873024,0.27598906
2447683950,0.32230082,0.29900935,0.37868977
2447744300,0.55726546,0.24019389,0.2025406
2447781898,0.27432072,0.48363826,0.242041
2447851707,0.17321077,0.16607857,0.6607107
2447995878,0.30155075,0.4176882,0.2807611
2448003979,0.26578873,0.4423879,0.29182342
2448129635,0.26074454,0.47251245,0.26674306
2448239722,0.27443016,0.31472987,0.41083997
2448300711,0.34248576,0.3169803,0.34053388
2448357631,0.13780142,0.68272203,0.17947647
2448375763,0.1413571,0.21596488,0.6426781
2448409697,0.30792025,0.34396496,0.3481148
2448420659,0.16653617,0.18009399,0.65336984
2448513081,0.09014653,0.0787985,0.83105505
2448555745,0.16027912,0.63177645,0.2079444
2448690964,0.2682829,0.35546562,0.3762515
2448932652,0.59790176,0.20648266,0.1956156
2448933783,0.5558101,0.19449516,0.24969475
2448947158,0.32934123,0.41228396,0.25837484
2448980882,0.16429597,0.6084976,0.22720647
2449021397,0.40367153,0.23582529,0.3605032
2449032772,0.40364695,0.3330699,0.2632832
2449037260,0.34962758,0.36841625,0.28195617
2449062101,0.11319746,0.1226971,0.76410544
2449146713,0.31287366,0.23441151,0.4527148
2449364552,0.2848177,0.4368246,0.27835786
2449433053,0.29487944,0.30883062,0.39629
2449467011,0.4091228,0.30514082,0.2857364
2449480259,0.37046477,0.3798318,0.24970342
2449509142,0.31983036,0.30494764,0.37522197
2449545227,0.5187305,0.25389767,0.22737181
2449678658,0.34960628,0.3402683,0.31012544
2449716539,0.33460617,0.36826783,0.29712605
2449732011,0.53912765,0.2095646,0.25130785
2449743491,0.42373508,0.29764628,0.27861863
2449744386,0.2857369,0.4402747,0.2739885
2449778810,0.18323438,0.60550755,0.21125813
2449869006,0.5181063,0.20386446,0.27802923
2449871281,0.17042398,0.18406722,0.64550877
2450030848,0.25654334,0.46819267,0.27526397
2450057705,0.30472928,0.14721403,0.54805666
2450093855,0.46990916,0.1744485,0.35564238
2450206764,0.43523097,0.26838192,0.29638708
2450299732,0.18796615,0.20083693,0.61119694
2450358077,0.25015885,0.19665161,0.5531895
2450365051,0.3315224,0.338504,0.32997358
2450448242,0.13395406,0.14038987,0.725656
2450458803,0.37454444,0.371582,0.25387362
2450566040,0.2800575,0.41133887,0.3086036
2450579334,0.34785193,0.2819209,0.37022713
2450708683,0.7730057,0.091158025,0.13583623
2450709382,0.6070782,0.1814522,0.21146959
2450773012,0.22001003,0.5754827,0.20450729
2451008480,0.2703749,0.39390677,0.33571833
2451083516,0.058089342,0.86235577,0.07955487
2451189102,0.1592682,0.63765436,0.20307739
2451194155,0.1708054,0.15370218,0.6754924
2451263982,0.24631564,0.2584117,0.49527258
2451355586,0.5306479,0.22009005,0.24926214
2451457374,0.43292865,0.26316756,0.30390376
2451502215,0.37657726,0.30279267,0.32063
2451531444,0.39847046,0.27523288,0.32629672
2451577535,0.417556,0.31092808,0.271516
2451757383,0.27221662,0.29672784,0.43105555
2451982632,0.30727714,0.27048108,0.42224187
2451997920,0.49107534,0.17435284,0.3345718
2452045733,0.25520957,0.3006246,0.44416583
2452072426,0.27561882,0.36848867,0.35589245
2452113143,0.23596133,0.47972974,0.28430897
2452238584,0.220424,0.5371568,0.24241917
2452398043,0.35195822,0.33812797,0.30991378
2452398498,0.18737051,0.58321476,0.22941466
2452535746,0.3475915,0.3620678,0.29034078
2452557676,0.17425753,0.61055505,0.21518745
2452773535,0.115506425,0.1211218,0.7633718
2452812319,0.60577935,0.1693978,0.22482283
2452962785,0.32276475,0.273651,0.40358418
2453092306,0.10293158,0.78393793,0.113130465
2453129928,0.27874312,0.41517922,0.30607772
2453146369,0.17423452,0.63178456,0.19398086
2453159466,0.26858813,0.35561618,0.37579572
2453202310,0.28679177,0.41092467,0.30228359
2453253747,0.3556079,0.2915494,0.3528427
2453255936,0.39479098,0.38461584,0.22059314
2453409544,0.22925614,0.5044539,0.26628998
2453418895,0.49206626,0.27835813,0.22957556
2453463922,0.336296,0.40464574,0.2590583
2453471601,0.09238053,0.08951952,0.81809986
2453515130,0.4388128,0.33127198,0.22991517
2453523464,0.31765193,0.40652925,0.27581885
2453573281,0.26610845,0.41159803,0.32229352
2453609108,0.33934212,0.3343116,0.32634628
2453679532,0.34123832,0.35824484,0.30051687
2453683982,0.47873044,0.26022524,0.26104435
2453824972,0.12814663,0.12783527,0.7440181
2453934919,0.3382965,0.19365843,0.46804512
2453986120,0.5139371,0.22327037,0.26279253
2454004933,0.4772913,0.27853212,0.24417666
2454009889,0.26885623,0.38213217,0.3490116
2454023635,0.154302,0.6827566,0.16294137
2454030277,0.29132497,0.28866136,0.42001373
2454034820,0.32819447,0.339755,0.33205053
2454062971,0.13208187,0.7083369,0.15958121
2454198075,0.23111315,0.48081234,0.28807455
2454268473,0.4372144,0.2705158,0.2922698
2454387397,0.46935862,0.25785804,0.2727833
2454401327,0.18641946,0.17401178,0.6395688
2454482645,0.2285018,0.5572693,0.21422891
2454511476,0.21849568,0.45823246,0.32327184
2454545953,0.26006365,0.33436754,0.40556887
2454550165,0.16505356,0.16125886,0.67368764
2454573086,0.59808797,0.192955,0.20895696
2454781969,0.06736802,0.8295546,0.10307739
2454831777,0.17567986,0.65169865,0.17262152
2454883981,0.14280118,0.16020158,0.6969972
2454942398,0.3068465,0.41924688,0.2739066
2455024904,0.51979697,0.2547783,0.22542478
2455118405,0.31146112,0.27394384,0.41459498
2455269361,0.35573334,0.31298268,0.33128405
2455372609,0.55971175,0.21332121,0.22696711
2455449730,0.10537362,0.11479136,0.7798349
2455468028,0.30924174,0.26111895,0.42963928
2455543957,0.69319946,0.09433628,0.21246426
2455629304,0.62185216,0.14922884,0.22891892
2455727232,0.37194523,0.33618134,0.29187346
2455731510,0.3346083,0.35406548,0.31132624
2455858377,0.36545178,0.23691577,0.3976324
2455883286,0.33270082,0.28652847,0.3807707
2455907878,0.40635353,0.36400995,0.22963646
2455958522,0.39518175,0.21481746,0.3900008
2456018347,0.23126467,0.40598923,0.36274603
2456019755,0.44372073,0.29744568,0.25883353
2456194960,0.48858446,0.2426688,0.26874685
2456232221,0.21302205,0.5747649,0.21221296
2456304485,0.15413211,0.660649,0.18521886
2456307823,0.72277504,0.1300842,0.14714079
2456354110,0.40618703,0.2736171,0.32019588
2456392589,0.26559466,0.35948178,0.37492353
2456438958,0.31453916,0.25726357,0.42819723
2456482810,0.7980626,0.08150788,0.12042944
2456550872,0.29214108,0.3793031,0.32855582
2456768208,0.3436405,0.32783782,0.32852164
2456818517,0.5136858,0.17762229,0.30869186
2456832452,0.38103187,0.33355647,0.28541166
2456855128,0.32611445,0.18712845,0.48675707
2456882311,0.36501008,0.2723968,0.36259308
2456920510,0.31850064,0.40010053,0.28139877
2457104768,0.37218636,0.28334415,0.3444695
2457183502,0.31107494,0.3370874,0.35183764
2457335168,0.17594069,0.60144526,0.2226141
2457335898,0.3726878,0.3627169,0.26459533
2457398424,0.2860851,0.37962234,0.33429265
2457452543,0.35753068,0.38266557,0.25980383
2457493381,0.16539368,0.17011243,0.66449386
2457507243,0.46196672,0.2418581,0.29617515
2457643540,0.4010356,0.31047642,0.28848797
2457671933,0.16913885,0.6388967,0.1919644
2457881414,0.19780701,0.58375317,0.21843985
2457928802,0.21131422,0.22195967,0.5667261
2457993649,0.38425702,0.3522155,0.2635275
2458355810,0.11970952,0.7375322,0.14275828
2458390363,0.2984864,0.27854952,0.4229641
2458536618,0.6137378,0.20465258,0.18160959
2458627578,0.118249886,0.759564,0.12218606
2458658233,0.47466123,0.26872852,0.25661027
2458660710,0.37091509,0.3388755,0.29020944
2458713035,0.482185,0.30573532,0.21207972
2458752047,0.4196555,0.29783905,0.28250545
2458772192,0.38316765,0.29878485,0.31804752
2458873319,0.4796953,0.2606321,0.25967264
2458886222,0.15657805,0.6211887,0.22223325
2458914892,0.16325489,0.62229395,0.21445121
2459084779,0.20060863,0.5924016,0.20698985
2459177433,0.18930045,0.58992374,0.22077583
2459603675,0.6069032,0.20017634,0.19292042
2459634955,0.32959023,0.33669338,0.33371642
2459757942,0.18368949,0.24146861,0.5748419
2459782399,0.36233547,0.37448835,0.26317617
2459882199,0.3295856,0.32209048,0.34832397
2459968571,0.42802843,0.32169703,0.2502746
2459981483,0.3107269,0.37798324,0.3112898
2460075440,0.34191152,0.2604626,0.3976259
2460119024,0.24937497,0.48712477,0.26350027
2460485003,0.3449507,0.27381432,0.38123497
2460566400,0.47253332,0.30107194,0.22639477
2460630220,0.29319423,0.35809427,0.34871158
2460654145,0.63452107,0.19249482,0.17298418
2460680553,0.5783999,0.20899488,0.21260521
2460691017,0.3589965,0.34818822,0.2928153
2460900031,0.18682036,0.17245653,0.6407231
2461016018,0.28302738,0.33255976,0.38441285
2461341517,0.43771493,0.3034992,0.25878587
2461422069,0.20096967,0.1963916,0.6026387
2461467284,0.25418058,0.27075785,0.47506154
2461487022,0.27071813,0.20734125,0.52194065
2461509993,0.37657592,0.34137878,0.28204533
2461569657,0.086636126,0.80393904,0.10942481
2461590086,0.4916474,0.2635984,0.24475421
2461629126,0.28870234,0.4092733,0.30202433
2461693049,0.36472797,0.3020953,0.33317667
2461776584,0.33230248,0.3111084,0.35658914
2461883419,0.29411268,0.41948962,0.28639764
2461927407,0.2549941,0.28976166,0.45524418
2461951884,0.4236081,0.31435648,0.2620354
2461961631,0.36536086,0.3439559,0.29068327
2462221623,0.4111577,0.34406698,0.24477533
2462304737,0.4430365,0.27462843,0.28233516
2462457115,0.11605904,0.729559,0.154382
2462471220,0.23051725,0.2131153,0.5563675
2462543878,0.35139853,0.38514325,0.26345813
2462593481,0.4857567,0.2854354,0.22880787
2462809900,0.16087253,0.16331011,0.67581743
2462867324,0.3929064,0.28327766,0.32381603
2463216319,0.25993836,0.32537118,0.41469052
2463223484,0.38214478,0.2750375,0.34281778
2463508545,0.3479355,0.3832308,0.26883382
2463655956,0.26177824,0.451966,0.28625575
2463658638,0.10961595,0.09414569,0.7962383
2463737172,0.33438894,0.35258287,0.31302813
2463768520,0.09112802,0.0710948,0.83777714
2463769001,0.30361232,0.45654434,0.23984335
2463781140,0.52165246,0.19594821,0.28239936
2463939314,0.20745371,0.45798826,0.33455807
2463953984,0.39837518,0.2670162,0.33460864
2463976547,0.2809205,0.36381367,0.35526586
2464211407,0.3719373,0.34361702,0.28444567
2464251501,0.26919857,0.38186565,0.34893575
2464336018,0.37707093,0.35275656,0.2701725
2464369410,0.37196186,0.32725278,0.30078533
2464492936,0.1484012,0.4370792,0.41451967
2464592984,0.47080112,0.28596276,0.2432361
2464669811,0.37416032,0.37633404,0.24950565
2464774565,0.34802142,0.39792192,0.25405672
2464838116,0.3389291,0.39242497,0.2686459
2464850896,0.33891436,0.37911874,0.28196692
2465046565,0.5650178,0.22040205,0.21458009
2465091103,0.43764684,0.33364168,0.22871147
2465206890,0.4340702,0.28033838,0.2855914
2465220042,0.64083505,0.17119214,0.18797274
2465343087,0.15731928,0.6571614,0.18551926
2465429155,0.16232494,0.66841257,0.1692625
2465490704,0.3959173,0.3696486,0.23443411
2465510959,0.16518308,0.15721104,0.6776059
2465596456,0.45455116,0.27362314,0.27182573
2465630733,0.30122286,0.39361006,0.30516705
2465701099,0.3609816,0.30850798,0.3305104
2465792856,0.2190931,0.53149927,0.24940768
2465814750,0.1155518,0.76142406,0.123024136
2465966724,0.27380133,0.39449897,0.33169967
2466153454,0.6101072,0.17325322,0.21663953
2466320569,0.35418764,0.28744477,0.35836753
2466338477,0.20676105,0.20787676,0.58536214
2466354377,0.415972,0.28155732,0.30247068
2466382429,0.11359276,0.7449605,0.14144684
2466426038,0.3817196,0.3563248,0.26195562
2466456313,0.19268744,0.56910944,0.23820318
2466477374,0.10801457,0.7443343,0.14765115
2466551982,0.37242198,0.3510399,0.27653813
2466648026,0.4790573,0.29017094,0.23077175
2466655646,0.13144717,0.1330015,0.7355513
2466679068,0.08708439,0.80595905,0.106956586
2466749746,0.09786147,0.78333557,0.118802994
2466909928,0.09286622,0.7578673,0.14926648
2466965993,0.342621,0.24848597,0.408893
2467000678,0.35002047,0.37835312,0.27162635
2467043458,0.15282534,0.6824521,0.16472264
2467066106,0.10700766,0.10044277,0.7925495
2467071709,0.46828884,0.27129528,0.26041594
2467173291,0.19578914,0.5978419,0.20636897
2467179849,0.29944682,0.30220148,0.3983517
2467217697,0.3806251,0.23790579,0.38146907
2467238490,0.10962181,0.7439627,0.14641549
2467362533,0.28970492,0.29285645,0.41743854
2467428304,0.27722302,0.29685843,0.42591864
2467462780,0.33121336,0.38238996,0.28639665
2467530728,0.33671042,0.33561006,0.32767957
2467588460,0.33364913,0.3856679,0.28068304
2467600827,0.33953226,0.3153365,0.34513128
2467656814,0.31773466,0.3113829,0.37088242
2467718857,0.3036327,0.30284372,0.3935236
2467781647,0.18985769,0.2027082,0.6074341
2467931207,0.30695406,0.36978844,0.3232575
2467947734,0.5441641,0.18265632,0.27317953
2467969604,0.5830761,0.20539424,0.21152963
2468081308,0.6548869,0.13838162,0.20673151
2468170713,0.2999414,0.3501469,0.34991172
2468190018,0.2749821,0.2783029,0.44671494
2468212897,0.2583316,0.44356006,0.29810828
2468405674,0.20769434,0.1958395,0.5964661
2468436212,0.35798264,0.27721903,0.3647983
2468517263,0.40667945,0.33228847,0.26103204
2468541955,0.31028596,0.34179664,0.34791738
2468618948,0.23124537,0.31548092,0.4532737
2468717459,0.5873018,0.21406527,0.1986329
2468890453,0.20736076,0.55869025,0.23394898
2468949126,0.32134548,0.30684552,0.37180904
2468956968,0.6678079,0.15352099,0.17867114
2469034734,0.31820452,0.23321944,0.44857603
2469093256,0.23204261,0.43606952,0.3318879
2469193852,0.42118716,0.3073557,0.2714571
2469222498,0.34422123,0.31225199,0.34352684
2469293151,0.30800584,0.38915333,0.30284074
2469305947,0.13516483,0.71534705,0.14948814
2469348756,0.18219571,0.62865144,0.18915288
2469407213,0.42188445,0.31589168,0.2622238
2469417819,0.2920001,0.39805433,0.30994564
2469459352,0.17837161,0.6027314,0.21889699
2469538680,0.21368363,0.58458406,0.20173235
2469551133,0.4002929,0.35616612,0.24354094
2469579126,0.50565505,0.25747377,0.23687127
2469591874,0.81276363,0.08502193,0.10221446
2469592734,0.18028657,0.5910439,0.22866951
2469596698,0.15716836,0.13803107,0.70480055
2469725633,0.10472522,0.121364735,0.7739101
2469840550,0.37029964,0.34993714,0.27976322
2469929392,0.28767616,0.3924868,0.31983703
2470010267,0.39367098,0.2997716,0.30655742
2470042662,0.38590565,0.25240842,0.36168593
2470119949,0.39639723,0.36696327,0.23663956
2470177839,0.59098893,0.2156296,0.19338147
2470192463,0.5100298,0.26108083,0.22888935
2470282796,0.3885916,0.31853333,0.29287508
2470287722,0.21148285,0.49826807,0.2902492
2470307986,0.31520998,0.4044013,0.28038874
2470360813,0.22883816,0.5001518,0.27101
2470373437,0.35714564,0.28891096,0.35394347
2470475161,0.42022386,0.3165075,0.26326868
2470596087,0.439283,0.2847762,0.2759408
2470638612,0.293284,0.35880825,0.3479078
2470645155,0.39914897,0.33345693,0.26739416
2470669312,0.33687043,0.34449723,0.31863227
2470748075,0.16917668,0.22696054,0.60386276
2471004700,0.20754318,0.5417901,0.25066665
2471179560,0.8071035,0.07107616,0.12182031
2471181878,0.2474363,0.4347288,0.3178349
2471224920,0.3819579,0.3269063,0.2911358
2471230472,0.3054452,0.38186747,0.3126873
2471382860,0.11052425,0.10749736,0.78197837
2471395652,0.5013912,0.2558774,0.24273138
2471509783,0.35887617,0.35718486,0.28393897
2471622224,0.14375871,0.12932616,0.7269151
2471677637,0.37395656,0.3567644,0.269279
2471688476,0.25518742,0.42155844,0.32325423
2471695127,0.26787958,0.3895661,0.34255424
2471775420,0.27879497,0.28657228,0.43463278
2471866784,0.3052613,0.3883049,0.3064338
2471942980,0.24381222,0.2216798,0.534508
2472048226,0.45741296,0.2832048,0.25938222
2472048836,0.39096692,0.24423306,0.36480004
2472211990,0.23476529,0.17796135,0.5872734
2472232994,0.7736835,0.08646809,0.13984849
2472368871,0.33753824,0.39605445,0.26640737
2472412266,0.43515715,0.3077196,0.2571233
2472485547,0.40321836,0.3081822,0.28859943
2472489880,0.4212807,0.32118055,0.2575387
2472507721,0.19262862,0.5428891,0.26448223
2472512351,0.20147926,0.5642585,0.23426226
2472518267,0.35171863,0.3471027,0.30117872
2472771406,0.4772615,0.28262207,0.24011637
2472819540,0.48822433,0.26988143,0.24189432
2472850573,0.3384574,0.29750645,0.36403617
2472885975,0.305933,0.3233242,0.3707428
2472974049,0.15692219,0.6700456,0.1730322
2472979577,0.21995473,0.19119558,0.5888497
2473030633,0.3331279,0.35820243,0.30866966
2473033508,0.5499803,0.20512079,0.24489893
2473119347,0.3173957,0.40668872,0.2759156
2473368059,0.22480606,0.29392904,0.48126495
2473440587,0.42630318,0.3020084,0.27168843
2473501978,0.38831794,0.34132966,0.27035236
2473552561,0.14180796,0.13428506,0.72390705
2473660748,0.4308827,0.31693098,0.25218624
2473717870,0.38755998,0.33113602,0.281304
2473753340,0.4404858,0.275605,0.28390917
2473787038,0.39845115,0.28778842,0.3137604
2473848449,0.34112996,0.33660325,0.32226682
2473874091,0.36933562,0.25978988,0.37087455
2473884325,0.49731088,0.28464732,0.21804184
2474139639,0.34017867,0.36614662,0.29367465
2474231409,0.5059891,0.25809667,0.23591417
2474298165,0.1268647,0.7374755,0.13565978
2474328540,0.25910193,0.26429874,0.47659934
2474408402,0.2946792,0.4125073,0.29281357
2474477680,0.104760274,0.75485957,0.14038014
2474551794,0.2381671,0.24115631,0.52067655
2474556820,0.6687441,0.14052522,0.19073063
2474564880,0.2648677,0.46182442,0.27330798
2474686327,0.34427354,0.36132687,0.29439956
2474698532,0.29599026,0.4104651,0.2935446
2474700917,0.29282236,0.41387317,0.2933045
2475067238,0.34479073,0.3126471,0.34256217
2475106035,0.3918096,0.24249466,0.3656957
2475172001,0.22061613,0.49610466,0.28327915
2475173671,0.49004227,0.22216724,0.28779048
2475193727,0.11591284,0.747049,0.13703811
2475257697,0.10453797,0.10083606,0.79462606
2475301458,0.23246118,0.25704837,0.5104904
2475357389,0.3247522,0.3206959,0.35455188
2475359206,0.34990895,0.3461793,0.3039118
2475363036,0.2654185,0.2284039,0.50617754
2475409130,0.18850105,0.598657,0.21284197
2475539676,0.53644335,0.24349472,0.22006193
2475655979,0.6282764,0.19219849,0.17952506
2475708332,0.43083695,0.28997433,0.27918872
2475789953,0.14255436,0.1497108,0.7077349
2475801413,0.23804824,0.50774956,0.25420213
2475880881,0.47368062,0.23141672,0.2949026
2475991334,0.20374238,0.56952155,0.22673611
2476203284,0.34448615,0.37340033,0.28211352
2476224154,0.5785203,0.21028566,0.21119404
2476258761,0.3324573,0.36933786,0.29820496
2476312964,0.19805309,0.16585377,0.6360932
2476383093,0.4854726,0.27618343,0.23834395
2476442240,0.33873963,0.29202977,0.36923054
2476449091,0.45502302,0.24933885,0.29563808
2476480079,0.35332018,0.36977646,0.27690336
2476493279,0.18834886,0.61405194,0.19759916
2476518123,0.4960815,0.1538762,0.35004234
2476521667,0.542983,0.20851049,0.24850655
2476521996,0.61551523,0.13597272,0.24851201
2476616243,0.11247691,0.7596605,0.12786257
2476772123,0.3435387,0.35492006,0.30154124
2476779188,0.21754417,0.5215247,0.26093113
2476794511,0.29263416,0.29466808,0.41269776
2476953648,0.16189153,0.16774522,0.67036325
2477158662,0.30265352,0.32041684,0.3769296
2477369802,0.5449794,0.22932005,0.22570063
2477438213,0.2439284,0.5137965,0.242275
2477483875,0.17611198,0.59225285,0.23163521
2477516131,0.50294137,0.19098684,0.30607185
2477590027,0.39022407,0.3231225,0.2866534
2477680686,0.33964813,0.3352511,0.32510072
2477770913,0.36431432,0.2825286,0.3531571
2477803805,0.22897054,0.4138713,0.35715824
2477912290,0.26791823,0.3537214,0.37836033
2478012519,0.39605424,0.29364008,0.31030563
2478107730,0.13585414,0.70974356,0.15440236
2478121335,0.3622068,0.33956853,0.29822466
2478130022,0.41199878,0.27551267,0.31248862
2478235215,0.2628443,0.4362412,0.30091453
2478287811,0.29694158,0.3031718,0.39988667
2478329054,0.76133585,0.104587875,0.13407628
2478330169,0.24691895,0.41044933,0.34263176
2478345037,0.29024923,0.338502,0.37124884
2478491290,0.38596323,0.37652904,0.23750775
2478493132,0.31435877,0.45286644,0.23277481
2478518377,0.45170498,0.23778963,0.3105054
2478533222,0.64032114,0.16978903,0.18988986
2478539231,0.41226017,0.31874374,0.26899612
2478582395,0.27304122,0.31018394,0.41677484
2478606324,0.087660804,0.7997755,0.11256377
2478608020,0.35053968,0.35306507,0.29639527
2478669929,0.35001704,0.3374149,0.31256807
2478722986,0.3674923,0.35763007,0.27487767
2478888503,0.16593947,0.6648474,0.16921319
2478982353,0.39305964,0.3403552,0.26658517
2479017545,0.09138847,0.8054781,0.10313344
2479053370,0.8206194,0.07257488,0.10680577
2479143980,0.40807846,0.34493816,0.24698344
2479226582,0.7392399,0.110063314,0.15069678
2479318589,0.10006366,0.0903122,0.80962414
2479439123,0.109301634,0.090798266,0.79990005
2479467502,0.20051126,0.16569853,0.63379025
2479592956,0.35717514,0.28478903,0.3580358
2479833987,0.2659112,0.25050437,0.48358452
2479872310,0.6176362,0.20304081,0.17932296
2479905939,0.13160107,0.71943986,0.14895904
2479983060,0.18319072,0.61916685,0.19764246
2480075689,0.3079806,0.22675794,0.4652615
2480109929,0.23071943,0.2128033,0.55647725
2480164946,0.7415419,0.11080107,0.14765702
2480231681,0.782943,0.090433225,0.1266237
2480238477,0.30801806,0.29673707,0.3952448
2480368495,0.5877254,0.21965179,0.1926228
2480445308,0.31616762,0.28249332,0.40133908
2480686685,0.183476,0.6193738,0.19715017
2480693239,0.19389494,0.5503821,0.25572303
2480759274,0.57774734,0.20246969,0.219783
2480820625,0.43180108,0.28441343,0.2837856
2480868888,0.29713705,0.34182298,0.36103994
2481033226,0.42989996,0.30097196,0.26912805
2481084138,0.26977247,0.40901062,0.32121685
2481251550,0.28049478,0.27316314,0.44634214
2481298206,0.13775577,0.15485884,0.70738536
2481327205,0.31168845,0.35489202,0.33341953
2481357069,0.26282287,0.23633234,0.50084484
2481402091,0.6851522,0.14309125,0.17175658
2481450728,0.28920138,0.40298104,0.30781758
2481710606,0.17717476,0.5847917,0.23803352
2481776715,0.10962557,0.16977091,0.7206035
2481790417,0.3168756,0.24589181,0.43723258
2481798184,0.5207455,0.23251042,0.24674408
2481804326,0.46693677,0.2729366,0.26012656
2481856406,0.2502837,0.4485006,0.3012157
2481903266,0.29618424,0.32599217,0.37782356
2482061617,0.13147648,0.7117979,0.15672562
2482170870,0.38862452,0.3556538,0.2557217
2482217722,0.22438572,0.24973579,0.52587855
2482261540,0.3042125,0.36392504,0.33186248
2482427328,0.3014167,0.34199953,0.35658386
2482497553,0.26975995,0.22775735,0.50248265
2482511373,0.09160561,0.7935322,0.11486219
2482544912,0.3108662,0.27592993,0.41320384
2482570721,0.45589992,0.28858286,0.25551715
2482639826,0.51512194,0.2509223,0.2339558
2482816749,0.556231,0.22344166,0.22032733
2482857342,0.19692276,0.5725624,0.23051491
2483002090,0.1281781,0.117163844,0.75465804
2483241902,0.5664187,0.21735609,0.21622531
2483407936,0.23381978,0.51383257,0.25234768
2483458204,0.20476632,0.5764985,0.21873514
2483499998,0.27785233,0.29807156,0.4240761
2483794408,0.09918275,0.1068775,0.79393977
2483853286,0.33701745,0.35742208,0.3055605
2483913845,0.31459206,0.3888175,0.2965905
2483950681,0.59785104,0.20101008,0.20113888
2484200150,0.30426133,0.32698256,0.3687561
2484238661,0.12493335,0.72500145,0.1500652
2484378134,0.35564798,0.32770538,0.3166466
2484386513,0.23189835,0.2433743,0.52472734
2484393858,0.72035074,0.1173925,0.16225675
2484449747,0.54237556,0.19774674,0.2598777
2484512397,0.45475563,0.27440006,0.27084425
2484634319,0.10598403,0.117254905,0.77676105
2484647237,0.43179578,0.30151492,0.26668933
2484654695,0.49321833,0.27869767,0.22808406
2484684210,0.3444641,0.3571248,0.2984111
2484823728,0.18014771,0.23850921,0.58134305
2485044031,0.31702065,0.29430032,0.38867897
2485050247,0.3849228,0.386179,0.22889826
2485074045,0.25712544,0.39897233,0.34390223
2485091809,0.3354742,0.35725856,0.30726725
2485246791,0.57237715,0.21287355,0.21474932
2485272549,0.4546302,0.32247528,0.2228945
2485313541,0.29516464,0.21271357,0.49212182
2485326449,0.30037546,0.33615214,0.36347243
2485370883,0.45853892,0.30190614,0.239555
2485381167,0.1733284,0.63194495,0.1947266
2485458369,0.32201216,0.37766755,0.30032042
2485458980,0.5474762,0.21147574,0.24104811
2485459494,0.28398228,0.42840865,0.2876091
2485478378,0.39876243,0.33060107,0.27063653
2485778790,0.16403255,0.1593933,0.6765742
2485833652,0.48673543,0.28490564,0.22835891
2485898493,0.2608616,0.32018757,0.41895083
2485937618,0.29586786,0.383308,0.32082418
2485949758,0.2883406,0.4192722,0.2923872
2485995273,0.11851059,0.7388009,0.14268851
2486153954,0.45468011,0.30024782,0.24507205
2486286815,0.35995454,0.36818042,0.27186504
2486318811,0.2636156,0.34992582,0.3864586
2486336624,0.22637023,0.45934853,0.3142813
2486389761,0.6624142,0.16826788,0.16931796
2486463953,0.19013293,0.17506099,0.6348061
2486559014,0.33224472,0.35860896,0.3091464
2486657917,0.39126825,0.3153935,0.29333827
2486658352,0.12620142,0.7112797,0.16251887
2486790908,0.29523835,0.4561396,0.248622
2486929670,0.38668698,0.30468804,0.3086249
2486931548,0.5089497,0.26805922,0.22299108
2487308993,0.36239865,0.1672254,0.47037587
2487433631,0.35557777,0.24122666,0.40319556
2487441679,0.28637084,0.33783326,0.3757959
2487562608,0.35106975,0.3682189,0.28071138
2487586176,0.42412573,0.31136748,0.26450682
2487617954,0.21427636,0.23562014,0.5501035
2487730302,0.789008,0.085174434,0.12581751
2487844321,0.32906225,0.38143188,0.2895059
2487937822,0.3287536,0.3242406,0.3470058
2487959074,0.23126972,0.45275986,0.31597054
2487974136,0.36036924,0.37128183,0.2683489
2487974364,0.38914073,0.34549844,0.26536083
2488237957,0.50171643,0.25582546,0.24245812
2488260276,0.4018524,0.3358125,0.26233506
2488284407,0.27876398,0.28582102,0.435415
2488387967,0.3383052,0.3297059,0.3319889
2488403264,0.464621,0.2930628,0.24231622
2488416969,0.13015679,0.72499716,0.14484607
2488428465,0.5300809,0.23958877,0.23033033
2488496624,0.32817167,0.3064027,0.36542565
2488542393,0.38556805,0.33921558,0.27521643
2488576159,0.5622574,0.22110711,0.21663542
2488606963,0.38116837,0.34344253,0.27538905
2488670543,0.24796605,0.37922627,0.37280765
2488786424,0.21218751,0.51150066,0.27631184
2488949860,0.14767388,0.6512018,0.20112433
2488989957,0.25912654,0.45280415,0.2880693
2489115127,0.224087,0.22365932,0.55225366
2489197475,0.42106202,0.27563334,0.30330467
2489259655,0.7171235,0.12044126,0.16243528
2489288099,0.3977218,0.2692818,0.33299643
2489348225,0.29800728,0.41811872,0.28387406
2489407890,0.5506885,0.20671217,0.24259938
2489636343,0.17439193,0.18422194,0.64138615
2489751931,0.25718582,0.46873924,0.27407503
2490029025,0.34241253,0.37149557,0.28609192
2490072478,0.27204412,0.3408759,0.38708004
2490079144,0.18899247,0.5501142,0.2608933
2490322800,0.80283177,0.081476115,0.11569203
2490577608,0.3219238,0.31191528,0.36616093
2490702134,0.28514835,0.26849765,0.44635397
2490814746,0.5847856,0.21621335,0.19900106
2490828819,0.70079505,0.12754929,0.17165557
2490861101,0.3655739,0.4060235,0.22840264
2490863497,0.4172963,0.3375916,0.24511209
2490974487,0.36450374,0.35951492,0.27598137
2491207133,0.41134515,0.32561675,0.26303816
2491208906,0.104135975,0.09286562,0.8029983
2491286395,0.38574138,0.33262178,0.2816369
2491337969,0.26426202,0.46771622,0.26802167
2491473223,0.25282174,0.31516728,0.43201095
2491624273,0.29031977,0.43711266,0.27256763
2491679816,0.23654853,0.44751063,0.31594086
2491860896,0.46161506,0.2704212,0.2679638
2491993668,0.10253711,0.77436054,0.123102404
2492105807,0.4425256,0.25842834,0.29904607
2492125163,0.32752725,0.30409026,0.36838245
2492170859,0.47096986,0.27910548,0.24992469
2492178290,0.27018008,0.31258312,0.4172368
2492214957,0.40031925,0.29757684,0.30210394
2492265349,0.43047094,0.3493058,0.22022325
2492515700,0.27080002,0.44484067,0.2843593
2492518606,0.38290864,0.35166737,0.26542398
2492556699,0.3507113,0.34425887,0.3050298
2492574398,0.24714343,0.31398317,0.43887338
2492662884,0.39462954,0.34515455,0.2602159
2492680525,0.34667507,0.36857882,0.28474608
2492743513,0.3580313,0.35877097,0.28319767
2492870223,0.14271271,0.6821758,0.17511147
2492974066,0.25636217,0.36685187,0.37678587
2493172424,0.3988157,0.19687653,0.40430775
2493217746,0.4327226,0.22882278,0.3384546
2493251791,0.24352753,0.49410638,0.26236615
2493286838,0.4282855,0.31249163,0.25922295
2493362432,0.0921461,0.08200779,0.825846
2493372744,0.34178454,0.31574002,0.34247544
2493417559,0.4385907,0.31376517,0.2476441
2493636891,0.29392615,0.41028187,0.29579192
2493681018,0.53990006,0.24993113,0.21016882
2493704745,0.34323668,0.19861194,0.45815137
2493985373,0.13005674,0.6211112,0.2488321
2494009282,0.07429163,0.063701876,0.86200655
2494114399,0.25237888,0.33973423,0.40788695
2494210878,0.28903627,0.37082097,0.3401428
2494279944,0.61415684,0.15931296,0.22653022
2494361253,0.5120854,0.2805118,0.2074028
2494388229,0.26409584,0.39280578,0.34309837
2494494358,0.38025853,0.27546751,0.34427404
2494509325,0.39053303,0.347224,0.26224303
2494566729,0.42774364,0.2769095,0.29534692
2494809562,0.48333874,0.23435327,0.28230792
2494842743,0.71554613,0.11179292,0.17266092
2494860151,0.24707417,0.2603351,0.49259076
2494876971,0.5687177,0.21674483,0.21453749
2494964792,0.597915,0.18130417,0.22078082
2495010206,0.15513957,0.6663795,0.17848098
2495023974,0.3727615,0.28837445,0.33886406
2495258723,0.34092852,0.32607278,0.3329987
2495266556,0.53052664,0.23453948,0.23493388
2495390478,0.1823093,0.19754945,0.62014127
2495422412,0.3453414,0.28552294,0.36913562
2495561565,0.4029732,0.2648275,0.33219922
2495580780,0.15224268,0.6645419,0.1832154
2495610333,0.2671401,0.42546406,0.30739582
2495833143,0.2435824,0.32780388,0.4286137
2495844896,0.28083488,0.4893041,0.22986098
2495888960,0.35999012,0.31472775,0.3252821
2495989674,0.28715652,0.2048066,0.5080369
2496039705,0.20242791,0.54637563,0.2511965
2496118810,0.34951907,0.36761573,0.28286523
2496134957,0.5033144,0.20795578,0.2887299
2496208941,0.5146279,0.26733026,0.21804185
2496250013,0.3375712,0.33787152,0.3245573
2496309727,0.19785836,0.59511197,0.20702972
2496356679,0.26237816,0.3262586,0.41136324
2496376736,0.13651556,0.14139678,0.7220877
2496381323,0.24100928,0.30987403,0.4491167
2496482794,0.6223343,0.19397497,0.18369065
2496781522,0.41435367,0.3133575,0.27228883
2496829672,0.2780779,0.3571013,0.36482078
2496852501,0.33899036,0.32461914,0.3363905
2496853096,0.30823812,0.31703,0.37473178
2496941193,0.10809234,0.76491237,0.12699531
2496954567,0.12456413,0.66574466,0.20969109
2496978677,0.29999825,0.3217387,0.3782631
2497034877,0.3936759,0.2986162,0.30770794
2497062040,0.20025496,0.19798325,0.60176176
2497070280,0.30741304,0.3061093,0.38647762
2497098870,0.4424299,0.31489593,0.24267423
2497189839,0.6217562,0.17024514,0.20799865
2497354138,0.28233775,0.3100846,0.40757772
2497460494,0.6170629,0.17461099,0.20832607
2497468695,0.3248162,0.39036235,0.2848215
2497552802,0.23868862,0.4391315,0.32217994
2497623677,0.5294438,0.19118401,0.27937213
2497725738,0.37912816,0.38250476,0.23836705
2497727176,0.4034606,0.3551476,0.24139181
2497751063,0.59474796,0.20896082,0.19629121
2497767958,0.5590271,0.19472595,0.24624702
2497807130,0.19181122,0.5168807,0.2913081
2497855838,0.3670102,0.27584553,0.3571442
2497901982,0.14190815,0.12312497,0.7349668
2497928834,0.22879854,0.54206115,0.22914039
2497949262,0.1386489,0.69915974,0.16219133
2498028879,0.4559388,0.30817083,0.2358904
2498126191,0.37109253,0.29934275,0.32956472
2498233657,0.30020088,0.24662238,0.4531767
2498283988,0.16561653,0.62824076,0.20614274
2498284128,0.1703267,0.12580737,0.7038659
2498291827,0.3044211,0.31779748,0.3777814
2498324568,0.32630903,0.23969403,0.43399698
2498448348,0.36210617,0.33659953,0.30129424
2498453035,0.19612153,0.19099252,0.6128859
2498488205,0.41032535,0.31365383,0.27602085
2498631340,0.3213724,0.28295034,0.39567733
2498646834,0.21927074,0.50337034,0.2773589
2498761687,0.38238978,0.32765624,0.28995398
2498964452,0.36796436,0.33079955,0.30123603
2499033134,0.44093618,0.32738826,0.23167558
2499067189,0.3383554,0.34296656,0.31867805
2499095146,0.25704738,0.2783121,0.46464047
2499405009,0.24461664,0.24065015,0.5147332
2499430351,0.39761785,0.3054802,0.29690194
2499455677,0.3519165,0.33730575,0.31077772
2499550866,0.104929715,0.74333584,0.15173443
2499687497,0.6093577,0.13003321,0.260609
2499739111,0.18278795,0.5965036,0.22070839
2499919306,0.13367926,0.68419707,0.18212362
2500015938,0.43767735,0.293819,0.26850367
2500023122,0.3135907,0.39542374,0.29098555
2500120630,0.3041392,0.28316644,0.4126944
2500330194,0.44583783,0.24628212,0.30788007
2500384015,0.1976181,0.5772036,0.22517827
2500610989,0.30658454,0.38921812,0.30419734
2500718548,0.5376737,0.2273202,0.23500605
2500735287,0.29320964,0.34644336,0.36034697
2500761714,0.56583464,0.23798978,0.19617558
2500938493,0.3819014,0.29363424,0.32446438
2500967168,0.359308,0.33894613,0.30174586
2501036507,0.22911145,0.4560088,0.31487978
2501052276,0.3780745,0.34305653,0.27886897
2501062064,0.20508899,0.5558745,0.23903646
2501091891,0.34759334,0.35567313,0.29673353
2501102898,0.36099002,0.4076964,0.23131359
2501372889,0.12260944,0.73796123,0.13942933
2501377863,0.2495488,0.45267656,0.29777464
2501433346,0.3680887,0.34632978,0.28558156
2501521330,0.44381088,0.2966062,0.25958288
2501793656,0.34037948,0.38941404,0.27020645
2501920893,0.24863736,0.32662165,0.42474103
2501921158,0.26637974,0.21830563,0.51531464
2502120465,0.35838968,0.29846036,0.34314987
2502126281,0.31439745,0.36153138,0.3240712
2502131368,0.2681071,0.31298894,0.418904
2502134168,0.37941262,0.35415676,0.26643065
2502255965,0.34900805,0.38673505,0.26425686
2502431164,0.24493834,0.2898054,0.46525627
2502554489,0.3464815,0.3834495,0.270069
2502624688,0.2919649,0.26082847,0.44720674
2502644400,0.4131709,0.27269578,0.3141333
2502696673,0.25217932,0.49285412,0.2549666
2502848306,0.26309246,0.45433426,0.28257325
2502920683,0.07258102,0.83457625,0.0928427
2502999916,0.85641456,0.056419667,0.08716577
2503053923,0.48101696,0.2688561,0.25012684
2503174143,0.40704808,0.328581,0.2643709
2503262105,0.33267573,0.3552033,0.31212103
2503280854,0.39693812,0.2798831,0.32317886
2503286370,0.17851584,0.59343827,0.22804591
2503292562,0.2742951,0.37344745,0.35225746
2503345989,0.6348846,0.15432969,0.21078573
2503391493,0.24756153,0.45648035,0.29595807
2503478156,0.36015102,0.38977087,0.25007814
2503564873,0.477476,0.24399151,0.2785324
2503630806,0.3536409,0.2987076,0.34765145
2503694814,0.38506347,0.36876488,0.24617158
2503719590,0.28946003,0.36914197,0.34139797
2503754061,0.21507262,0.5163026,0.26862478
2503832948,0.4853881,0.24958634,0.26502556
2503844193,0.22664675,0.31196222,0.46139094
2503856786,0.14314602,0.70353335,0.15332061
2504076181,0.2852986,0.28454652,0.4301549
2504083793,0.44296852,0.28393748,0.273094
2504094206,0.49462533,0.27369556,0.23167914
2504143711,0.12716919,0.72859275,0.1442381
2504309565,0.44828135,0.3231677,0.22855091
2504392365,0.45770472,0.30576652,0.23652878
2504436321,0.25794944,0.23417276,0.5078778
2504450786,0.24250421,0.46320897,0.29428682
2504466970,0.3518597,0.21747962,0.43066075
2504542503,0.14334424,0.71541154,0.14124426
2504561965,0.46770978,0.22333622,0.30895394
2504592726,0.34546107,0.37682828,0.27771074
2504738589,0.35023817,0.33696878,0.312793
2504830847,0.12940665,0.7215803,0.14901303
2504871027,0.43985707,0.27300468,0.2871383
2504922017,0.37799147,0.3986556,0.223353
2504973992,0.34917513,0.35302356,0.29780126
2505124725,0.22395612,0.5651872,0.21085659
2505172395,0.48007688,0.252879,0.2670441
2505193244,0.4025961,0.27261776,0.3247862
2505266315,0.22697967,0.50244457,0.2705758
2505279808,0.2448642,0.26855943,0.48657638
2505444483,0.3046241,0.2489519,0.446424
2505475113,0.26528785,0.27592614,0.45878604
2505481397,0.24740392,0.22939512,0.5232009
2505555033,0.36206958,0.3186534,0.31927708
2505632699,0.09303775,0.77446455,0.13249773
2505685326,0.11517215,0.73897797,0.14584988
2505810749,0.44701794,0.30301446,0.24996768
2505817727,0.20764598,0.5322866,0.26006746
2505871181,0.13931702,0.13105015,0.72963285
2505934633,0.75712,0.117299825,0.12558019
2506054680,0.32223156,0.3455163,0.33225217
2506122550,0.17207992,0.6274335,0.20048665
2506209833,0.35046107,0.34676987,0.3027691
2506270229,0.56252015,0.13986117,0.29761872
2506290487,0.31208014,0.29036176,0.3975581
2506297137,0.5966964,0.17818454,0.2251191
2506428957,0.3866281,0.32952312,0.2838488
2506574965,0.16997482,0.578881,0.25114417
2506603263,0.4158358,0.34296662,0.2411976
2506698956,0.2916256,0.24791436,0.46046007
2506704110,0.32611397,0.29932114,0.37456492
2506883377,0.29761922,0.38591293,0.31646788
2506916593,0.15206698,0.12409233,0.7238407
2506942834,0.23317635,0.53202873,0.23479493
2506990054,0.19890012,0.32989964,0.47120035
2507042644,0.28511763,0.36790356,0.34697884
2507078939,0.19823183,0.5592394,0.24252875
2507512342,0.5089555,0.22735012,0.2636944
2507580210,0.22365804,0.19452359,0.58181834
2507673643,0.2525098,0.27463397,0.47285613
2507811903,0.7933777,0.08684414,0.11977806
2507824630,0.31126836,0.3354185,0.35331312
2507827318,0.26712242,0.35928226,0.3735953
2508003472,0.11303434,0.76578647,0.12117921
2508007841,0.5048728,0.26813716,0.22699007
2508037509,0.26475543,0.42381972,0.31142485
2508168568,0.315963,0.2782154,0.4058216
2508271252,0.3186195,0.2101875,0.471193
2508345875,0.352289,0.39674094,0.25097007
2508358539,0.3723594,0.34528732,0.28235328
2508366173,0.56891644,0.22250192,0.20858164
2508372196,0.58580077,0.20514941,0.20904987
2508407463,0.3486358,0.25804105,0.39332318
2508433665,0.49007386,0.28772476,0.22220132
2508446688,0.5337762,0.22819868,0.23802505
2508466310,0.30390403,0.30003574,0.39606023
2508537719,0.36485985,0.31004345,0.32509676
2508619574,0.24584647,0.28116813,0.47298542
2508688490,0.3228198,0.31712237,0.36005777
2508876368,0.27038354,0.39533895,0.33427748
2508985976,0.4371891,0.25303942,0.30977142
2509008558,0.6546633,0.16829318,0.17704348
2509100648,0.54094833,0.2031754,0.25587627
2509225776,0.3278432,0.34280634,0.32935047
2509279995,0.27233252,0.21208079,0.51558673
2509291530,0.24856393,0.23857686,0.5128592
2509369154,0.34682852,0.31831306,0.33485848
2509396400,0.31746703,0.39142302,0.29110998
2509671315,0.24138808,0.45327657,0.3053354
2509887295,0.0949809,0.7932666,0.11175248
2509921521,0.19175945,0.18072562,0.627515
2510054852,0.27842337,0.35006267,0.37151402
2510220786,0.24521048,0.16388129,0.59090817
2510229689,0.19413249,0.57407904,0.23178841
2510259726,0.33206034,0.38521844,0.28272122
2510292036,0.3829337,0.3216341,0.29543215
2510405226,0.119082645,0.14152855,0.73938876
2510553282,0.39154273,0.29538503,0.31307226
2510683344,0.42694533,0.28119978,0.29185498
2510753363,0.26023915,0.37544978,0.36431104
2510800663,0.19076301,0.55977505,0.2494619
2510873450,0.48739907,0.2612196,0.25138125
2510886353,0.23558491,0.41805705,0.34635803
2510888568,0.32116833,0.3708826,0.30794898
2511054918,0.1768019,0.5744989,0.24869914
2511076739,0.31064907,0.34283862,0.34651232
2511092656,0.35826698,0.35253873,0.28919426
2511171115,0.35670462,0.3705031,0.2727923
2511311346,0.8059336,0.06574947,0.12831701
2511415612,0.3150349,0.24547167,0.43949345
2511439517,0.4282783,0.3094277,0.26229402
2511483612,0.3405491,0.3072656,0.3521853
2511532572,0.3765507,0.31208843,0.3113609
2511610981,0.21382234,0.5010105,0.2851672
2511641171,0.34462476,0.39158884,0.26378646
2511859255,0.30306873,0.34672558,0.35020566
2512074683,0.30422843,0.3513005,0.3444711
2512132305,0.38153672,0.30186158,0.31660166
2512153588,0.20364822,0.1732988,0.6230531
2512182185,0.231029,0.33646035,0.4325107
2512190070,0.13616648,0.10823889,0.75559455
2512417438,0.42632303,0.22035448,0.35332254
2512419993,0.15118009,0.6638414,0.18497857
2512472692,0.22058263,0.2302738,0.5491436
2512615931,0.79752517,0.082723156,0.11975165
2512657202,0.21261898,0.49757814,0.2898029
2512690562,0.16968797,0.18201569,0.6482963
2512778137,0.18572558,0.4610966,0.35317776
2512815084,0.3268983,0.34932563,0.32377604
2512830155,0.21586326,0.22062743,0.56350935
2512892894,0.30219537,0.4491805,0.24862406
2512914559,0.23779441,0.23921885,0.52298677
2512953969,0.10620602,0.10249465,0.7912993
2513069424,0.2975586,0.38349336,0.31894803
2513236214,0.41670042,0.28266495,0.30063465
2513266123,0.13891971,0.14880125,0.712279
2513326262,0.35415545,0.37507474,0.27076977
2513331885,0.38913205,0.20496029,0.40590775
2513727710,0.3287009,0.29517365,0.37612557
2513882923,0.32108617,0.36519766,0.31371614
2513933633,0.32703793,0.29770818,0.37525395
2513977798,0.24566399,0.20777278,0.5465632
2513999283,0.16681565,0.6363324,0.19685203
2514049594,0.10371663,0.76777524,0.12850815
2514118807,0.282842,0.44556853,0.27158958
2514201952,0.39353302,0.28428984,0.32217714
2514363484,0.2677427,0.32364678,0.40861052
2514504678,0.34483463,0.39796415,0.2572013
2514574341,0.46081656,0.2822974,0.2568861
2514638751,0.50852114,0.24977641,0.2417025
2514703947,0.24612692,0.4643636,0.2895094
2514743719,0.44714952,0.29451016,0.25834036
2514794811,0.30836314,0.38254824,0.30908865
2514842588,0.3013662,0.238275,0.46035877
2515091963,0.22576247,0.47086808,0.30336943
2515341591,0.4784103,0.28147677,0.24011292
2515359469,0.5835152,0.19573788,0.22074693
2515440999,0.4180245,0.26751888,0.31445664
2515444040,0.26701877,0.31295657,0.4200247
2515454919,0.38969043,0.27544072,0.33486882
2515544167,0.3631854,0.38014916,0.25666544
2515669796,0.35390374,0.32106403,0.32503226
2515747611,0.3689336,0.34506232,0.2860041
2515769922,0.4267442,0.20223078,0.37102503
2515811271,0.42844218,0.29655185,0.275006
2515910327,0.38114265,0.28263187,0.33622554
2516018606,0.22814944,0.36712718,0.4047234
2516162176,0.07350692,0.070161894,0.85633117
2516184261,0.09372103,0.7891395,0.11713946
2516528447,0.0836211,0.07582644,0.8405525
2516593334,0.39117336,0.22263722,0.38618937
2516708650,0.5951981,0.18536918,0.21943268
2516736149,0.2695155,0.2832976,0.44718683
2516748321,0.59424067,0.18273255,0.22302677
2516777005,0.40990174,0.34670052,0.24339773
2516879417,0.36263093,0.28098443,0.35638463
2516885776,0.30850187,0.3045453,0.38695276
2516937696,0.539666,0.2232855,0.23704852
2517016368,0.27967662,0.27245244,0.4478709
2517272002,0.24991858,0.47951663,0.27056485
2517366980,0.32615963,0.357198,0.3166424
2517449521,0.35348558,0.32590118,0.3206132
2517451398,0.33172148,0.37966952,0.28860906
2517495467,0.4550437,0.29193887,0.25301746
2517612196,0.3152013,0.39498746,0.28981125
2517627810,0.16470909,0.50191605,0.33337486
2517671227,0.098374955,0.79381025,0.1078148
2517751684,0.54211,0.18645157,0.27143833
2517834867,0.7878024,0.08508538,0.12711221
2518089332,0.16836402,0.6098763,0.22175966
2518268139,0.2895235,0.41660416,0.29387224
2518346222,0.25910822,0.4843464,0.2565454
2518464884,0.27946907,0.2550653,0.4654656
2518480033,0.29643196,0.44522506,0.25834307
2518487524,0.41027042,0.23740217,0.3523274
2518501949,0.34709483,0.35722923,0.29567596
2518666410,0.31794873,0.31921378,0.36283746
2518697961,0.22328855,0.2320677,0.54464376
2518699238,0.2742254,0.45161298,0.27416158
2518736729,0.31923616,0.4011763,0.2795875
2518756368,0.25575304,0.16201063,0.5822363
2518809253,0.32811674,0.21675116,0.45513204
2518842041,0.23976214,0.17315936,0.5870785
2518965503,0.22773375,0.5354064,0.2368599
2519206101,0.3223017,0.37324718,0.30445108
2519272108,0.20088622,0.20633747,0.5927763
2519288905,0.399072,0.30848756,0.29244056
2519402495,0.16415206,0.14989696,0.68595093
2519411326,0.49953604,0.2793989,0.22106506
2519487221,0.08666333,0.800348,0.11298871
2519561520,0.32684815,0.3451562,0.3279957
2519601593,0.2962902,0.3645118,0.33919805
2519842555,0.38386562,0.3171989,0.29893544
2520053944,0.12674241,0.70960253,0.16365507
2520074729,0.5400144,0.25006413,0.20992154
2520089454,0.59827924,0.20353039,0.19819045
2520091318,0.100161456,0.11048514,0.7893534
2520217335,0.18328203,0.59119904,0.22551891
2520270505,0.49340346,0.21031721,0.29627937
2520310468,0.24205504,0.23729326,0.5206517
2520326886,0.38595438,0.31834394,0.2957017
2520329931,0.5292912,0.23676074,0.23394804
2520426148,0.3679617,0.33958116,0.29245707
2520477565,0.58024216,0.21912219,0.20063567
2520504654,0.3077087,0.21806343,0.47422785
2520516139,0.23033743,0.51394683,0.25571573
2520584056,0.23159565,0.23487861,0.53352565
2520607070,0.7934572,0.08387894,0.12266382
2520626182,0.18817146,0.18731667,0.6245119
2520841255,0.49997246,0.22814672,0.27188078
2521008383,0.20278952,0.312251,0.48495936
2521021826,0.33384812,0.30628037,0.3598716
2521059513,0.22346085,0.3548764,0.42166278
2521197176,0.2690614,0.48989734,0.24104129
2521272800,0.31180507,0.3395275,0.3486675
2521418892,0.32543004,0.2864404,0.38812953
2521434174,0.108751014,0.10100241,0.79024655
2521533379,0.24476984,0.5022824,0.25294772
2521543379,0.08283735,0.06579603,0.8513665
2521725093,0.2970133,0.37281954,0.33016717
2521726936,0.3193176,0.40396056,0.27672175
2521732264,0.40667143,0.3278938,0.2654347
2521756065,0.39907324,0.32045287,0.2804739
2521763486,0.4726676,0.26302177,0.26431057
2521941896,0.073680535,0.8220281,0.1042913
2521979149,0.45916542,0.2969295,0.24390505
2522003439,0.2928563,0.28498653,0.4221572
2522043056,0.13457666,0.119225524,0.7461978
2522044068,0.30351627,0.39907452,0.2974092
2522097999,0.3253264,0.40203485,0.27263886
2522159886,0.43716955,0.22418478,0.3386456
2522282364,0.36118624,0.36864844,0.27016532
2522383725,0.3098587,0.40274012,0.28740117
2522518869,0.18811923,0.5981498,0.21373093
2522534614,0.19577427,0.24779306,0.55643266
2522645278,0.22876653,0.23075111,0.5404824
2522900834,0.26729384,0.3909699,0.34173635
2522937735,0.13236931,0.15220827,0.7154224
2523039102,0.4250241,0.35479116,0.22018473
2523081229,0.20812818,0.5220429,0.26982892
2523112917,0.24587007,0.366716,0.38741398
2523180787,0.69857186,0.12819944,0.17322867
2523186442,0.2603391,0.45443523,0.28522563
2523477586,0.40998083,0.2929582,0.29706097
2523524195,0.2148928,0.5609969,0.22411035
2523549271,0.605601,0.21376605,0.18063295
2523592578,0.36418924,0.35529482,0.2805159
2523611816,0.12131962,0.12878636,0.74989396
2523709356,0.37697428,0.36372742,0.25929832
2523730984,0.3719001,0.37194985,0.25615007
2523852801,0.27680215,0.20976505,0.5134328
2523858493,0.41409385,0.33108962,0.25481656
2523882236,0.39079657,0.2928177,0.31638575
2523978998,0.64402145,0.15931019,0.19666833
2524046207,0.6620993,0.14561519,0.19228548
2524081262,0.3536923,0.35540566,0.29090208
2524135460,0.34803617,0.36188266,0.2900811
2524137457,0.36120918,0.3542292,0.28456157
2524217705,0.34435093,0.21192896,0.44372007
2524221280,0.2433571,0.48502594,0.27161697
2524332391,0.21305037,0.49473256,0.29221717
2524408048,0.3189163,0.33554783,0.34553587
2524454714,0.34127483,0.32056794,0.33815727
2524591911,0.3464,0.29037374,0.3632263
2524640349,0.23304445,0.4644733,0.30248228
2524661728,0.45447412,0.28814912,0.2573768
2524662100,0.22664882,0.5182809,0.2550702
2524878454,0.4177006,0.29040176,0.29189765
2524882044,0.18947841,0.5884738,0.22204779
2524934324,0.2380793,0.45006275,0.31185797
2524956962,0.19464168,0.18714124,0.61821705
2524991809,0.104091085,0.7861692,0.10973972
2525012307,0.43688264,0.29804334,0.26507407
2525171900,0.44558036,0.29393855,0.2604811
2525291056,0.26802036,0.2738133,0.45816636
2525299054,0.28598097,0.3699018,0.34411725
2525307750,0.3187343,0.340373,0.3408927
2525486711,0.42799395,0.31462926,0.25737673
2525501102,0.3003397,0.40079695,0.2988634
2525662402,0.27478534,0.40359348,0.32162115
2525731086,0.20463203,0.5415515,0.25381655
2525847143,0.63335204,0.12505239,0.24159554
2525853381,0.6941849,0.11325308,0.19256204
2526077724,0.21622816,0.19323021,0.5905416
2526203863,0.3456358,0.3101135,0.34425068
2526230257,0.36525536,0.3254284,0.30931622
2526239551,0.20123895,0.58863986,0.21012118
2526378865,0.4102331,0.2794477,0.31031922
2526393837,0.56374925,0.19509636,0.24115437
2526471675,0.22486147,0.53804284,0.23709574
2526528602,0.29591176,0.35936648,0.34472182
2526565046,0.14490217,0.69469434,0.16040349
2526582905,0.48544386,0.28591618,0.22863989
2526725933,0.5217336,0.23092237,0.24734406
2526752046,0.47711948,0.24744396,0.27543658
2526772930,0.570183,0.20711407,0.22270294
2526839855,0.3826989,0.30666444,0.3106367
2526849270,0.12415161,0.7334355,0.14241287
2527049535,0.6170641,0.19860348,0.18433243
2527290915,0.23431885,0.42570522,0.33997604
2527298425,0.65318507,0.14017133,0.20664369
2527310383,0.3598337,0.37712836,0.26303795
2527314521,0.38073564,0.31813487,0.3011295
2527331808,0.19662692,0.44916865,0.35420445
2527359801,0.30398428,0.37187046,0.32414526
2527452039,0.40974653,0.2992542,0.2909993
2527521849,0.39126414,0.31679365,0.29194215
2527548139,0.31564102,0.3954613,0.28889772
2527603336,0.3227428,0.35980073,0.31745645
2527655656,0.40091962,0.35161144,0.24746896
2527696580,0.26179823,0.28684804,0.4513537
2527759981,0.104990624,0.10535041,0.789659
2527797831,0.22754684,0.30773306,0.46472007
2527880106,0.3685771,0.25440484,0.37701806
2527922056,0.19717774,0.53740495,0.26541722
2527987526,0.44561407,0.31258604,0.24179995
2528235943,0.3137799,0.34586325,0.34035686
2528275347,0.44403708,0.34090456,0.21505846
2528312198,0.35754797,0.35018978,0.29226232
2528317529,0.35452238,0.31334063,0.33213693
2528469555,0.5508493,0.19359073,0.2555599
2528506173,0.33606967,0.3268307,0.33709964
2528527500,0.33101028,0.38260886,0.2863809
2528806748,0.39525673,0.20415205,0.4005913
2528898753,0.29959235,0.41935006,0.28105766
2528920082,0.40499714,0.29352278,0.30148005
2529065148,0.32906452,0.26332274,0.40761274
2529147573,0.5128632,0.24382429,0.24331252
2529217095,0.07084563,0.82612795,0.103026465
2529245043,0.49791974,0.13915963,0.3629206
2529300637,0.37641576,0.32242063,0.3011636
2529375225,0.3495437,0.2036269,0.44682944
2529389475,0.34098554,0.3671445,0.2918699
2529390630,0.40667912,0.264198,0.3291228
2529441128,0.4742727,0.28146696,0.24426036
2529505145,0.31333762,0.3288832,0.35777915
2529517928,0.559816,0.23293395,0.20724998
2529574265,0.4490174,0.30868807,0.24229443
2529690652,0.6436736,0.14114551,0.21518092
2529705424,0.37677705,0.2894604,0.3337626
2529767260,0.17102468,0.60911703,0.21985833
2529851736,0.26724023,0.3723487,0.36041117
2530001499,0.8096942,0.07337414,0.11693174
2530057431,0.38031024,0.35376954,0.26592022
2530239452,0.26025566,0.30545577,0.4342885
2530247434,0.2616321,0.32172248,0.41664547
2530267480,0.5844628,0.20472011,0.21081705
2530279997,0.19121364,0.58790886,0.22087744
2530457445,0.7903833,0.08042966,0.12918697
2530465297,0.4310164,0.28476915,0.28421444
2530505596,0.3051918,0.40194756,0.29286063
2530527964,0.16802612,0.65016854,0.1818053
2530560272,0.25041395,0.40409693,0.34548908
2530561884,0.37323725,0.35326013,0.27350262
2530571652,0.4125459,0.24321069,0.34424347
2530686271,0.3161424,0.4105371,0.2733205
2530794112,0.4382937,0.30704007,0.25466627
2530818386,0.23777616,0.44206035,0.32016355
2530833920,0.25427905,0.32217577,0.42354518
2531046162,0.6186809,0.18037653,0.20094264
2531056885,0.33712998,0.37418056,0.28868946
2531156365,0.13473426,0.6987247,0.16654101
2531201386,0.13175313,0.10807897,0.7601679
2531238679,0.31187522,0.36318436,0.32494038
2531538134,0.4626474,0.28116006,0.25619256
2531541752,0.4315506,0.30563864,0.26281086
2531545981,0.38393754,0.29257283,0.3234897
2531662900,0.68394786,0.13447106,0.1815811
2531741861,0.20511855,0.53673095,0.2581505
2531898268,0.16952442,0.16684392,0.6636317
2531907371,0.24534398,0.35817134,0.39648467
2531917315,0.34836593,0.24043714,0.4111969
2532017950,0.4998888,0.26250675,0.23760444
2532056682,0.24556977,0.35857275,0.39585748
2532083520,0.40535584,0.29867804,0.2959661
2532120045,0.44139892,0.23956116,0.31903994
2532152100,0.4508564,0.31585833,0.23328525
2532226348,0.43647996,0.28704742,0.2764726
2532258559,0.33970356,0.3585693,0.30172712
2532337604,0.23551753,0.53472406,0.2297584
2532343260,0.35358825,0.3608982,0.28551352
2532450571,0.1716269,0.6543055,0.17406757
2532497838,0.46321496,0.251389,0.28539607
2532561587,0.42621008,0.3111739,0.26261604
2532582172,0.13051811,0.65274465,0.21673721
2532600282,0.44888386,0.28629243,0.26482368
2532622864,0.2133733,0.24566816,0.5409585
2532647452,0.30064836,0.32261136,0.3767403
2532780791,0.09468017,0.10235392,0.8029658
2532887023,0.4825849,0.25915936,0.2582558
2532926285,0.4323195,0.3251843,0.24249624
2532930519,0.27141422,0.29227895,0.43630683
2533178257,0.09322622,0.79171014,0.115063705
2533191798,0.44218445,0.2509332,0.30688232
2533257671,0.67204183,0.14842823,0.17953002
2533312161,0.41273627,0.35075608,0.23650758
2533349449,0.55738586,0.1319676,0.31064647
2533379659,0.19794592,0.2191482,0.5829059
2533394564,0.16130263,0.21551436,0.623183
2533398421,0.38327858,0.3403825,0.27633896
2533418464,0.53979313,0.24727212,0.21293467
2533494626,0.22122331,0.23837273,0.540404
2533606834,0.2961904,0.36391175,0.33989793
2533639483,0.09090887,0.08890323,0.8201878
2533666104,0.31986246,0.35090956,0.32922798
2533671634,0.3166592,0.3343299,0.3490109
2533778579,0.28003156,0.30734438,0.412624
2533866959,0.3433405,0.3525799,0.30407968
2534012116,0.25484836,0.33038223,0.41476944
2534096490,0.4070228,0.32851556,0.26446164
2534184098,0.5766299,0.17991878,0.24345133
2534212649,0.2487293,0.4767287,0.27454203
2534252917,0.2599209,0.27545178,0.46462736
2534325083,0.28667402,0.29051036,0.42281553
2534427432,0.15322945,0.6725325,0.17423809
2534436837,0.30223885,0.27063113,0.42713
2534490119,0.19447868,0.1880025,0.6175189
2534562341,0.5792588,0.1921155,0.22862568
2534654675,0.12951726,0.71228194,0.15820082
2534759797,0.2994344,0.37805685,0.32250875
2534780681,0.34537753,0.34107733,0.31354514
2534788951,0.119455144,0.70898324,0.17156163
2535000291,0.18634859,0.57955116,0.23410022
2535041375,0.33267045,0.44039366,0.22693592
2535063091,0.3282651,0.3716493,0.30008566
2535151146,0.24305336,0.53305966,0.22388697
2535200859,0.4666389,0.23850286,0.2948582
2535213928,0.3796626,0.2797711,0.3405663
2535230452,0.24620467,0.36729163,0.38650364
2535289177,0.52267873,0.2459428,0.23137845
2535338934,0.33795345,0.3400055,0.32204106
2535345787,0.2565168,0.26469168,0.47879145
2535359913,0.29691336,0.25957504,0.4435116
2535361032,0.12983637,0.72465485,0.14550881
2535378246,0.54226744,0.22794943,0.22978322
2535474388,0.28442246,0.3326653,0.38291228
2535476923,0.45450678,0.27098238,0.2745109
2535545853,0.37668377,0.34687588,0.27644035
2535652827,0.77859324,0.09180188,0.12960488
2535707370,0.27263364,0.38729692,0.3400694
2535722101,0.3400562,0.35098544,0.30895838
2535828604,0.30838612,0.35361126,0.33800256
2536040122,0.3104972,0.30140892,0.3880939
2536090702,0.23200807,0.29022565,0.47776634
2536097988,0.56881446,0.19153422,0.23965132
2536118445,0.3439743,0.35976526,0.2962604
2536163506,0.119349904,0.10880285,0.77184725
2536251487,0.3373702,0.3761376,0.28649223
2536395377,0.4911263,0.28944013,0.21943362
2536462370,0.3809434,0.35617325,0.26288337
2536552812,0.36066028,0.39637983,0.24295984
2536577521,0.10385811,0.7681229,0.12801899
2536669978,0.29181153,0.3129203,0.3952682
2536881329,0.32105955,0.33617535,0.3427651
2536983050,0.3240385,0.26309434,0.41286722
2537005479,0.23476629,0.2470726,0.51816106
2537014053,0.27750713,0.47326398,0.24922888
2537046863,0.44209027,0.20945987,0.34844986
2537383260,0.26283932,0.30441615,0.43274456
2537489862,0.27172115,0.342144,0.3861348
2537603373,0.2759538,0.24378401,0.4802622
2537627621,0.39832556,0.31615546,0.285519
2537647025,0.36482203,0.39204532,0.24313255
2537718965,0.27958652,0.37320548,0.34720808
2537917892,0.63724077,0.18967937,0.17307994
2537964234,0.2154987,0.26275626,0.5217451
2537984347,0.20654683,0.21848339,0.57496977
2537996356,0.4249013,0.27275956,0.3023391
2538008452,0.30233645,0.25334007,0.44432345
2538051679,0.75566816,0.10241709,0.14191481
2538136286,0.26117814,0.42984387,0.30897796
2538206956,0.3044795,0.40995085,0.2855696
2538365707,0.5020204,0.25499308,0.24298649
2538366228,0.19935313,0.5266718,0.27397507
2538485422,0.3524381,0.36226374,0.28529826
2538699069,0.3915899,0.3414814,0.26692867
2538755263,0.53873825,0.23557834,0.22568335
2538962424,0.35935864,0.32546228,0.3151791
2539024396,0.2770411,0.29863307,0.42432576
2539028304,0.48237738,0.23043872,0.287184
2539053325,0.35686454,0.42183504,0.22130038
2539120794,0.18601526,0.21593072,0.59805405
2539231356,0.35735452,0.33444232,0.3082032
2539306200,0.2874185,0.30616823,0.40641326
2539416476,0.18791144,0.19410819,0.6179803
2539432015,0.29485607,0.23630397,0.46883988
2539450819,0.63075036,0.16814536,0.20110424
2539492698,0.31973755,0.39190736,0.288355
2539694555,0.33078998,0.324302,0.34490803
2539745227,0.42892596,0.3211014,0.24997264
2539814421,0.30694014,0.3660723,0.32698748
2539903805,0.44718936,0.29618755,0.25662312
2539966737,0.431576,0.3309356,0.23748836
2540071605,0.30128622,0.43344522,0.26526862
2540178480,0.7440656,0.11311853,0.14281592
2540202809,0.07378381,0.067892246,0.858324
2540336691,0.18032832,0.59417164,0.22549997
2540455607,0.24308865,0.43879095,0.31812036
2540514991,0.27473673,0.28331116,0.4419521
2540568928,0.06780161,0.06638215,0.8658162
2540588007,0.18103012,0.66059065,0.15837921
2540830585,0.63471085,0.16761625,0.19767281
2540882480,0.38865232,0.2466474,0.36470026
2541012599,0.8294914,0.05832452,0.112184115
2541197962,0.14888586,0.6756389,0.17547521
2541202229,0.13450404,0.72300166,0.14249428
2541291522,0.21413408,0.3070676,0.4787982
2541309921,0.32355064,0.3927132,0.2837361
2541313135,0.38563183,0.28635943,0.32800877
2541331129,0.2943967,0.37738183,0.3282214
2541340963,0.37009656,0.31214252,0.31776088
2541394922,0.49109554,0.22344759,0.2854569
2541407986,0.33603,0.3142201,0.34974986
2541630667,0.81651664,0.07426758,0.10921577
2541719152,0.36116242,0.23111494,0.40772265
2541761237,0.11065386,0.73915434,0.15019181
2541894458,0.2940281,0.327222,0.37874985
2541987004,0.43552488,0.33279583,0.23167935
2542135598,0.37011895,0.3201297,0.3097514
2542180160,0.24530375,0.2791187,0.4755775
2542215757,0.47354773,0.2712584,0.25519386
2542379515,0.32094744,0.31231907,0.36673343
2542460422,0.21827838,0.20723216,0.5744894
2542474454,0.19640733,0.20149484,0.60209787
2542703922,0.39796713,0.3565019,0.24553096
2542800482,0.31704673,0.4155177,0.2674356
2542889238,0.40201196,0.35096,0.24702814
2542897033,0.3976989,0.341869,0.26043212
2542904685,0.1750275,0.60036325,0.22460926
2542925282,0.35346493,0.31259373,0.33394134
2543003841,0.30255094,0.41472673,0.2827223
2543042591,0.38249552,0.36435717,0.2531473
2543086774,0.52134967,0.22908741,0.24956292
2543145497,0.24014115,0.19777142,0.5620874
2543201354,0.4327796,0.31601235,0.25120795
2543425177,0.1896974,0.18351196,0.6267906
2543643679,0.41788903,0.31176966,0.2703413
2543643731,0.34597266,0.31529924,0.33872804
2543763335,0.47998413,0.27913204,0.24088374
2543803145,0.46928042,0.2678758,0.2628438
2543876793,0.37416503,0.3427661,0.28306887
2543936535,0.10260494,0.78374183,0.11365323
2544146386,0.2799082,0.29460222,0.42548957
2544330747,0.40370846,0.31903037,0.2772612
2544405282,0.70541906,0.094457366,0.20012347
2544636024,0.29764864,0.38236165,0.31998974
2544693599,0.325397,0.35152614,0.3230769
2544755588,0.62294966,0.21134779,0.1657025
2544872838,0.34195837,0.22791573,0.43012592
2544985314,0.23625991,0.51566523,0.24807492
2545154942,0.4961859,0.28080425,0.22300978
2545251303,0.23149352,0.26584694,0.50265956
2545371064,0.7489185,0.10482591,0.14625564
2545371907,0.4067532,0.31508926,0.2781575
2545385705,0.25516608,0.47179338,0.2730405
2545467744,0.814201,0.07511215,0.11068686
2545577325,0.23064311,0.4461502,0.3232067
2545610661,0.32894802,0.3593589,0.31169307
2545667283,0.67446715,0.15901934,0.1665135
2545688464,0.6094751,0.20247369,0.1880512
2545824803,0.26964292,0.39820346,0.33215365
2545851035,0.10078208,0.78270334,0.11651459
2546127021,0.5412497,0.2316362,0.22711414
2546147077,0.2653075,0.21315236,0.5215401
2546241146,0.3574938,0.35835993,0.28414634
2546261020,0.0910885,0.7927131,0.11619841
2546333674,0.45494282,0.30466235,0.24039477
2546425399,0.19136178,0.59138125,0.21725696
2546431269,0.22705837,0.5129992,0.25994244
2546441151,0.38944945,0.37428212,0.23626842
2546556612,0.54774565,0.23238577,0.2198687
2546629930,0.1976736,0.55239683,0.24992956
2546644172,0.2598625,0.47036743,0.26977
2546660362,0.47226188,0.31669715,0.21104094
2546775958,0.2464646,0.3477263,0.40580913
2546830483,0.2991283,0.20934166,0.49153003
2546874277,0.384337,0.26646543,0.34919754
2547093247,0.5050367,0.20592986,0.2890334
2547135546,0.16933955,0.66400105,0.16665943
2547369136,0.37968016,0.31248513,0.30783468
2547541940,0.40185434,0.34066153,0.2574841
2547762701,0.3845269,0.3251367,0.29033637
2547778419,0.24897225,0.43235317,0.3186745
2547785712,0.42275298,0.31638622,0.2608608
2548006364,0.35459983,0.316121,0.32927918
2548069462,0.51109284,0.24579117,0.24311605
2548083658,0.2653326,0.4766339,0.25803342
2548148604,0.23881614,0.29344526,0.46773857
2548270733,0.32938072,0.4044669,0.26615232
2548368564,0.41857988,0.31222066,0.26919943
2548490998,0.11103531,0.09769299,0.79127175
2548503904,0.6441841,0.18810596,0.16770993
2548527014,0.24895577,0.30437976,0.4466645
2548581543,0.25173163,0.24106291,0.5072054
2548636060,0.3281339,0.39953196,0.2723342
2548649952,0.38144132,0.3215159,0.29704276
2548823956,0.64833385,0.16302206,0.18864416
2548923530,0.33742204,0.35934865,0.30322924
2548973834,0.44162288,0.31034514,0.24803197
2549020270,0.37553102,0.34415826,0.2803107
2549046710,0.33793163,0.2690018,0.39306656
2549050703,0.40036044,0.30009034,0.2995492
2549093007,0.63379765,0.1814613,0.184741
2549189756,0.49393088,0.26479533,0.24127382
2549357822,0.33985478,0.34843612,0.31170905
2549357938,0.3652844,0.28233355,0.35238206
2549369550,0.38161203,0.30581468,0.31257328
2549425532,0.81020546,0.08253736,0.10725722
2549436998,0.2080524,0.5741222,0.21782544
2549540662,0.3910907,0.33188492,0.27702442
2549582305,0.32326907,0.32468852,0.35204244
2549601699,0.2918729,0.38645384,0.32167327
2549735995,0.39134583,0.3265673,0.2820869
2549774037,0.2780954,0.30216548,0.41973916
2549952481,0.23653162,0.43297043,0.33049795
2549984791,0.25449827,0.2342405,0.5112612
2550081525,0.43108585,0.2789308,0.28998336
2550100956,0.27814355,0.3247827,0.39707372
2550121768,0.15439315,0.6534433,0.19216353
2550153236,0.21029083,0.569771,0.21993825
2550167012,0.2803276,0.3497752,0.36989725
2550229052,0.35842738,0.32285917,0.31871343
2550375872,0.21537685,0.27005717,0.51456594
2550402332,0.1943055,0.1690576,0.636637
2550472559,0.35705724,0.3490355,0.2939072
2550519097,0.29680648,0.3904116,0.312782
2550625733,0.28744605,0.36486548,0.34768838
2550670719,0.22900483,0.3998747,0.37112048
2550811146,0.3192283,0.3905807,0.29019096
2550825535,0.24462365,0.40034628,0.35503
2550904654,0.46855372,0.26557818,0.2658681
2550933307,0.38675806,0.33360058,0.27964142
2551001579,0.20496844,0.17001902,0.6250126
2551177155,0.7677534,0.08935316,0.14289346
2551197848,0.36588562,0.33432266,0.2997918
2551239900,0.42837408,0.31432033,0.25730562
2551240501,0.43036193,0.2930607,0.27657738
2551306788,0.115577474,0.75782233,0.12660024
2551311080,0.18549372,0.1590488,0.65545744
2551329106,0.29100865,0.34085467,0.36813673
2551628744,0.16330053,0.6414004,0.19529907
2551656016,0.09443964,0.79220146,0.113358915
2551905118,0.23677686,0.26078996,0.5024332
2552015105,0.25014526,0.41223234,0.3376225
2552086766,0.18742225,0.16355684,0.64902097
2552099743,0.24661878,0.5134656,0.23991565
2552260381,0.23860624,0.39239094,0.36900285
2552322088,0.31026894,0.3589591,0.33077192
2552324212,0.38370872,0.38479972,0.23149158
2552365534,0.43927777,0.2866309,0.27409133
2552404452,0.30009922,0.33828533,0.36161542
2552632082,0.3484616,0.27713954,0.37439886
2552742311,0.28542393,0.43602893,0.2785471
2552774996,0.5888341,0.18160504,0.22956085
2552782004,0.2107646,0.22682792,0.56240755
2552784170,0.108900264,0.73560315,0.15549658
2552897574,0.28055397,0.36165765,0.35778835
2552928229,0.10919179,0.7664526,0.12435556
2552986109,0.101715475,0.7564482,0.14183636
2553058517,0.26526436,0.4211026,0.31363308
2553106585,0.53514117,0.23608112,0.22877774
2553179428,0.22761649,0.47864565,0.29373783
2553236711,0.3009581,0.42321983,0.2758221
2553242423,0.42623863,0.3203174,0.25344405
2553257540,0.23977034,0.4403171,0.31991252
2553269780,0.44655555,0.27171594,0.28172842
2553315428,0.32282162,0.333895,0.34328344
2553367200,0.18881012,0.13852945,0.6726604
2553569090,0.35817367,0.3143617,0.32746458
2553652262,0.11180927,0.10917996,0.7790107
2553719036,0.18318938,0.57952154,0.23728903
2553802827,0.33041435,0.39033607,0.27924964
2554061210,0.4066039,0.2957246,0.29767147
2554094666,0.3731162,0.36356577,0.26331803
2554225978,0.36946705,0.37458596,0.25594705
2554298942,0.18331063,0.5893788,0.22731061
2554383235,0.29468647,0.3326723,0.3726412
2554400146,0.5379691,0.22039846,0.24163239
2554468532,0.31872782,0.3766677,0.30460456
2554643242,0.21631534,0.24323744,0.5404472
2554755362,0.23265709,0.3336157,0.43372723
2554874025,0.47123018,0.2722336,0.2565361
2555062262,0.6008634,0.13662405,0.26251256
2555183130,0.3447855,0.3818445,0.27337
2555202669,0.1432556,0.6509121,0.20583223
2555217630,0.4200583,0.2832934,0.29664832
2555290677,0.29385626,0.35644832,0.34969535
2555325947,0.32215336,0.31868804,0.35915858
2555416077,0.44049108,0.3210469,0.23846208
2555556165,0.39637935,0.27084824,0.33277243
2555569255,0.34418687,0.36847392,0.28733915
2555636348,0.47473994,0.2616517,0.26360837
2555724000,0.058386765,0.05767369,0.8839395
2555775197,0.44261706,0.3241319,0.23325102
2555895221,0.32282045,0.36270583,0.31447375
2556038397,0.0912874,0.79735297,0.111359574
2556041753,0.435109,0.25473496,0.31015605
2556072908,0.4256571,0.30782506,0.26651797
2556111406,0.39987287,0.3517434,0.2483838
2556111767,0.47616574,0.28707817,0.23675616
2556130462,0.4711346,0.29467985,0.23418552
2556152335,0.12064719,0.12524483,0.75410795
2556155375,0.1373563,0.7081634,0.15448031
2556292670,0.31599492,0.3542605,0.3297446
2556436239,0.2053737,0.41491345,0.37971282
2556450717,0.20216988,0.56460893,0.23322114
2556494930,0.37645662,0.35515627,0.26838708
2556565231,0.43008974,0.27070245,0.2992079
2556575729,0.28499553,0.358319,0.35668537
2556642620,0.18273169,0.62485915,0.19240919
2556732787,0.33029732,0.3811404,0.28856227
2556741702,0.751584,0.10495873,0.14345731
2556836379,0.32737663,0.3654673,0.30715594
2556861019,0.4657748,0.26572335,0.2685018
2556887102,0.2902962,0.32489672,0.384807
2556920032,0.2728857,0.44862023,0.27849403
2556922121,0.5848377,0.18639651,0.22876579
2556942156,0.40032282,0.33723795,0.26243913
2556947291,0.2928026,0.20971678,0.49748057
2557050239,0.18505695,0.16616158,0.6487815
2557086860,0.1311203,0.12983258,0.73904717
2557301104,0.21327962,0.25633228,0.53038806
2557338624,0.6176368,0.1973309,0.18503237
2557426035,0.20383601,0.5891708,0.20699327
2557621764,0.3734288,0.3287989,0.2977723
2557740500,0.2567535,0.32101962,0.4222269
2557773359,0.571038,0.2136394,0.21532267
2557902369,0.33499545,0.36257163,0.302433
2557974138,0.17674394,0.18076845,0.64248765
2557979542,0.29945982,0.3472022,0.35333797
2558121315,0.27244788,0.43685526,0.29069695
2558189332,0.21536532,0.5214883,0.26314637
2558368942,0.4964794,0.28032652,0.22319412
2558423442,0.32940862,0.38767853,0.28291285
2558463228,0.41390547,0.34174022,0.24435426
2558685922,0.37095782,0.29295936,0.33608282
2558688831,0.1651867,0.6310462,0.20376709
2558722567,0.37314543,0.31206703,0.31478745
2558812466,0.12682636,0.10439043,0.7687832
2558888938,0.26623645,0.39134765,0.34241593
2558907693,0.22049694,0.17584932,0.6036537
2558915012,0.472416,0.25006312,0.27752092
2558987635,0.4268235,0.3186946,0.25448197
2559028283,0.24225935,0.24166359,0.5160771
2559033610,0.4353026,0.28229722,0.28240022
2559108447,0.5355772,0.20794092,0.25648195
2559133232,0.2081957,0.35562894,0.4361754
2559233136,0.12096908,0.71018565,0.16884522
2559254478,0.103506826,0.092701614,0.8037915
2559400590,0.34883648,0.3594159,0.29174763
2559479990,0.22817872,0.4234645,0.34835687
2559525029,0.4586683,0.27662954,0.2647022
2559680517,0.23748782,0.2649226,0.49758965
2559711092,0.49194956,0.26136187,0.24668846
2559743854,0.45374325,0.30334562,0.24291119
2559848281,0.3814794,0.30274045,0.31578013
2559981784,0.27583268,0.4202328,0.3039346
2559982544,0.5889628,0.185232,0.22580515
2559985301,0.64704806,0.16741313,0.18553872
2560010447,0.26310116,0.34715065,0.38974816
2560144452,0.37955686,0.3949513,0.2254917
2560146097,0.12319562,0.14443679,0.7323676
2560187331,0.82489705,0.0720078,0.10309522
2560191941,0.43999115,0.31327,0.24673884
2560340874,0.3110005,0.35657257,0.3324269
2560450378,0.21919483,0.2108942,0.56991094
2560455717,0.3255628,0.26261252,0.4118247
2560507580,0.1593311,0.16589814,0.6747707
2560530174,0.15198041,0.17622107,0.67179847
2560595659,0.30417117,0.39370796,0.30212083
2560625233,0.28074822,0.45729193,0.26195985
2560729373,0.25858617,0.30064628,0.44076762
2560746819,0.21711163,0.50388813,0.27900022
2560760095,0.53682446,0.23651086,0.22666468
2560768890,0.26616874,0.36840647,0.3654248
2560804572,0.3673163,0.3006527,0.332031
2560832433,0.22758634,0.20622781,0.5661859
2560858379,0.6044125,0.1945334,0.20105413
2560932501,0.61574906,0.19959769,0.18465325
2561087050,0.36179376,0.34170148,0.29650477
2561133650,0.6806498,0.15472123,0.16462897
2561201752,0.62209374,0.16666071,0.21124557
2561331620,0.280492,0.40356612,0.31594187
2561355295,0.20515044,0.3001761,0.49467346
2561397858,0.11636032,0.11355817,0.7700815
2561485527,0.33748603,0.24437091,0.41814303
2561497668,0.7021684,0.13265403,0.16517763
2561552090,0.37671056,0.3108746,0.31241482
2561584512,0.47410825,0.2500077,0.2758841
2561766039,0.25347027,0.28863612,0.4578936
2561818642,0.33695978,0.32655168,0.33648857
2561887031,0.5700408,0.18963102,0.24032818
2561988130,0.14274053,0.7114711,0.14578848
2562036017,0.1049145,0.08762215,0.8074633
2562212391,0.19651452,0.5827367,0.22074881
2562293514,0.37532222,0.32351074,0.301167
2562418874,0.15717469,0.6312196,0.21160564
2562421247,0.31151345,0.35934517,0.32914138
2562574375,0.21436471,0.22793499,0.5577002
2562648264,0.4099065,0.3364285,0.25366494
2562675363,0.3838028,0.3624079,0.25378934
2562699371,0.47981608,0.23379946,0.28638446
2562732118,0.09525584,0.78660035,0.118143804
2562752302,0.2561698,0.2984709,0.44535926
2562993561,0.15835768,0.6528395,0.18880284
2563012885,0.25162354,0.29062685,0.45774952
2563013176,0.5358171,0.24997835,0.21420458
2563145483,0.07038034,0.0618432,0.8677764
2563306339,0.32103822,0.35220566,0.32675615
2563367209,0.3143299,0.2249409,0.46072924
2563437284,0.25249556,0.4621461,0.28535837
2563440125,0.48088622,0.27318835,0.24592547
2563496292,0.4758605,0.2672007,0.2569388
2563503308,0.6006128,0.17466845,0.22471878
2563663382,0.5131438,0.23185337,0.25500286
2563680990,0.26039925,0.25176877,0.48783195
2563987132,0.27297625,0.2757436,0.45128018
2563990743,0.36376828,0.27825618,0.35797554
2564019412,0.22295097,0.32123318,0.4558158
2564086996,0.3430628,0.32578346,0.3311537
2564119629,0.48396757,0.29504263,0.22098984
2564124554,0.33260477,0.33833006,0.32906517
2564207957,0.08795445,0.78501534,0.1270302
2564242253,0.24034289,0.40533745,0.3543196
2564273742,0.16221146,0.60334975,0.23443875
2564297193,0.2551194,0.3764741,0.36840653
2564516974,0.37255067,0.39569297,0.23175637
2564517581,0.22567317,0.21826239,0.5560644
2564530842,0.46790028,0.26700705,0.26509267
2564758066,0.5494361,0.2429897,0.2075742
2564775726,0.2707109,0.25498083,0.47430828
2564832447,0.53219956,0.2549119,0.21288851
2564846673,0.4333708,0.26968732,0.29694182
2564856045,0.41896874,0.3238134,0.25721788
2564890893,0.2972393,0.39893267,0.30382797
2564926358,0.52840894,0.24553782,0.22605321
2565030718,0.20586537,0.18476439,0.60937023
2565077999,0.31484318,0.2574453,0.42771155
2565228957,0.30554968,0.4356042,0.25884613
2565257165,0.3733741,0.33915687,0.28746903
2565437073,0.22364967,0.27230683,0.5040435
2565446845,0.6493763,0.15719356,0.19343008
2565588552,0.5588029,0.20246263,0.23873445
2565833382,0.3869993,0.34085187,0.27214885
2565880960,0.4077293,0.30593634,0.2863343
2565882889,0.11768826,0.0910045,0.7913073
2565884287,0.22129408,0.41912988,0.3595761
2565954250,0.18479085,0.5997752,0.21543401
2565968934,0.17075661,0.658583,0.17066042
2566059590,0.5431888,0.21574631,0.24106489
2566227372,0.57973784,0.23086905,0.18939318
2566230853,0.32183734,0.36534822,0.3128144
2566317701,0.27568683,0.38745153,0.33686164
2566327879,0.1532103,0.6542538,0.19253585
2566362921,0.50571257,0.29815382,0.19613357
2566379970,0.21276827,0.46527424,0.3219574
2566404808,0.10465971,0.092036694,0.8033036
2566433277,0.13694768,0.14235161,0.7207007
2566474696,0.3125226,0.42235956,0.26511782
2566527591,0.33513278,0.37963977,0.28522742
2566530549,0.16355768,0.16589366,0.6705487
2566572917,0.6415609,0.15894914,0.19948997
2566647668,0.30928764,0.39016786,0.3005445
2566707734,0.25725436,0.31833962,0.42440602
2566761654,0.3944431,0.30392423,0.30163264
2566869002,0.5632101,0.19993699,0.23685291
2566987783,0.23176858,0.5005269,0.26770446
2567123158,0.20842698,0.47882023,0.31275275
2567222249,0.32267508,0.35426402,0.3230609
2567235842,0.16720249,0.6158108,0.2169867
2567236013,0.4604592,0.2960271,0.24351366
2567340275,0.6239191,0.1834487,0.19263214
2567407991,0.5301764,0.24880035,0.22102322
2567416461,0.33444667,0.2496461,0.4159072
2567488532,0.27024415,0.28416568,0.44559014
2567537496,0.33409882,0.3460628,0.31983837
2567555943,0.36368236,0.35833105,0.2779866
2567619441,0.15110412,0.1373411,0.7115547
2567664037,0.48020416,0.18773328,0.33206257
2567777287,0.4370895,0.2695894,0.29332107
2567876729,0.23407952,0.41362214,0.35229835
2567935459,0.1026473,0.7377818,0.1595709
2567937859,0.4611922,0.23453535,0.30427247
2567970683,0.20578553,0.5645643,0.22965017
2568043737,0.36392465,0.33571157,0.30036378
2568128555,0.14795212,0.6853488,0.16669902
2568184198,0.09804081,0.77148044,0.13047867
2568211184,0.37882292,0.32706383,0.29411328
2568213839,0.22011034,0.5235819,0.25630766
2568374011,0.13942555,0.6796223,0.18095218
2568398627,0.23810612,0.5245587,0.23733519
2568526189,0.45977598,0.29538947,0.24483456
2568531318,0.3684059,0.322397,0.30919707
2568571238,0.6213544,0.16709627,0.2115493
2568647193,0.2805699,0.38583207,0.333598
2568698704,0.22908562,0.45948055,0.31143385
2568778935,0.4941219,0.15567635,0.35020173
2568983817,0.701634,0.12633228,0.17203379
2569073880,0.34129143,0.3527822,0.30592635
2569323393,0.21975128,0.38701692,0.3932318
2569441550,0.4012415,0.33123773,0.26752073
2569473007,0.42494947,0.31239206,0.26265854
2569514283,0.0870907,0.7825785,0.13033083
2569549059,0.5821425,0.2014983,0.21635918
2569620909,0.37995556,0.33333248,0.28671193
2569668506,0.2510555,0.3064282,0.44251636
2569765367,0.45313612,0.27605915,0.27080473
2569934360,0.3909302,0.37233812,0.23673163
2570192656,0.4832078,0.23542061,0.28137162
2570214049,0.25249332,0.36206955,0.38543713
2570224924,0.3701745,0.33045274,0.2993728
2570248818,0.38907143,0.29409763,0.31683096
2570348395,0.78701013,0.073188916,0.13980095
2570371133,0.7517322,0.095945515,0.1523223
2570502856,0.41093642,0.19664155,0.392422
2570513484,0.20968065,0.18632235,0.60399705
2570521324,0.23596148,0.22216237,0.54187614
2570729230,0.35550544,0.33886135,0.30563316
2570775538,0.6484874,0.18019325,0.17131934
2570786781,0.6256524,0.18732262,0.18702503
2570827944,0.32871464,0.306177,0.3651084
2570845098,0.2808456,0.4610166,0.25813776
2570989261,0.3799455,0.33007482,0.28997973
2571010448,0.2491682,0.41761005,0.33322182
2571036726,0.10395108,0.764601,0.13144796
2571039743,0.24587503,0.22209917,0.5320258
2571054258,0.42686185,0.33739978,0.23573838
2571215086,0.33866954,0.31565103,0.34567946
2571257997,0.31061143,0.27200058,0.417388
2571371934,0.42494345,0.2393513,0.33570534
2571396193,0.34034926,0.34261155,0.3170392
2571449535,0.4781908,0.27822155,0.24358764
2571498151,0.3869472,0.33943552,0.2736172
2571499918,0.39463916,0.34461734,0.2607435
2571507315,0.33708498,0.33758116,0.32533392
2571676951,0.3153901,0.36466545,0.3199445
2571713555,0.30234036,0.3672912,0.33036843
2571742642,0.26341784,0.3668957,0.36968642
2571753258,0.34670419,0.33043513,0.3228607
2571758532,0.7224424,0.10377793,0.17377964
2571825966,0.29461303,0.43710956,0.2682775
2571969817,0.3456743,0.30902663,0.34529918
2572000241,0.3247453,0.38763824,0.2876165
2572028806,0.39273995,0.2989809,0.30827913
2572094248,0.16815382,0.1825613,0.6492849
2572095837,0.5502941,0.23792602,0.21177985
2572122298,0.08848207,0.08708186,0.82443607
2572158175,0.2730435,0.3188761,0.40808037
2572173053,0.29838723,0.34951746,0.35209534
2572254794,0.2522325,0.38547704,0.3622904
2572265281,0.3625904,0.27197957,0.36543
2572361130,0.32923374,0.3232259,0.34754038
2572451703,0.31598824,0.42954287,0.25446895
2572494103,0.104882985,0.75263083,0.14248624
2572751683,0.23446657,0.49869546,0.26683795
2572771455,0.328713,0.39434326,0.2769437
2572792478,0.14871679,0.6654913,0.18579192
2572951395,0.49544948,0.25332975,0.25122076
2572999397,0.14646783,0.69098693,0.16254523
2573013241,0.5979915,0.18383868,0.21816975
2573077211,0.5557144,0.1966806,0.24760492
2573356445,0.2747558,0.3596925,0.36555162
2573562526,0.28426066,0.32600117,0.3897382
2573568015,0.3814641,0.3597347,0.25880122
2573646918,0.146623,0.6790203,0.17435668
2573674096,0.77839607,0.09455007,0.12705386
2573709464,0.4782238,0.24801102,0.27376512
2573799204,0.13932313,0.7054811,0.15519576
2573870163,0.35280344,0.35360482,0.29359174
2573951046,0.33273882,0.3544677,0.3127935
2573979481,0.4657849,0.19518761,0.33902746
2573997199,0.35280553,0.3333402,0.31385428
2574049739,0.19711505,0.17036085,0.6325241
2574093650,0.31466717,0.41258484,0.272748
2574361253,0.1666843,0.124335684,0.70898
2574400693,0.11765197,0.7319567,0.15039136
2574463656,0.32144597,0.36409655,0.31445748
2574531770,0.14301205,0.69752574,0.15946215
2574535356,0.4927579,0.22867593,0.2785661
2574639178,0.16988951,0.636353,0.19375752
2574640514,0.077861905,0.8180777,0.10406039
2574653521,0.45469633,0.2839485,0.26135513
2574653643,0.7287635,0.10971266,0.16152382
2574729462,0.527402,0.1891913,0.2834067
2574801605,0.21586919,0.5412769,0.24285392
2574813086,0.32627156,0.39814097,0.27558747
2574944266,0.284596,0.3821915,0.33321255
2575017047,0.17486008,0.13925664,0.6858832
2575293652,0.30891207,0.29226723,0.3988207
2575356737,0.110616975,0.7491841,0.14019898
2575568547,0.25817546,0.23329237,0.50853217
2575845512,0.7222384,0.11195057,0.165811
2575846416,0.43991375,0.22661263,0.33347356
2575888451,0.42346865,0.3115318,0.2649996
2575906208,0.21224545,0.21729247,0.57046205
2576302495,0.24271697,0.4450881,0.3121949
2576383355,0.33993345,0.37598065,0.28408596
2576532554,0.4953702,0.2508454,0.25378436
2576544990,0.1466936,0.700264,0.15304235
2576615080,0.07056982,0.83466667,0.09476352
2576678855,0.46504328,0.24109618,0.29386058
2576684501,0.12816146,0.7389536,0.13288493
2576720866,0.11707337,0.75639826,0.12652841
2576834936,0.37667152,0.3138733,0.30945516
2576898546,0.21838272,0.50315225,0.278465
2576903993,0.29014912,0.29710022,0.4127507
2577038900,0.36193645,0.32911333,0.30895025
2577072850,0.35352138,0.3325675,0.3139111
2577256988,0.38819736,0.33001086,0.2817918
2577353930,0.19523668,0.14991514,0.65484816
2577378462,0.65287256,0.15260457,0.19452286
2577382365,0.31293222,0.38100207,0.30606565
2577407319,0.33216557,0.41390264,0.2539317
2577409439,0.073500946,0.8231668,0.10333231
2577456351,0.35510832,0.3326835,0.31220815
2577568903,0.18769668,0.45191854,0.36038476
2577805725,0.43034935,0.3141029,0.25554773
2577839865,0.2838968,0.26929536,0.44680783
2577840631,0.27702287,0.25854504,0.464432
2577947699,0.4094524,0.25840762,0.33213997
2578017480,0.17030591,0.5795832,0.2501109
2578050231,0.35297173,0.36579219,0.28123608
2578096290,0.49050426,0.19076397,0.3187318
2578154479,0.5477046,0.22997649,0.22231889
2578193758,0.3315749,0.29339337,0.3750317
2578203683,0.31140646,0.32868832,0.35990518
2578211328,0.3164921,0.35084164,0.33266625
2578213614,0.2572626,0.37365058,0.3690868
2578307728,0.57167244,0.23042409,0.1979035
2578311941,0.3360021,0.21345344,0.45054436
2578345002,0.20375411,0.56108063,0.23516527
2578349228,0.20776989,0.20713434,0.58509576
2578753573,0.7292094,0.122781985,0.14800858
2578822795,0.29346776,0.32948056,0.37705174
2578861050,0.35293558,0.3490887,0.2979758
2578883673,0.16779186,0.6148802,0.21732791
2578973768,0.16627885,0.6307835,0.2029376
2578998626,0.37047854,0.30978277,0.31973863
2579080458,0.23536214,0.47780257,0.28683528
2579170949,0.34280792,0.2453499,0.41184217
2579266953,0.15231399,0.6738996,0.17378642
2579269395,0.3116328,0.35997903,0.32838812
2579412333,0.5420815,0.20762606,0.25029248
2579928047,0.3321093,0.3749039,0.29298687
2579936094,0.59567434,0.19838993,0.20593576
2579961309,0.46847934,0.29478732,0.23673338
2580014955,0.3071282,0.38030598,0.31256583
2580286529,0.23442528,0.29802915,0.4675455
2580582213,0.36291438,0.30974203,0.32734352
2580602883,0.46944287,0.2864696,0.24408743
2580623008,0.36022645,0.35222986,0.28754365
2580711932,0.45254982,0.27581963,0.27163056
2580722050,0.30313286,0.3041261,0.39274102
2580761437,0.28425187,0.34370312,0.37204498
2580787707,0.35176137,0.35953626,0.28870234
2580883414,0.14166899,0.116086915,0.74224406
2580896958,0.7031497,0.115584224,0.18126611
2580910997,0.15364015,0.6734059,0.172954
2580971983,0.22933666,0.20974481,0.56091845
2581202760,0.3863642,0.33036888,0.283267
2581543696,0.27924305,0.4115587,0.30919826
2581593185,0.27699992,0.4246883,0.2983119
2581599999,0.2823483,0.45689368,0.26075795
2581635664,0.20586737,0.1300242,0.6641084
2581658673,0.39324692,0.2514967,0.35525635
2581681697,0.76044023,0.09435941,0.14520037
2581731284,0.3113201,0.34247372,0.3462062
2581745122,0.32173747,0.27928486,0.3989776
2581758767,0.34119338,0.31240425,0.34640235
2582116002,0.37430108,0.2919035,0.33379546
2582120268,0.23378603,0.5648423,0.20137171
2582148102,0.38325042,0.2686076,0.3481421
2582244519,0.39787233,0.3348578,0.26726988
2582290857,0.296532,0.3895609,0.3139071
2582314971,0.11964788,0.7543874,0.12596476
2582347445,0.36931038,0.33284187,0.2978478
2582354624,0.7956778,0.075389676,0.1289326
2582388891,0.344899,0.325976,0.32912502
2582442722,0.26426628,0.28980094,0.44593278
2582571671,0.32629904,0.38965166,0.28404933
2582576780,0.19914405,0.53361875,0.26723716
2582594509,0.34624895,0.40620148,0.24754956
2582613481,0.36590266,0.29700705,0.33709034
2582637048,0.30104873,0.3823717,0.31657955
2582647096,0.33007494,0.30205768,0.36786732
2582798362,0.5216437,0.24688357,0.23147275
2582835428,0.2608655,0.24312596,0.49600857
2582837528,0.22273089,0.19475195,0.5825172
2582893122,0.49906388,0.23355962,0.26737648
2582999789,0.3571687,0.26560283,0.3772284
2583045447,0.28557366,0.26078716,0.45363924
2583158020,0.36662105,0.28541544,0.3479635
2583220344,0.4645234,0.29068628,0.24479036
2583285536,0.19377927,0.56468034,0.24154045
2583450004,0.30981103,0.3491625,0.34102648
2583487988,0.5570254,0.23231736,0.21065731
2583523069,0.2573389,0.4920441,0.25061697
2583538756,0.38579297,0.30780703,0.3064001
2583648342,0.3914194,0.3180361,0.29054448
2583771524,0.32494646,0.40968096,0.2653725
2583808297,0.6410057,0.16727561,0.1917187
2583824622,0.5265419,0.24150723,0.23195095
2583865924,0.2371364,0.28476784,0.4780957
2583913218,0.34145406,0.40151036,0.2570356
2583958129,0.12298068,0.7234566,0.15356277
2584052256,0.7194295,0.13443406,0.14613649
2584345440,0.6624021,0.16024473,0.1773531
2584512500,0.28887272,0.35759085,0.35353646
2584519588,0.30968118,0.36805508,0.3222638
2584542106,0.34290192,0.39416656,0.26293156
2584552141,0.14948308,0.11012938,0.74038756
2584719288,0.28793836,0.30664858,0.40541303
2584761902,0.33612528,0.3481172,0.31575757
2584790647,0.33243445,0.3397873,0.32777828
2584862376,0.24809664,0.45692533,0.29497805
2585006207,0.68067104,0.1681778,0.15115114
2585054606,0.28056353,0.44820976,0.27122673
2585387815,0.42090085,0.29134247,0.2877567
2585414767,0.6992943,0.1399278,0.16077784
2585429922,0.17449732,0.5702839,0.25521874
2585489869,0.7184178,0.113559276,0.16802287
2585609231,0.23261347,0.48894653,0.27844003
2585648510,0.41035587,0.26834008,0.321304
2585775492,0.30942068,0.39655122,0.2940281
2585805226,0.35072717,0.41031197,0.2389608
2585851496,0.22192031,0.21974388,0.5583358
2585873089,0.21414028,0.5328093,0.25305042
2585883531,0.15440607,0.6394556,0.20613831
2585903806,0.3765745,0.35615006,0.26727545
2585974632,0.4594175,0.3168828,0.22369966
2586146347,0.5732077,0.19670923,0.23008308
2586165092,0.60456,0.200833,0.19460694
2586193096,0.60663384,0.20977539,0.18359077
2586237000,0.37805328,0.32553965,0.2964071
2586261110,0.26411593,0.5252896,0.21059449
2586321009,0.28423092,0.33059,0.385179
2586355212,0.3648874,0.35722622,0.27788633
2586370783,0.24863614,0.25434387,0.49702
2586572429,0.3377192,0.33871236,0.3235684
2586578494,0.112602524,0.10516924,0.78222823
2586616243,0.38517675,0.35722107,0.25760216
2586739655,0.18778956,0.54360986,0.2686006
2586972269,0.25432575,0.3681145,0.37755978
2587233030,0.3321106,0.43658206,0.23130734
2587262160,0.30310073,0.35422698,0.3426722
2587267521,0.3794995,0.37390232,0.24659818
2587352843,0.3364536,0.36537647,0.29816994
2587433933,0.35860243,0.32234827,0.3190493
2587639318,0.4521607,0.2660516,0.28178766
2587675070,0.1307347,0.7033736,0.16589172
2587746925,0.42432627,0.3220889,0.25358474
2587800470,0.432977,0.28375116,0.2832718
2587808407,0.17787106,0.39922434,0.42290455
2587922487,0.3971404,0.3433843,0.25947523
2588305194,0.22737902,0.49161497,0.28100598
2588353027,0.33541936,0.34469467,0.3198861
2588407701,0.27929908,0.30807802,0.4126229
2588455945,0.3132584,0.35376018,0.3329814
2588502745,0.20487136,0.21065378,0.58447486
2588504161,0.3180147,0.40992522,0.2720601
2588523118,0.26853997,0.4500375,0.2814226
2588530697,0.28631288,0.43749118,0.2761959
2588633474,0.3349867,0.34170613,0.32330722
2588657183,0.34807318,0.35604316,0.29588372
2588703006,0.30748188,0.3566381,0.33588004
2588715047,0.17549402,0.16186693,0.662639
2588762617,0.45740524,0.29475442,0.24784036
2588770112,0.68513024,0.1431086,0.17176118
2588961945,0.24759492,0.49749762,0.25490734
2589004303,0.386817,0.32702377,0.28615925
2589015863,0.32762402,0.19717474,0.47520125
2589131468,0.23008387,0.37243447,0.3974817
2589136123,0.41621637,0.2051314,0.3786522
2589323167,0.5399653,0.24566583,0.21436888
2589405296,0.4330527,0.286323,0.2806243
2589783532,0.48703772,0.22620535,0.286757
2589793146,0.32372198,0.41897702,0.25730097
2589811980,0.099558346,0.7860447,0.11439687
2589851649,0.26094827,0.3318406,0.40721118
2589917349,0.3424004,0.33233765,0.32526192
2589922780,0.24509373,0.50933415,0.24557208
2590031046,0.14498757,0.6714358,0.18357669
2590087594,0.3630405,0.2973725,0.33958694
2590162089,0.5741818,0.19400148,0.23181678
2590428203,0.17313081,0.20035318,0.6265161
2590810933,0.32885247,0.29372314,0.3774244
2590836410,0.30625287,0.37396067,0.3197865
2590974056,0.26509416,0.2358929,0.499013
2591037737,0.27491143,0.34502327,0.38006535
2591107100,0.3160894,0.36162308,0.32228756
2591193267,0.2504822,0.49193147,0.25758636
2591193336,0.3069369,0.3343422,0.35872084
2591196030,0.52332246,0.23343763,0.24323994
2591288484,0.30542663,0.3204938,0.3740796
2591395972,0.3529913,0.34196958,0.30503905
2591403764,0.52496475,0.21177866,0.26325667
2591644924,0.41004264,0.26889008,0.3210673
2591680025,0.2526397,0.25445038,0.49290985
2591702662,0.73448443,0.09350191,0.17201366
2591839750,0.17090054,0.23517919,0.59392023
2591892208,0.2570603,0.46102723,0.2819125
2591951565,0.19891448,0.61572427,0.18536113
2592121848,0.5269,0.2290584,0.24404167
2592317676,0.29839653,0.44349244,0.258111
2592323547,0.34959617,0.3446823,0.30572152
2592416389,0.31821233,0.3754941,0.3062936
2592532638,0.3638355,0.28217208,0.3539924
2592539888,0.106426395,0.7410683,0.15250532
2592571642,0.37057707,0.30386695,0.3255559
2592585456,0.53384745,0.20496967,0.26118287
2592637974,0.23796953,0.27078485,0.4912456
2592734188,0.2585768,0.24720694,0.49421623
2592836484,0.11446425,0.7246553,0.16088049
2592911514,0.22623985,0.29359868,0.4801614
2592950359,0.58819133,0.20734449,0.20446415
2593016775,0.4654845,0.2906415,0.243874
2593050210,0.3063348,0.32686466,0.3668006
2593086553,0.6770812,0.14273448,0.18018427
2593094754,0.28343758,0.3037193,0.4128431
2593160066,0.25115418,0.14086133,0.6079845
2593210553,0.4132959,0.28796473,0.29873934
2593274332,0.23499614,0.49174735,0.27325648
2593279952,0.29516488,0.43569842,0.26913673
2593437543,0.26889548,0.39893904,0.33216548
2593462218,0.37253284,0.35145223,0.27601492
2593528722,0.2502729,0.18130998,0.5684171
2593535776,0.32766804,0.33542916,0.33690283
2593572647,0.26353008,0.30685326,0.4296167
2593594832,0.2961499,0.4226844,0.2811657
2593632266,0.3889239,0.35421246,0.25686368
2593716338,0.11178594,0.09425806,0.793956
2593753482,0.35605073,0.33907914,0.3048701
2593823361,0.090690956,0.08959271,0.8197164
2593852974,0.49361664,0.25860292,0.24778041
2593854760,0.3996887,0.37485865,0.22545266
2593873164,0.6918104,0.15736286,0.15082672
2594058834,0.21706808,0.4515507,0.33138123
2594134551,0.35764992,0.32420853,0.31814158
2594182224,0.12195361,0.11223082,0.7658156
2594222710,0.15291266,0.6665729,0.1805145
2594234591,0.46547496,0.2806319,0.2538932
2594406303,0.32226783,0.24642575,0.43130648
2594560709,0.29590988,0.33330074,0.37078932
2594574393,0.43429592,0.2725566,0.29314747
2594585514,0.385147,0.29823655,0.3166165
2594650909,0.41860873,0.25610626,0.32528505
2594705512,0.18781786,0.19300807,0.61917406
2594706143,0.24115121,0.2971437,0.46170515
2594726433,0.38359103,0.34054524,0.2758637
2594727192,0.60828024,0.15602827,0.23569144
2594902436,0.26565793,0.42048,0.31386206
2595153086,0.46389523,0.28599292,0.25011194
2595200122,0.44988695,0.26486894,0.2852441
2595305120,0.26185596,0.32448322,0.4136609
2595310384,0.3639007,0.34006462,0.29603478
2595319192,0.38154593,0.2398314,0.37862256
2595337033,0.17321338,0.62528527,0.20150138
2595500425,0.3800546,0.33291498,0.28703046
2595503808,0.8077405,0.067593046,0.124666475
2595620334,0.36576107,0.22435126,0.40988764
2595644358,0.6292542,0.16958612,0.20115967
2595683588,0.25550774,0.5252391,0.21925315
2595701261,0.51419634,0.23876114,0.24704258
2595853721,0.27561155,0.34705603,0.37733245
2595925208,0.16663538,0.57414716,0.2592174
2595972295,0.49804997,0.23725833,0.26469165
2596061350,0.2754804,0.26885802,0.4556615
2596121580,0.35101694,0.33732477,0.3116583
2596141353,0.21629064,0.19341177,0.59029764
2596316045,0.3471631,0.36707985,0.285757
2596347042,0.42310196,0.28268135,0.2942167
2596389315,0.60136056,0.19179533,0.20684415
2596510101,0.493854,0.2195641,0.28658187
2596516085,0.5222916,0.24447854,0.2332298
2596627771,0.22377478,0.3981869,0.37803832
2596667733,0.499114,0.26643965,0.23444639
2596725688,0.2497225,0.39813897,0.35213852
2596894929,0.3414026,0.34096864,0.3176287
2596928513,0.40101552,0.2940847,0.30489972
2596934273,0.39326712,0.34705114,0.25968167
2597189802,0.28457087,0.31176865,0.40366048
2597396357,0.24238414,0.23592804,0.5216878
2597478685,0.23184308,0.29588845,0.47226852
2597497771,0.28050163,0.40493742,0.31456098
2597751658,0.15411726,0.6872661,0.1586166
2597764849,0.11262852,0.752265,0.13510656
2597795350,0.48820865,0.27218005,0.23961133
2597850990,0.070992894,0.82775736,0.10124976
2597865438,0.3901373,0.35696536,0.25289726
2597881937,0.54845184,0.21454045,0.23700768
2597917651,0.41641614,0.3160434,0.26754043
2597934654,0.22546332,0.49054977,0.28398693
2597941372,0.13448456,0.11533101,0.7501844
2598064259,0.120846674,0.7500813,0.12907204
2598065831,0.4259607,0.19488499,0.37915432
2598110821,0.22760233,0.43135247,0.34104517
2598230187,0.31503987,0.34436005,0.34060016
2598279392,0.3297463,0.34897885,0.32127482
2598290528,0.44205415,0.26433277,0.29361305
2598345470,0.45792446,0.2637667,0.27830887
2598352607,0.21934111,0.5364364,0.24422252
2598399363,0.37785658,0.32448402,0.29765937
2598437025,0.45559725,0.29918373,0.24521902
2598576303,0.2533281,0.4132987,0.33337316
2598765694,0.30092147,0.39619315,0.3028853
2598849559,0.30836466,0.39451516,0.2971202
2599069978,0.4659555,0.27101675,0.26302785
2599091146,0.42021763,0.3345692,0.24521315
2599147869,0.28640175,0.4179974,0.29560086
2599182961,0.3746615,0.26969585,0.3556427
2599187151,0.19635528,0.60830116,0.1953436
2599246207,0.3697727,0.27842447,0.3518028
2599346419,0.46150762,0.29515287,0.24333946
2599352368,0.47999072,0.2794189,0.24059035
2599400072,0.44428185,0.27417344,0.28154474
2599594442,0.21873112,0.49026588,0.29100302
2599625562,0.3304234,0.35482138,0.31475514
2599712404,0.32517758,0.4450681,0.22975424
2599749744,0.21006298,0.2404312,0.5495058
2599914952,0.25221294,0.21357493,0.5342121
2599992608,0.26475176,0.44922814,0.2860201
2600058357,0.3186992,0.36418903,0.31711173
2600160174,0.10713019,0.09564648,0.7972233
2600177082,0.37966278,0.30235547,0.31798175
2600324280,0.21013856,0.56364805,0.22621347
2600626761,0.4702754,0.29795352,0.23177105
2600741180,0.4090524,0.2687998,0.3221477
2600864658,0.17686853,0.17574167,0.64738977
2600880964,0.087130465,0.8082354,0.104634136
2601125122,0.51395816,0.253421,0.23262091
2601150324,0.4350895,0.28809726,0.27681327
2601386078,0.08530874,0.7978096,0.116881706
2601390206,0.28069878,0.3958013,0.32349992
2601432061,0.5853793,0.20409916,0.21052156
2601591955,0.34672174,0.35676262,0.2965156
2601595226,0.28006935,0.431624,0.2883067
2601628677,0.2984522,0.45037934,0.25116843
2601638768,0.31941196,0.3405274,0.34006068
2601845218,0.3251662,0.25182393,0.4230098
2601856793,0.27564016,0.36308986,0.36127
2601889371,0.3744026,0.32270837,0.30288905
2602039914,0.3337629,0.23911408,0.42712298
2602066044,0.22185053,0.4876636,0.2904859
2602124029,0.28529716,0.44417053,0.2705323
2602185969,0.4784424,0.22084698,0.30071062
2602214486,0.35528827,0.3877907,0.25692093
2602367263,0.37944755,0.2966972,0.32385522
2602429483,0.6281217,0.19541657,0.1764617
2602431378,0.27867427,0.4161009,0.30522484
2602446269,0.27956292,0.292917,0.4275201
2602488085,0.21404201,0.29327235,0.49268568
2602641242,0.34502593,0.34956786,0.30540627
2602704975,0.3598489,0.37256923,0.2675819
2602749596,0.26594234,0.40138832,0.33266935
2602780357,0.37458533,0.3169679,0.30844674
2602914297,0.3381761,0.2282247,0.43359917
2603005165,0.43791816,0.26205575,0.30002612
2603091228,0.19505376,0.2139753,0.59097093
2603167938,0.17240597,0.56887245,0.25872156
2603225062,0.10639892,0.09244128,0.8011598
2603280830,0.3335141,0.36558613,0.3008997
2603433194,0.5944961,0.17983493,0.225669
2603446320,0.41672263,0.30082193,0.2824555
2603774130,0.26998925,0.4185704,0.31144026
2603803629,0.40402797,0.22435442,0.3716176
2603845718,0.18311347,0.578728,0.23815842
2603872873,0.19040202,0.14737774,0.66222024
2603897224,0.5651272,0.22303535,0.21183741
2603938513,0.24034953,0.44162828,0.31802222
2603955666,0.7248194,0.12289282,0.15228769
2604027675,0.25572404,0.35315692,0.391119
2604366809,0.17783576,0.61615056,0.20601362
2604429089,0.1094641,0.7580872,0.13244872
2604501060,0.5714192,0.2213068,0.20727408
2604790053,0.23948605,0.21600306,0.54451084
2604914018,0.20737787,0.18564068,0.6069815
2604969923,0.26999733,0.48112395,0.24887875
2604970839,0.30943093,0.4800616,0.21050741
2605034989,0.41305697,0.26856732,0.31837568
2605279073,0.56262344,0.16083713,0.27653942
2605282343,0.26512226,0.26490462,0.4699731
2605298311,0.35429624,0.34802112,0.29768264
2605362476,0.37976542,0.32387897,0.2963556
2605413484,0.20864335,0.46746725,0.32388937
2605428862,0.34957385,0.32026798,0.33015823
2605475620,0.4779334,0.26919022,0.2528764
2605616582,0.37371176,0.29681662,0.32947162
2605659277,0.48901412,0.23289607,0.27808976
2605671109,0.22763166,0.44834703,0.32402125
2605687999,0.34015775,0.36746427,0.292378
2605911828,0.21981032,0.22873288,0.55145675
2605988559,0.16808097,0.658926,0.17299299
2606303827,0.33244446,0.36116228,0.3063932
2606330760,0.33880875,0.32668313,0.33450812
2606468010,0.3017038,0.3871584,0.3111378
2606589474,0.41088352,0.26843178,0.3206847
2606619125,0.3331365,0.3080577,0.35880578
2606718711,0.34079283,0.26717198,0.3920352
2606728078,0.3579954,0.27469662,0.367308
2606888198,0.23706202,0.2593496,0.5035884
2606892141,0.17789884,0.21543705,0.6066642
2606924514,0.22838649,0.53452367,0.23708983
2606949388,0.30239093,0.4098159,0.28779313
2607055986,0.41641453,0.27822706,0.30535844
2607139156,0.5714192,0.2213068,0.20727408
2607166278,0.7395936,0.11423123,0.14617513
2607213510,0.7396053,0.12839863,0.131996
2607269768,0.32792243,0.32354778,0.34852988
2607352411,0.51899093,0.24567918,0.23532984
2607429571,0.30764243,0.37672135,0.31563628
2607451225,0.37932113,0.30821648,0.3124624
2607762337,0.5467045,0.23675717,0.21653837
2607873188,0.2922904,0.29149827,0.41621125
2607888141,0.39990872,0.317575,0.28251624
2607926127,0.29759005,0.31300214,0.38940778
2608004280,0.30473232,0.2554468,0.43982095
2608080379,0.16835654,0.64768684,0.18395662
2608095485,0.5633152,0.23412815,0.20255663
2608138229,0.25132337,0.3081298,0.4405468
2608141997,0.21483041,0.17753436,0.6076352
2608217074,0.40447018,0.28038695,0.3151428
2608231970,0.8206108,0.07802042,0.10136869
2608236180,0.50606936,0.22465818,0.2692725
2608352781,0.35472363,0.3624617,0.28281465
2608413961,0.2379895,0.26679292,0.49521762
2608415841,0.23017555,0.28074694,0.4890776
2608448524,0.3466667,0.39545068,0.25788274
2608535673,0.23767833,0.1787416,0.5835801
2608573383,0.28012285,0.43469298,0.28518414
2608609167,0.33654082,0.35454792,0.30891132
2608609958,0.8007765,0.082264096,0.11695944
2608616992,0.27891132,0.35089433,0.37019438
2608644919,0.35100526,0.34436274,0.30463198
2608648188,0.17886433,0.16187769,0.659258
2608736500,0.7747102,0.10259461,0.122695215
2608895218,0.27936023,0.2943376,0.42630216
2608983089,0.3038638,0.3455991,0.35053703
2608985761,0.35908973,0.39601862,0.24489167
2608995777,0.35024408,0.30776495,0.341991
2609001297,0.3081481,0.3282863,0.36356562
2609048349,0.17129587,0.60161555,0.22708859
2609371305,0.35959396,0.34976444,0.29064158
2609416849,0.30077195,0.4459641,0.2532639
2609662605,0.3310198,0.33478478,0.3341954
2609798807,0.47594118,0.25090432,0.27315447
2609874119,0.1709333,0.1829757,0.64609104
2609985621,0.23445745,0.42015514,0.34538746
2610077677,0.3691892,0.35347173,0.27733907
2610146834,0.36028376,0.33577055,0.3039457
2610474806,0.24057125,0.3502367,0.4091921
2610573821,0.32476547,0.30547866,0.36975583
2610640078,0.2621877,0.48718542,0.25062695
2610700572,0.3560167,0.30694056,0.3370427
2610729802,0.41974923,0.32885346,0.2513973
2610815167,0.32179525,0.34204596,0.3361588
2610938579,0.2457469,0.3964654,0.3577878
2611068508,0.17955424,0.6238178,0.19662799
2611070971,0.38886943,0.3309522,0.2801784
2611412691,0.23360749,0.22174588,0.5446467
2611549555,0.29781988,0.33345962,0.36872056
2611564709,0.43421257,0.28902134,0.2767661
2611565198,0.2759323,0.31746793,0.40659973
2611717421,0.25417462,0.26157916,0.48424616
2611798355,0.6076719,0.16847868,0.22384948
2611861340,0.48862043,0.2358823,0.27549723
2611861584,0.24766047,0.29527494,0.4570646
2611895081,0.5220073,0.22926275,0.24872997
2611898954,0.34404972,0.3767984,0.27915204
2612010328,0.14067954,0.6924976,0.16682284
2612055312,0.28347006,0.35257885,0.36395115
2612073894,0.36858267,0.32049906,0.3109182
2612150223,0.3930461,0.38997886,0.21697502
2612299159,0.15952028,0.210204,0.6302758
2612342343,0.38908306,0.28982988,0.3210871
2612397528,0.3918239,0.2525766,0.35559946
2612485957,0.5877705,0.20634703,0.20588247
2612601748,0.4111056,0.26664934,0.32224512
2612705162,0.2634922,0.30797973,0.42852804
2612756380,0.6462929,0.13400625,0.21970084
2612871883,0.16847044,0.6281065,0.20342316
2612878108,0.42132527,0.15699401,0.4216807
2612890925,0.109638914,0.7677578,0.12260336
2612928520,0.33482707,0.27978843,0.38538453
2612979481,0.40072665,0.32958487,0.2696885
2612988923,0.267982,0.40378454,0.32823333
2613092201,0.07397538,0.8216011,0.104423486
2613126013,0.23979922,0.38672093,0.37347993
2613154923,0.21837613,0.42905128,0.35257265
2613165288,0.6205011,0.18071973,0.19877908
2613208513,0.350344,0.28492343,0.3647326
2613212517,0.19604221,0.21214053,0.59181726
2613251498,0.34898463,0.35564953,0.2953659
2613288364,0.2681839,0.47103417,0.26078188
2613310682,0.36271513,0.3479875,0.28929737
2613459533,0.27103552,0.43250084,0.29646358
2613551556,0.29509512,0.35553023,0.34937456
2613573929,0.17689988,0.5552339,0.26786616
2613586017,0.19318724,0.509347,0.2974658
2613588831,0.21790197,0.27287105,0.5092269
2613724048,0.19630805,0.2208946,0.5827973
2613887730,0.22265054,0.53404146,0.243308
2613891102,0.41128033,0.33450893,0.25421068
2613903858,0.34976852,0.38270813,0.26752335
2614073384,0.5588035,0.20909005,0.23210649
2614193903,0.5266336,0.21801549,0.25535092
2614337905,0.27362874,0.443552,0.28281915
2614351505,0.27680883,0.41904306,0.30414808
2614386479,0.18703043,0.60594493,0.20702463
2614490479,0.34158435,0.41030282,0.24811289
2614587250,0.35274476,0.3473061,0.29994914
2614871025,0.22514717,0.32008404,0.4547687
2615187016,0.19703412,0.17862426,0.6243416
2615478635,0.40643236,0.28195527,0.31161234
2615510736,0.19277038,0.21356201,0.5936677
2615517055,0.3046635,0.39182347,0.30351302
2615621924,0.21497698,0.46311498,0.32190806
2615725441,0.7969633,0.07773936,0.12529743
2615737159,0.36004412,0.33007848,0.30987746
2615973671,0.28358412,0.44168478,0.27473107
2616148140,0.21023843,0.5664864,0.22327518
2616159708,0.5122213,0.29173732,0.1960414
2616196803,0.40732878,0.30290097,0.28977022
2616199518,0.45308265,0.3158797,0.2310376
2616288165,0.21935537,0.5776652,0.2029794
2616396148,0.5205831,0.2287625,0.25065446
2616403343,0.26500818,0.28530794,0.44968393
2616646473,0.29257905,0.25002554,0.45739534
2616658139,0.11192763,0.75762737,0.13044502
2616692318,0.22857028,0.48549277,0.285937
2616829547,0.2828028,0.27835348,0.4388437
2616859543,0.2608084,0.21921359,0.519978
2616886634,0.3235977,0.32549298,0.35090926
2617030016,0.36873952,0.36687526,0.2643852
2617050258,0.105154194,0.11169294,0.7831529
2617090861,0.13734075,0.71756774,0.14509155
2617139345,0.27068675,0.31138903,0.41792428
2617253124,0.33997256,0.39904955,0.26097798
2617456787,0.31866792,0.35588512,0.325447
2617553623,0.33797917,0.34790286,0.314118
2617564168,0.26516613,0.3868064,0.3480274
2617710364,0.3643314,0.35289702,0.28277165
2617756200,0.2151628,0.19519618,0.58964103
2617798404,0.10148324,0.09763502,0.8008818
2617818504,0.30178124,0.38545,0.31276876
2617895974,0.40394792,0.34470126,0.25135088
2617972318,0.30173057,0.3824874,0.31578213
2618015469,0.41259488,0.29682228,0.29058275
2618024144,0.44692624,0.31776476,0.23530897
2618119711,0.26600063,0.46328568,0.27071372
2618259910,0.14975956,0.68111855,0.16912197
2618300911,0.28588313,0.31678188,0.397335
2618481572,0.24718936,0.29715812,0.45565253
2618579850,0.1320186,0.709729,0.15825239
2618597784,0.25750113,0.43254483,0.30995414
2618609379,0.49614024,0.2805571,0.22330277
2618689385,0.27212933,0.31112787,0.41674283
2618724784,0.291794,0.2938666,0.41433936
2618728425,0.6758208,0.16047376,0.16370538
2618756403,0.23003994,0.45917484,0.31078523
2618776933,0.30684006,0.24957111,0.44358876
2618805470,0.41909036,0.30010405,0.28080562
2618814668,0.37788823,0.29437327,0.32773852
2618834298,0.12370255,0.118056685,0.75824076
2618844413,0.15652533,0.61881244,0.22466218
2618980680,0.2965599,0.34926844,0.3541717
2619069881,0.20440921,0.5892105,0.2063802
2619152244,0.16954827,0.60207325,0.22837853
2619278811,0.10102253,0.776517,0.122460544
2619328729,0.37594742,0.32545027,0.29860234
2619440619,0.26087543,0.39368615,0.34543845
2619458467,0.13937706,0.1497465,0.71087646
2619477045,0.32099652,0.37297058,0.30603287
2619481326,0.30246478,0.37468582,0.32284936
2619534335,0.69641834,0.12002861,0.1835531
2619577606,0.34662515,0.33642673,0.3169481
2619583436,0.19331026,0.2008678,0.60582197
2619671470,0.08187748,0.8190517,0.099070765
2619707050,0.24884596,0.5301364,0.2210176
2619767567,0.1596027,0.66757774,0.17281961
2619784537,0.46810207,0.2770513,0.25484654
2619843944,0.21723554,0.27823243,0.50453204
2619912305,0.4127536,0.32055947,0.2666869
2619962365,0.19575863,0.42315215,0.3810892
2620047373,0.34068665,0.31602395,0.34328946
2620047999,0.4454978,0.2673607,0.28714153
2620229675,0.33053675,0.2605747,0.40888855
2620267064,0.72102636,0.12807122,0.15090242
2620373548,0.5815273,0.2011044,0.21736832
2620509848,0.39754024,0.28967196,0.31278777
2620610734,0.3675912,0.32651725,0.30589148
2620703641,0.27489483,0.4388353,0.2862699
2620890718,0.48295,0.2645939,0.2524561
2620977004,0.42625925,0.20915008,0.36459064
2620977801,0.25165132,0.5234755,0.22487314
2620997421,0.16765204,0.16061457,0.6717334
2621009095,0.15544692,0.6670016,0.17755146
2621033384,0.38384777,0.38606894,0.23008336
2621137205,0.47068653,0.2881076,0.24120593
2621178765,0.35162196,0.37674877,0.2716292
2621262279,0.6075203,0.19308263,0.19939706
2621340907,0.44351542,0.22121139,0.33527327
2621408393,0.09045167,0.090288855,0.81925946
2621572296,0.29134765,0.3732097,0.3354426
2621589834,0.11321953,0.12057248,0.76620805
2621607109,0.20746554,0.18616153,0.60637295
2621828002,0.41851076,0.3428296,0.2386597
2621836487,0.49219146,0.25296307,0.25484553
2621852829,0.42425168,0.33222696,0.24352138
2621872660,0.13345467,0.14339383,0.72315156
2621893458,0.3588543,0.34717283,0.29397282
2621998475,0.39720848,0.2882346,0.31455687
2622032814,0.5118777,0.27904615,0.20907614
2622116483,0.39742446,0.32479808,0.27777746
2622217029,0.2338464,0.2310685,0.53508514
2622243815,0.43987104,0.2955057,0.26462325
2622243895,0.67057306,0.15411425,0.17531273
2622282220,0.39750597,0.29403478,0.30845925
2622354394,0.19850849,0.5984078,0.20308371
2622468804,0.22709887,0.51965654,0.2532446
2622474511,0.2820196,0.2807937,0.4371867
2622512543,0.20089695,0.17503943,0.6240637
2622543309,0.28490067,0.3455551,0.3695443
2622685451,0.35579467,0.38189605,0.2623093
2622740530,0.46662298,0.23409475,0.29928228
2622802528,0.7893111,0.08166151,0.12902741
2622857114,0.2746896,0.46104497,0.26426545
2622857528,0.4560486,0.21266198,0.33128947
2622921180,0.23270349,0.42943135,0.33786514
2622954826,0.20257924,0.61178416,0.18563658
2623024106,0.47459248,0.31280488,0.21260263
2623070494,0.4347006,0.29957303,0.26572633
2623074886,0.32534018,0.43541735,0.23924242
2623211109,0.2717986,0.3796239,0.34857753
2623230145,0.6523361,0.1411403,0.20652364
2623248017,0.36248404,0.33182243,0.3056935
2623271970,0.38249537,0.29606292,0.3214417
2623507510,0.28304568,0.25018194,0.4667724
2623571632,0.2861384,0.23025365,0.48360792
2623612810,0.2488275,0.47146103,0.2797115
2623634567,0.22490184,0.2365218,0.5385764
2623659662,0.5250755,0.24391724,0.23100728
2623676186,0.30784154,0.34110224,0.35105616
2623881361,0.5942823,0.14457466,0.2611431
2623950929,0.2204888,0.5556536,0.22385767
2623972877,0.32227778,0.24886164,0.4288606
2623979940,0.42962414,0.33272994,0.23764595
2623997169,0.2773245,0.42088735,0.30178824
2624005720,0.08147581,0.8128188,0.105705336
2624418664,0.40217683,0.3143576,0.28346562
2624488811,0.35503152,0.3272339,0.31773454
2624492126,0.53238463,0.22356097,0.24405447
2624541470,0.33061236,0.31746906,0.35191858
2624560561,0.49386638,0.270237,0.23589666
2624561104,0.076932415,0.06899397,0.85407364
2624830842,0.40156585,0.35552144,0.24291274
2624850642,0.5931462,0.17897435,0.22787951
2624868218,0.29330814,0.33508873,0.37160307
2624876513,0.48100787,0.26027703,0.2587151
2624936581,0.3342991,0.40617472,0.25952616
2625416749,0.13130888,0.7341443,0.1345468
2625435535,0.21918416,0.4726983,0.30811763
2625497865,0.16954957,0.19321243,0.637238
2625749231,0.5007282,0.24399439,0.25527743
2625971935,0.2632926,0.35436156,0.38234583
2625976526,0.4700917,0.30304694,0.22686137
2625988298,0.31039062,0.373348,0.31626147
2626222982,0.2940958,0.30538157,0.40052262
2626314476,0.4765659,0.27995825,0.24347588
2626446429,0.15665291,0.68502283,0.15832427
2626617835,0.31130412,0.312463,0.37623295
2626657511,0.37218386,0.24797104,0.379845
2626716793,0.16535075,0.6197808,0.21486853
2626942368,0.38671196,0.27064705,0.342641
2626943147,0.33459955,0.28301668,0.3823838
2627030077,0.092199944,0.78702277,0.12077727
2627495617,0.3293448,0.29064894,0.3800062
2627511834,0.5657165,0.23615165,0.19813178
2627601110,0.26525348,0.36550012,0.36924642
2627779921,0.41725618,0.3474718,0.235272
2627791758,0.38541394,0.31100318,0.30358282
2627943743,0.18965359,0.5658743,0.24447216
2628003473,0.1112516,0.7586536,0.13009478
2628008263,0.38408688,0.32818475,0.28772834
2628019742,0.060373724,0.85078853,0.088837765
2628154939,0.3152496,0.38805807,0.29669234
2628217910,0.40660298,0.2864548,0.3069422
2628423014,0.32510632,0.36221793,0.3126758
2628530656,0.51508486,0.22672874,0.25818643
2628564918,0.40471,0.34764478,0.24764514
2628613398,0.31319565,0.39149752,0.29530683
2628877609,0.37561265,0.3078862,0.31650123
2628930112,0.5024861,0.25399178,0.24352212
2628942890,0.31630182,0.35288426,0.33081397
2628967643,0.48227033,0.2832868,0.23444293
2629001724,0.23034653,0.5213606,0.24829295
2629046793,0.2775465,0.3821711,0.34028244
2629299091,0.18443698,0.60266936,0.21289359
2629307827,0.25061786,0.21201947,0.53736264
2629341501,0.6712272,0.15221779,0.17655493
2629388384,0.5956026,0.12262621,0.28177112
2629428022,0.36927626,0.3249022,0.30582154
2629492453,0.17762838,0.16648647,0.6558851
2629594007,0.3016732,0.30027786,0.39804897
2629601454,0.43815267,0.2724884,0.28935903
2629628291,0.26873538,0.31382015,0.4174445
2629681970,0.29272345,0.34774366,0.35953286
2629696096,0.6051382,0.16259089,0.23227088
2629723689,0.13003269,0.7194235,0.15054384
2629733798,0.4039126,0.26970538,0.326382
2629757116,0.2970642,0.4184211,0.28451478
2629881460,0.4083577,0.35991228,0.23172997
2629970864,0.33324233,0.3160264,0.35073122
2630058506,0.25954503,0.23840341,0.5020516
2630086561,0.138089,0.6929431,0.16896786
2630352872,0.15371895,0.60457414,0.24170697
2630365153,0.37802786,0.31076294,0.31120923
2630483008,0.16602673,0.65058005,0.18339314
2630491666,0.3481947,0.244653,0.40715232
2630495139,0.73400676,0.11387028,0.15212302
2630524224,0.29763052,0.33908054,0.3632889
2630686216,0.45506287,0.29172394,0.25321314
2630820815,0.3549946,0.25163224,0.39337316
2630822727,0.24718913,0.23059118,0.52221966
2630841916,0.25752723,0.5336012,0.20887154
2630870729,0.29637346,0.3216505,0.38197598
2630970152,0.35571042,0.34602374,0.2982658
2631128906,0.39590797,0.29353648,0.31055558
2631169024,0.20114928,0.19696574,0.601885
2631536997,0.36908075,0.28195876,0.34896052
2631589532,0.7579158,0.0994656,0.14261858
2631599461,0.4240587,0.3283246,0.24761671
2631622005,0.22427471,0.52479416,0.25093114
2631705125,0.3604221,0.3737551,0.2658228
2631830724,0.40515426,0.32822314,0.26662254
2631883040,0.25361788,0.35153642,0.39484572
2631922265,0.35740498,0.3428058,0.2997892
2632064731,0.25528157,0.23492931,0.50978917
2632072416,0.28254852,0.38816628,0.3292852
2632123678,0.33460683,0.3981677,0.26722553
2632251221,0.39731476,0.28473526,0.31794998
2632265406,0.15333667,0.1295845,0.71707886
2632268159,0.1811941,0.16310053,0.6557054
2632418664,0.21850288,0.16482784,0.6166693
2632466926,0.33621347,0.351939,0.31184766
2632537403,0.25250342,0.55664605,0.19085054
2632541602,0.5309273,0.2548772,0.21419555
2632545207,0.546127,0.24375312,0.21011986
2632554710,0.23683709,0.41180724,0.35135567
2632635349,0.08770806,0.8082926,0.10399933
2632637406,0.24039666,0.2992341,0.4603692
2632735847,0.19126618,0.14782703,0.6609068
2632969232,0.24527161,0.4111941,0.3435343
2633028511,0.55095196,0.24261412,0.20643394
2633122226,0.15054601,0.6749791,0.17447487
2633151730,0.3230475,0.40730193,0.26965067
2633384055,0.26798835,0.35933983,0.37267178
2633440745,0.3524485,0.3747119,0.27283955
2633687943,0.32400477,0.35917866,0.3168166
2633746211,0.14242026,0.1628677,0.6947121
2633901613,0.13835534,0.11016512,0.7514795
2634128248,0.43589714,0.30735013,0.25675264
2634213870,0.8064318,0.081371605,0.11219666
2634392700,0.32376486,0.36602125,0.31021395
2634440461,0.53964245,0.24595636,0.2144012
2634523124,0.5150705,0.23693098,0.24799855
2634764694,0.36445534,0.39895484,0.2365899
2634799403,0.43144938,0.30152792,0.26702276
2634977401,0.3116948,0.23813093,0.4501743
2634993256,0.5233809,0.25574318,0.22087593
2635027724,0.29061952,0.23891914,0.47046134
2635160633,0.14977412,0.16756424,0.6826616
2635309103,0.3081766,0.33016306,0.36166033
2635356728,0.2871661,0.49546847,0.21736544
2635379509,0.22085546,0.22318064,0.55596393
2635426554,0.30924085,0.39900798,0.29175112
2635494118,0.60803455,0.18255125,0.20941424
2635496029,0.25554863,0.5005465,0.24390487
2635635384,0.3245987,0.39548936,0.27991194
2635667944,0.23427387,0.5154245,0.25030166
2635672733,0.31816277,0.38341066,0.29842666
2635694956,0.2794312,0.33631042,0.38425842
2635875000,0.25188735,0.44722423,0.30088848
2635901570,0.18889548,0.60091287,0.21019164
2635973803,0.34536102,0.30576324,0.34887576
2636068965,0.48837322,0.29091412,0.22071266
2636263061,0.57087755,0.2151451,0.21397741
2636269275,0.4810891,0.28366724,0.23524365
2636301117,0.3150572,0.35568365,0.32925922
2636304533,0.439629,0.329974,0.230397
2636348731,0.17738177,0.55072254,0.27189568
2636360242,0.44208962,0.2474919,0.31041855
2636395090,0.21044879,0.47882587,0.3107253
2636439275,0.24231902,0.43039757,0.32728335
2636492306,0.15001234,0.6753674,0.17462014
2636515384,0.22049743,0.15434338,0.62515914
2636552498,0.41648448,0.31325218,0.27026337
2636585781,0.3527891,0.33740908,0.30980182
2636617148,0.41331333,0.31603655,0.27065012
2636668642,0.31723958,0.40456998,0.27819043
2636692683,0.34368762,0.37175518,0.2845572
2636721403,0.17676194,0.6521523,0.17108583
2636882077,0.31738576,0.35728633,0.32532793
2637094239,0.13115157,0.6030387,0.26580974
2637177952,0.41799375,0.2386317,0.34337452
2637245453,0.1969278,0.2589982,0.54407406
2637284424,0.28538567,0.37017003,0.34444425
2637483514,0.15276147,0.6815372,0.16570131
2637511366,0.23525833,0.5920084,0.17273323
2637621738,0.1662977,0.618043,0.2156593
2637813485,0.3692628,0.38406956,0.24666753
2637961956,0.19057736,0.56820256,0.24122012
2637990454,0.47267368,0.2482212,0.27910504
2638011132,0.47412917,0.27179593,0.25407493
2638033757,0.2259551,0.5119347,0.26211023
2638076060,0.35420427,0.27239245,0.37340325
2638305338,0.3757201,0.35843292,0.265847
2638374459,0.22182925,0.5382679,0.2399028
2638432372,0.24591601,0.33899635,0.41508767
2638573333,0.20377016,0.6130801,0.1831497
2638584449,0.37054363,0.3977092,0.23174709
2638682929,0.19751719,0.243879,0.5586038
2638685387,0.3816742,0.34763432,0.27069154
2638690757,0.2944873,0.3146945,0.3908182
2638711419,0.38993153,0.31926838,0.29080006
2638726111,0.30212274,0.36691356,0.33096373
2638794991,0.60118645,0.1887914,0.21002212
2638892693,0.3708849,0.36157724,0.26753777
2638965617,0.32019138,0.37731802,0.30249065
2639054236,0.2974493,0.3255317,0.37701902
2639099640,0.28975588,0.40303013,0.30721393
2639136825,0.38588223,0.3508835,0.26323426
2639143054,0.39381385,0.3031095,0.30307662
2639159231,0.08919311,0.773142,0.1376649
2639354745,0.24441506,0.4504451,0.3051399
2639361894,0.46492437,0.27439117,0.26068437
2639569666,0.43651813,0.32727966,0.23620224
2639720283,0.33343783,0.2971726,0.36938953
2639823871,0.38664243,0.2759158,0.33744174
2639866772,0.3701385,0.33708632,0.29277515
2639867292,0.38706696,0.315185,0.29774803
2640005708,0.6843018,0.14751938,0.16817877
2640017829,0.31131378,0.31455714,0.3741291
2640089998,0.3362898,0.36314887,0.30056128
2640100051,0.4682954,0.30384007,0.2278645
2640105216,0.6207931,0.13833083,0.24087611
2640224766,0.21195313,0.51539916,0.27264765
2640243361,0.53152907,0.23587982,0.2325911
2640294593,0.19212782,0.60682815,0.20104402
2640344425,0.19076124,0.5649374,0.24430133
2640389885,0.19315995,0.59818643,0.20865358
2640489379,0.22277425,0.31858894,0.4586368
2640702788,0.34599495,0.30338177,0.3506233
2640739014,0.22134264,0.44557676,0.33308056
2640755610,0.29687575,0.4770718,0.22605251
2640855394,0.36105952,0.3590932,0.27984723
2640892976,0.27926564,0.39468166,0.32605273
2641440494,0.45327806,0.2491183,0.29760358
2641606021,0.29415023,0.43614468,0.2697051
2641624401,0.27938855,0.25760505,0.46300638
2641742884,0.29309353,0.39331374,0.31359276
2641749142,0.19173631,0.20489845,0.6033653
2641752465,0.32744744,0.35776058,0.31479204
2641904424,0.13445209,0.6273629,0.23818502
2641916613,0.15027387,0.13639542,0.7133306
2641945281,0.18708707,0.6145499,0.19836314
2642000350,0.25737923,0.431768,0.3108527
2642011920,0.47890708,0.29291952,0.22817346
2642011976,0.37813452,0.27212524,0.3497402
2642018460,0.3714289,0.34041548,0.28815565
2642071756,0.18183865,0.15428813,0.66387326
2642158926,0.20993544,0.23667845,0.5533861
2642306848,0.5792558,0.21935934,0.20138477
2642322073,0.27926952,0.44106194,0.27966866
2642382393,0.2814481,0.21903813,0.4995138
2642412071,0.21389118,0.2063789,0.5797299
2642478138,0.18500702,0.5879582,0.22703479
2642571972,0.3347279,0.41275173,0.25252032
2642658933,0.17241415,0.55830175,0.26928407
2642677217,0.27526653,0.38961047,0.33512303
2642705971,0.2332081,0.48502907,0.2817628
2642770938,0.35301962,0.38959548,0.2573848
2642785560,0.42416498,0.3361984,0.23963663
2642844522,0.41620332,0.36166012,0.22213659
2642911378,0.37275523,0.3136498,0.313595
2642923752,0.38823843,0.3074407,0.30432087
2642986580,0.43924698,0.24507454,0.31567848
2643050988,0.10119922,0.7810734,0.117727384
2643086095,0.36267424,0.32394722,0.3133785
2643113459,0.14927669,0.67900026,0.17172304
2643191064,0.28710216,0.3992719,0.31362587
2643192943,0.5570223,0.19653715,0.24644057
2643225253,0.22486827,0.40217176,0.37295994
2643276500,0.29682145,0.37507877,0.32809988
2643791415,0.1147018,0.751739,0.13355918
2643810226,0.3441666,0.29423052,0.36160284
2643814020,0.34058443,0.32762098,0.33179456
2643953181,0.2041583,0.47640193,0.31943974
2643977462,0.41467196,0.3202084,0.26511958
2644022526,0.41219825,0.32986927,0.25793248
2644177908,0.62493765,0.18125598,0.1938064
2644243063,0.2774467,0.34058222,0.38197115
2644496876,0.38878998,0.3844102,0.22679983
2644509935,0.48946822,0.2675675,0.24296428
2644563975,0.5525989,0.23387824,0.21352287
2644665980,0.2936946,0.2611376,0.4451678
2644764592,0.3353151,0.30928165,0.35540324
2644787474,0.16005857,0.55746895,0.28247243
2644802943,0.61635405,0.15171587,0.2319301
2644828024,0.34633115,0.39428625,0.25938264
2644832812,0.33316162,0.34486544,0.3219729
2644834426,0.4685963,0.26332793,0.26807573
2644848044,0.19450383,0.2193458,0.5861504
2644861445,0.3179379,0.39298442,0.28907767
2644889629,0.33267888,0.35831484,0.30900618
2644963929,0.32713655,0.40592965,0.2669338
2644973981,0.39456773,0.28066862,0.32476363
2644999970,0.56008506,0.2277969,0.21211815
2645007369,0.24303617,0.42367166,0.33329222
2645197780,0.19742706,0.19970834,0.60286456
2645251296,0.17220913,0.5712144,0.25657648
2645366767,0.40247494,0.33724177,0.2602833
2645379489,0.25006676,0.2588333,0.49109983
2645450069,0.37671593,0.34549558,0.27778843
2645506560,0.2745034,0.32828555,0.39721113
2645514094,0.7585441,0.08953128,0.15192458
2645798173,0.35063362,0.33331156,0.31605482
2645811069,0.20652096,0.2132053,0.5802737
2645898418,0.5582008,0.22341192,0.21838737
2645923026,0.32936952,0.3908789,0.2797516
2646031190,0.14652723,0.67215836,0.18131445
2646309268,0.16555102,0.13940987,0.69503915
2646410586,0.1364461,0.7271127,0.1364412
2646560774,0.19726624,0.60043955,0.20229419
2646575177,0.3799947,0.25494173,0.3650635
2646578074,0.53945136,0.23967597,0.22087273
2646632718,0.6201054,0.16618788,0.21370678
2646696359,0.14677003,0.13047287,0.7227571
2646790776,0.4386966,0.32604814,0.23525529
2646791059,0.35955364,0.35204664,0.2883997
2646826750,0.36160547,0.29972264,0.33867192
2646896377,0.424419,0.31564498,0.25993606
2647005439,0.24224898,0.40275866,0.35499245
2647064555,0.60950124,0.15367971,0.2368191
2647100346,0.4350565,0.2653531,0.29959044
2647165533,0.113192916,0.7471027,0.13970436
2647219101,0.26151255,0.31517938,0.42330807
2647254638,0.2368958,0.36969748,0.3934067
2647281801,0.45743632,0.29217145,0.2503922
2647436476,0.2075033,0.5366558,0.25584093
2647442091,0.12917258,0.7159696,0.15485774
2647450560,0.22296813,0.37772825,0.39930362
2647674265,0.35838917,0.32455564,0.3170552
2647696609,0.32456848,0.37785086,0.29758075
2647760045,0.36244753,0.3380871,0.29946533
2647794441,0.6427847,0.18654,0.17067525
2647812286,0.20452832,0.5603489,0.23512283
2647849846,0.2723604,0.4155323,0.31210735
2647864748,0.3156761,0.23785613,0.44646773
2647934084,0.46852818,0.22536099,0.30611086
2647981242,0.14944495,0.6786649,0.1718901
2647987455,0.333764,0.38857663,0.27765936
2648080351,0.30211413,0.37433428,0.32355154
2648149947,0.14972465,0.61419773,0.23607759
2648237572,0.11161929,0.13365404,0.75472665
2648355600,0.40787217,0.3296514,0.2624765
2648417334,0.37916517,0.29813123,0.32270357
2648576746,0.41668016,0.31510225,0.26821765
2648604237,0.32811967,0.33227193,0.33960837
2648621078,0.23575929,0.38454407,0.3796967
2648901215,0.30460572,0.3905626,0.30483165
2648991818,0.6195267,0.17348899,0.20698437
2649205114,0.26815358,0.47831106,0.2535353
2649330271,0.5845848,0.21001072,0.20540449
2649571769,0.2213668,0.47385353,0.30477974
2649695922,0.3303177,0.33682603,0.33285615
2650180023,0.72237515,0.11841882,0.15920608
2650190289,0.2401781,0.2987365,0.46108535
2650243385,0.30983824,0.3549385,0.33522335
2650260348,0.41956776,0.2769617,0.30347043
2650349351,0.2631916,0.42726293,0.3095455
2650393802,0.29566526,0.36931956,0.33501515
2650424209,0.096560955,0.7969037,0.10653527
2650457681,0.23446453,0.3634387,0.40209678
2650617245,0.22128883,0.50797415,0.27073708
2650642918,0.37692824,0.29667923,0.3263925
2650795328,0.18983535,0.57748866,0.23267595
2650849590,0.19027144,0.59190637,0.21782227
2650897506,0.444348,0.29597965,0.25967228
2650952821,0.47324488,0.2810455,0.2457096
2650984770,0.27586427,0.29635268,0.42778295
2651002009,0.30264765,0.27807948,0.41927284
2651103187,0.35776094,0.33565837,0.3065807
2651110292,0.24880822,0.46969554,0.28149626
2651171786,0.49615902,0.26050648,0.24333459
2651203910,0.18613715,0.57692474,0.23693812
2651257164,0.1956653,0.5111406,0.29319414
2651268420,0.23353602,0.45637238,0.3100916
2651314066,0.47060233,0.26131198,0.26808566
2651321829,0.12736334,0.7310972,0.14153942
2651413315,0.37922344,0.32541087,0.2953657
2651502895,0.15055142,0.681631,0.16781752
2651543928,0.33133522,0.33734438,0.33132038
2651647015,0.14048819,0.7161775,0.14333431
2651730327,0.31154627,0.4037851,0.28466868
2651759875,0.24213542,0.32032827,0.4375363
2652087084,0.16245267,0.66544706,0.17210034
2652104271,0.30256596,0.43016836,0.26726565
2652129015,0.09243438,0.09085936,0.81670624
2652189141,0.15509465,0.15060122,0.69430405
2652323073,0.15429786,0.36854652,0.4771557
2652431791,0.123234466,0.736057,0.14070858
2652518127,0.35793284,0.35936078,0.2827064
2652552358,0.35115632,0.3854402,0.26340345
2652639747,0.056538135,0.86121035,0.082251556
2652710124,0.26423883,0.35434765,0.38141352
2652799790,0.45101085,0.32206136,0.22692777
2652856364,0.2701856,0.28636038,0.44345403
2652882070,0.3515248,0.35840088,0.29007423
2652908037,0.28540945,0.35196716,0.36262342
2652966287,0.34873042,0.3342842,0.3169854
2653081180,0.38474223,0.25551373,0.359744
2653090860,0.6161097,0.17930762,0.20458266
2653226885,0.1835822,0.17362055,0.64279723
2653265766,0.2996598,0.43144795,0.2688923
2653302469,0.2392066,0.2326936,0.52809983
2653414665,0.4840463,0.26648834,0.24946529
2653415719,0.6928726,0.120766245,0.1863611
2653463866,0.40056437,0.24143451,0.35800108
2653607257,0.19644389,0.21648246,0.5870737
2653755722,0.3335411,0.3896515,0.27680743
2653846470,0.11742752,0.7308899,0.15168254
2653910716,0.40617996,0.28746706,0.30635297
2653964424,0.30599266,0.259858,0.43414932
2653982092,0.08724412,0.80821586,0.10454002
2654035702,0.32949838,0.35355031,0.31695127
2654050984,0.40625536,0.3282994,0.26544517
2654086163,0.24201375,0.22246869,0.5355176
2654128420,0.4083618,0.28553814,0.30610004
2654163057,0.65000814,0.15821151,0.19178034
2654181259,0.2924612,0.3435526,0.36398622
2654219592,0.6116784,0.16664189,0.22167973
2654345436,0.15574862,0.6453729,0.19887845
2654501657,0.22928728,0.46431673,0.30639604
2654523734,0.593827,0.20396577,0.20220721
2654571811,0.3026105,0.40849546,0.2888941
2654695968,0.10381206,0.7814183,0.114769585
2654718945,0.21813418,0.40455693,0.37730882
2654789552,0.273922,0.4536671,0.27241093
2654809884,0.18422404,0.20030187,0.61547416
2654834117,0.2923231,0.36495954,0.34271738
2654856810,0.21975526,0.5331786,0.24706613
2654904133,0.42649218,0.28038025,0.29312754
2655012829,0.22518145,0.45024872,0.3245699
2655077283,0.2056246,0.41090852,0.38346684
2655159773,0.345657,0.33398867,0.32035434
2655181272,0.49367434,0.17861617,0.32770947
2655285244,0.57444495,0.20552249,0.22003257
2655354347,0.25371805,0.27575883,0.47052315
2655573875,0.3076641,0.26512477,0.4272112
2655696394,0.30410492,0.3928483,0.3030467
2655798428,0.26705107,0.37966064,0.35328826
2655812887,0.31016332,0.34793875,0.341898
2655827681,0.28975624,0.38147458,0.3287692
2655911427,0.4146463,0.19900578,0.38634786
2656133175,0.4023026,0.31892544,0.2787719
2656210749,0.3889416,0.35997754,0.25108093
2656375145,0.48411986,0.28382978,0.23205043
2656486110,0.24907662,0.31636244,0.4345609
2656488268,0.08985116,0.767292,0.14285685
2656493910,0.2296233,0.5015224,0.2688543
2656604874,0.6554356,0.15601602,0.1885483
2656701859,0.5682961,0.20868345,0.22302048
2656740470,0.33097187,0.39810783,0.27092034
2656859935,0.469249,0.29781762,0.23293339
2656888061,0.4457425,0.29373088,0.26052663
2657018317,0.2884407,0.40277755,0.30878177
2657053037,0.78551114,0.08918127,0.12530755
2657314879,0.2568913,0.5020131,0.24109557
2657337767,0.16268027,0.6551129,0.18220681
2657584956,0.37841758,0.3471832,0.2743992
2657611729,0.23893386,0.32944515,0.431621
2657678836,0.25717857,0.3102226,0.43259883
2657921868,0.3673842,0.3247554,0.30786043
2658008584,0.3084889,0.40419924,0.28731182
2658045598,0.22634062,0.48897353,0.28468582
2658214103,0.30763695,0.4650299,0.22733314
2658224674,0.28613043,0.26876268,0.4451069
2658227355,0.26085418,0.48473004,0.25441575
2658268821,0.36927336,0.31824985,0.31247678
2658410322,0.32020625,0.27591538,0.40387833
2658478520,0.16028915,0.6561558,0.18355495
2658527500,0.29957,0.33209512,0.36833495
2658577959,0.3955539,0.32763,0.2768161
2658727555,0.30221483,0.38744295,0.31034222
2658969406,0.56876093,0.21781301,0.21342614
2658983741,0.34755257,0.27762142,0.37482598
2658997919,0.41680825,0.24778605,0.3354057
2659057025,0.36300632,0.32119447,0.31579918
2659141701,0.54939836,0.24275823,0.20784336
2659229281,0.095185615,0.79034,0.11447439
2659437465,0.27465022,0.3647025,0.3606473
2659492961,0.3080579,0.33126706,0.36067507
2659504036,0.3953776,0.33694264,0.2676798
2659514979,0.26693335,0.43329018,0.29977643
2659626506,0.34552985,0.30178255,0.35268763
2659634312,0.34400296,0.31544572,0.34055126
2659766718,0.73453456,0.12242566,0.14303981
2659835705,0.2682718,0.39392084,0.3378074
2659845811,0.4066189,0.32865557,0.2647256
2659896095,0.43906087,0.33551815,0.22542098
2659907592,0.6724305,0.14074375,0.18682577
2659920159,0.68680656,0.14096889,0.17222455
2660226528,0.11737658,0.14594132,0.7366821
2660313838,0.31342602,0.3434049,0.34316915
2660373986,0.22978744,0.2261104,0.54410225
2660480894,0.39749706,0.28323418,0.31926876
2660716784,0.45707908,0.2797431,0.26317784
2660784654,0.11787132,0.74316245,0.13896628
2661008840,0.30952427,0.35185733,0.3386184
2661107082,0.3638696,0.34210533,0.29402506
2661293856,0.2944138,0.4061443,0.29944193
2661393260,0.36316052,0.29062024,0.34621924
2661413903,0.3229981,0.33280677,0.3441951
2661480980,0.34654576,0.38318372,0.2702706
2661521525,0.45488375,0.28057173,0.26454452
2661685702,0.3900139,0.31644934,0.29353672
2661813286,0.20222123,0.49598294,0.30179584
2661900707,0.21264347,0.44119686,0.3461597
2661999119,0.272961,0.31676385,0.4102752
2662129718,0.28669974,0.30792916,0.40537107
2662252662,0.21221143,0.29195577,0.49583283
2662260836,0.66325414,0.16057868,0.17616728
2662265300,0.25997946,0.32844955,0.41157103
2662289579,0.3060098,0.36038685,0.3336033
2662488090,0.4081471,0.2827963,0.3090566
2662498634,0.3061687,0.44887835,0.24495295
2662559710,0.64602596,0.16212526,0.19184868
2662615048,0.3753145,0.31379446,0.310891
2662615888,0.31151444,0.3323743,0.35611123
2662633740,0.35718116,0.35378852,0.28903034
2662708068,0.11292591,0.11093837,0.7761357
2662847150,0.27616867,0.41702747,0.30680382
2662886764,0.29462698,0.21549906,0.48987398
2662999078,0.2634657,0.26256856,0.47396576
2663067878,0.49177504,0.26447418,0.24375084
2663073863,0.40116242,0.25580567,0.3430319
2663222399,0.34537205,0.3245725,0.33005542
2663257895,0.28300634,0.2942702,0.4227235
2663310693,0.51100534,0.24410157,0.24489307
2663341929,0.12696047,0.0948252,0.7782144
2663376874,0.2700457,0.46586928,0.26408502
2663398794,0.32424593,0.45905823,0.2166958
2663506459,0.55150485,0.2124361,0.23605911
2663572265,0.32664967,0.34404373,0.32930657
2663618888,0.2266976,0.32437387,0.4489285
2663627961,0.27451584,0.48966897,0.23581526
2663825704,0.44506395,0.28668582,0.2682503
2663857256,0.28417185,0.3084067,0.4074215
2663978941,0.3779414,0.31643617,0.30562246
2664126081,0.34576944,0.39381954,0.26041102
2664131931,0.36445695,0.36543417,0.27010885
2664162178,0.14609237,0.6459277,0.20797989
2664360325,0.5032299,0.25028557,0.24648455
2664385053,0.5056282,0.25996995,0.23440188
2664402796,0.15984474,0.1764262,0.6637291
2664435376,0.3802016,0.3693304,0.25046796
2664455924,0.292046,0.4264279,0.28152618
2664567333,0.3345663,0.42501724,0.24041642
2664709506,0.3809223,0.27740848,0.3416693
2664750251,0.34726846,0.3290255,0.323706
2664786270,0.5917641,0.17938621,0.22884972
2664910327,0.3737072,0.2719886,0.35430416
2665103953,0.2289596,0.2735244,0.49751604
2665119986,0.50995034,0.23577435,0.25427526
2665244087,0.21849455,0.48504966,0.2964558
2665450916,0.3353853,0.31113294,0.35348174
2665472656,0.2688211,0.3825859,0.3485929
2665532097,0.2981749,0.34768525,0.35413986
2665535191,0.3236594,0.3485396,0.32780102
2665565373,0.44003657,0.2989595,0.2610039
2665647455,0.31844947,0.37573087,0.30581966
2665666615,0.33679107,0.3573965,0.3058124
2665729182,0.76252484,0.08689823,0.15057695
2665877558,0.36005017,0.30950272,0.3304471
2666008436,0.33792788,0.38512635,0.27694574
2666060796,0.52547914,0.24205922,0.23246162
2666069335,0.24629292,0.43740714,0.3163
2666134370,0.43847197,0.35938126,0.20214681
2666216039,0.35659686,0.3070577,0.3363454
2666255730,0.24700424,0.3355711,0.41742468
2666339653,0.37724152,0.35515288,0.26760563
2666390099,0.3043145,0.4054503,0.2902352
2666428470,0.37498146,0.22911336,0.39590523
2666457989,0.33725843,0.25974688,0.4029947
2666554642,0.19249015,0.58735484,0.220155
2666630447,0.24672335,0.26216927,0.49110737
2666686179,0.34381276,0.3235935,0.33259365
2666778854,0.35684663,0.3554697,0.2876836
2666927973,0.28279296,0.20173304,0.515474
2666987935,0.3143924,0.37222466,0.31338298
2667149541,0.14681081,0.14448936,0.7086998
2667230101,0.30899274,0.30979213,0.38121516
2667350118,0.24791531,0.44940788,0.3026769
2667379709,0.34872228,0.36279592,0.28848174
2667455176,0.34207606,0.2777988,0.3801252
2667508985,0.31692284,0.28259337,0.40048376
2667594693,0.5393484,0.21137145,0.2492801
2667634759,0.16157201,0.17328304,0.66514504
2667668809,0.3111501,0.34259805,0.34625188
2667735142,0.71329147,0.12194978,0.16475874
2667793131,0.65187585,0.14515615,0.20296797
2667812647,0.4101761,0.31653154,0.27329236
2667858599,0.5172115,0.2524418,0.2303466
2667862968,0.35869494,0.35468304,0.28662196
2667971534,0.24319349,0.26022518,0.49658126
2668014413,0.15139341,0.15147443,0.69713223
2668136620,0.20015886,0.27461955,0.5252216
2668155920,0.5461436,0.21375416,0.2401023
2668232294,0.38615155,0.35431924,0.2595293
2668358741,0.07233638,0.8274288,0.10023483
2668484946,0.11214955,0.1272187,0.7606318
2668507366,0.15261206,0.13737395,0.710014
2668553872,0.49139395,0.27320132,0.23540473
2668629713,0.30486426,0.31357685,0.3815589
2668650461,0.18954678,0.59725785,0.21319538
2668852583,0.39022523,0.34151095,0.26826382
2668877030,0.42357424,0.3120119,0.2644139
2669023621,0.2652112,0.27459016,0.4601986
2669131992,0.36440578,0.34482086,0.29077333
2669370583,0.26880935,0.42669037,0.30450022
2669445059,0.23765473,0.35071683,0.41162843
2669457625,0.3459672,0.35987192,0.2941608
2669502629,0.38234034,0.30918446,0.30847526
2669548068,0.45382956,0.2914943,0.2546761
2669614421,0.29824734,0.22609363,0.475659
2669779022,0.58437043,0.2230298,0.19259986
2669930085,0.567756,0.21228725,0.21995674
2669962988,0.3534042,0.39465305,0.25194278
2670060306,0.21563491,0.29292673,0.49143836
2670126346,0.17557746,0.6015931,0.22282943
2670141675,0.72927153,0.114485726,0.15624265
2670260341,0.38853443,0.33978412,0.2716815
2670328997,0.18838666,0.6083034,0.20330986
2670329554,0.087345004,0.08977912,0.8228758
2670369468,0.36126307,0.3443671,0.29436982
2670403122,0.3623405,0.3764257,0.26123387
2670426416,0.43048048,0.27545935,0.29406017
2670478191,0.19895177,0.55907285,0.24197541
2670689778,0.23647453,0.47764066,0.28588477
2670705407,0.17102812,0.6142557,0.21471612
2670766855,0.24822307,0.30032024,0.45145664
2670784903,0.13711882,0.692621,0.17026016
2670893679,0.27781194,0.36920753,0.3529804
2671101874,0.30559105,0.33535346,0.35905546
2671148510,0.44855767,0.21594243,0.33549988
2671213575,0.2085418,0.22652145,0.56493676
2671224471,0.36224565,0.33331764,0.30443668
2671412891,0.44771737,0.26261443,0.28966826
2671496667,0.36517915,0.29314598,0.34167477
2671595889,0.15020068,0.52215195,0.32764736
2671665192,0.30186585,0.25374168,0.44439247
2671712513,0.4565543,0.22218785,0.32125795
2671714959,0.17588204,0.5532769,0.27084106
2671729816,0.22733982,0.21032526,0.56233495
2671771560,0.1602325,0.15207952,0.687688
2671790909,0.39731997,0.33458012,0.26809987
2671833128,0.1093587,0.7527903,0.13785101
2671886339,0.26378018,0.33505955,0.40116024
2671934917,0.18748105,0.5761264,0.23639256
2672011811,0.3197931,0.3787784,0.30142856
2672111917,0.38833156,0.3358876,0.2757808
2672133800,0.14812341,0.119232744,0.73264384
2672216369,0.5061401,0.24816288,0.24569698
2672230155,0.36914146,0.29436558,0.33649305
2672342011,0.07046622,0.06981279,0.85972106
2672368276,0.3111503,0.30977014,0.37907955
2672500521,0.24796341,0.44681937,0.30521718
2672506577,0.3669595,0.3481626,0.28487793
2672520360,0.17522301,0.12777269,0.69700426
2672615984,0.5830341,0.19012985,0.22683613
2672618347,0.5177823,0.21822077,0.26399702
2672618679,0.5617228,0.23376529,0.20451185
2672622103,0.07656738,0.8265936,0.09683908
2672716442,0.58116055,0.17939113,0.23944828
2672726747,0.31638005,0.43388528,0.24973466
2672757414,0.24146111,0.1792547,0.5792842
2672885410,0.34566212,0.2497513,0.40458655
2673070597,0.24463092,0.48078418,0.2745849
2673081680,0.4649472,0.2958438,0.23920897
2673249733,0.333063,0.3960585,0.27087846
2673310862,0.33299443,0.35191455,0.31509095
2673439228,0.6124609,0.16657987,0.22095929
2673551676,0.29263481,0.32781538,0.37954977
2673866549,0.28988534,0.23680021,0.47331446
2673888579,0.5124087,0.24054934,0.24704196
2673915047,0.34338078,0.2925105,0.3641087
2673923629,0.39162457,0.30078033,0.307595
2673925671,0.2926902,0.3301532,0.3771566
2673962043,0.37874466,0.2699759,0.35127947
2674006741,0.38528958,0.391892,0.22281836
2674139576,0.5521286,0.21794681,0.22992454
2674284468,0.33506173,0.40111256,0.26382577
2674392516,0.34096527,0.29578763,0.36324704
2674685986,0.17284724,0.601228,0.22592472
2674807619,0.36959052,0.36050025,0.26990917
2674816424,0.44946408,0.28669533,0.26384056
2674982498,0.27705604,0.3614473,0.36149666
2674996965,0.33807474,0.35517758,0.30674767
2675049769,0.30894384,0.3718831,0.31917304
2675241977,0.47126403,0.2711581,0.25757796
2675379826,0.20209488,0.51304734,0.28485775
2675439794,0.3150808,0.317146,0.3677732
2675460059,0.280129,0.2857669,0.4341041
2675480778,0.45258874,0.27425665,0.27315468
2675615167,0.27010602,0.45519686,0.27469715
2675717071,0.20522167,0.19208279,0.6026956
2675760676,0.43284702,0.2853657,0.28178722
2676061382,0.39386058,0.35726407,0.24887538
2676110741,0.30064127,0.40884644,0.29051226
2676134237,0.46974444,0.27957407,0.25068143
2676167923,0.32155862,0.3625841,0.31585723
2676327601,0.2056506,0.1936385,0.60071087
2676334503,0.17681843,0.5294952,0.29368633
2676537723,0.26302257,0.43573233,0.3012451
2676971214,0.27288115,0.31386146,0.41325742
2677011922,0.5332364,0.21420383,0.25255984
2677101847,0.4377698,0.31698167,0.24524854
2677544578,0.41497195,0.29089692,0.2941311
2677590285,0.23146278,0.52959657,0.23894064
2677844288,0.16510294,0.6065938,0.2283033
2677908409,0.17621471,0.6192803,0.20450509
2677909284,0.092729226,0.7811362,0.12613456
2677928157,0.28533518,0.3689901,0.34567478
2677955525,0.18964592,0.5877481,0.22260591
2678140245,0.30383065,0.31071416,0.38545516
2678204739,0.24123578,0.21415897,0.54460526
2678206035,0.089826174,0.085069984,0.82510394
2678216391,0.2828869,0.37980303,0.33731008
2678500577,0.22368626,0.16844913,0.6078646
2678555011,0.3735221,0.3245116,0.30196628
2678569001,0.08247015,0.8137882,0.10374172
2678612407,0.72512096,0.12302491,0.1518541
2678698939,0.10240536,0.09864343,0.7989512
2678699113,0.25090948,0.40956256,0.33952793
2678725365,0.16254295,0.64447963,0.19297743
2678729745,0.4149701,0.33480605,0.25022385
2678966394,0.14925507,0.14813979,0.7026051
2678993911,0.5406665,0.16602968,0.2933038
2679008858,0.16164978,0.66346014,0.17489006
2679029515,0.30786774,0.3404257,0.3517066
2679053224,0.39080912,0.26806262,0.3411283
2679322277,0.34027037,0.39465556,0.2650741
2679481618,0.40157056,0.3001361,0.29829338
2679484228,0.12348036,0.7217339,0.1547857
2679624594,0.306614,0.39752024,0.29586577
2679793774,0.34700468,0.3804416,0.2725538
2679857314,0.30406496,0.3521944,0.34374064
2679908331,0.34328136,0.3100914,0.34662727
2679962858,0.43612754,0.31092212,0.25295037
2679992095,0.43849593,0.30622467,0.25527936
2680038637,0.23525952,0.23040336,0.53433716
2680071584,0.19105425,0.59206384,0.21688186
2680105358,0.14267446,0.68297935,0.1743462
2680109868,0.34623894,0.39243752,0.26132354
2680121612,0.22896063,0.4592018,0.31183755
2680124660,0.30434507,0.32449278,0.37116218
2680272568,0.741082,0.116279624,0.14263836
2680295631,0.11094433,0.7612255,0.1278301
2680347909,0.39099914,0.34426302,0.26473784
2680389383,0.42966977,0.25269416,0.3176361
2680472424,0.48244107,0.24418801,0.27337086
2680500475,0.5204497,0.24708447,0.23246579
2680661660,0.30636168,0.32766315,0.36597514
2680737797,0.266206,0.36033228,0.37346178
2680869677,0.3842546,0.31977966,0.29596567
2680948461,0.30128968,0.33947033,0.35924003
2681127254,0.27457377,0.3229384,0.40248784
2681218803,0.42022607,0.28710178,0.2926722
2681220263,0.23560223,0.23779263,0.5266051
2681242063,0.771793,0.09684225,0.13136473
2681441511,0.2654276,0.1729102,0.5616622
2681566066,0.4646591,0.27962345,0.25571746
2681615721,0.13515909,0.1253732,0.73946774
2681926938,0.38029394,0.30040982,0.31929624
2681952906,0.2785913,0.43786705,0.2835416
2682079850,0.33554712,0.34822983,0.316223
2682129211,0.5743261,0.1906103,0.23506366
2682275979,0.28692344,0.32830253,0.38477412
2682308157,0.24104369,0.4765097,0.28244662
2682330164,0.61567116,0.19045433,0.1938745
2682412137,0.39161897,0.2916133,0.3167677
2682414952,0.54206383,0.22126235,0.23667385
2682438238,0.14044407,0.68027705,0.17927885
2682444985,0.35986054,0.33135027,0.30878922
2682548263,0.42565638,0.29055393,0.28378972
2682646905,0.4329028,0.3097512,0.257346
2682714127,0.21485427,0.5223761,0.26276958
2682714837,0.71900845,0.1127154,0.16827615
2682766404,0.3830642,0.35839525,0.2585405
2682844079,0.36506274,0.33605775,0.29887956
2682868925,0.362893,0.35830662,0.27880037
2682943289,0.11313692,0.10121994,0.78564316
2683338939,0.4041929,0.27560806,0.3201991
2683340662,0.41602033,0.31763783,0.26634187
2683586759,0.31459168,0.37838003,0.30702823
2683701011,0.4424572,0.27319667,0.28434607
2683761682,0.27900687,0.32957315,0.39141995
2683926022,0.46163124,0.29694232,0.24142645
2683936592,0.16052322,0.65079844,0.18867841
2683954381,0.2917587,0.23367736,0.47456402
2683959805,0.14031963,0.6939523,0.16572809
2684033567,0.31619796,0.3572611,0.32654098
2684180412,0.16009198,0.65458363,0.18532436
2684705655,0.38246173,0.30017015,0.31736815
2684724272,0.15400697,0.6785907,0.16740228
2684867316,0.31529474,0.33853546,0.34616974
2684892891,0.25754878,0.49504274,0.24740855
2685104767,0.11911759,0.7507718,0.13011059
2685180242,0.18864606,0.55698794,0.25436604
2685315035,0.39474937,0.33344114,0.2718095
2685327617,0.1960521,0.52995634,0.27399155
2685335686,0.37626654,0.3293168,0.29441667
2685349560,0.20586571,0.25653484,0.5375995
2685605390,0.603468,0.15314431,0.24338768
2685676158,0.38949448,0.3095942,0.30091128
2685695401,0.28284258,0.32841983,0.3887376
2685738034,0.34981796,0.34378472,0.30639732
2685766173,0.20385031,0.5708235,0.2253262
2685846201,0.5017447,0.26679072,0.23146461
2685920748,0.3219188,0.35392535,0.3241559
2685961098,0.31684726,0.2193391,0.46381354
2686003612,0.25967756,0.44262773,0.29769474
2686005402,0.4112852,0.3501274,0.23858747
2686114681,0.3771692,0.31249088,0.3103399
2686128981,0.32546097,0.36459127,0.3099477
2686189267,0.48413783,0.2696008,0.24626139
2686262337,0.24193025,0.45120168,0.30686802
2686335042,0.3357204,0.25325018,0.4110294
2686406211,0.06780161,0.06638215,0.8658162
2686452795,0.111776665,0.7141774,0.17404592
2686573247,0.44621557,0.31610262,0.23768188
2686604972,0.66213334,0.12085174,0.21701501
2686642955,0.2556725,0.23396091,0.51036656
2686727893,0.23014961,0.22263145,0.54721886
2686759658,0.44930592,0.23880856,0.31188554
2686800425,0.62753767,0.1762011,0.1962612
2686830953,0.3027401,0.350718,0.34654194
2686843945,0.37893388,0.35613787,0.26492816
2686852348,0.32943144,0.3236287,0.3469399
2687043539,0.3365141,0.29819205,0.3652939
2687116762,0.1006186,0.77485156,0.12452983
2687304956,0.32309034,0.35605463,0.32085505
2687328236,0.43676075,0.2855399,0.27769932
2687333181,0.27160138,0.2513256,0.47707298
2687359433,0.14236608,0.12011839,0.73751557
2687392458,0.24948472,0.35409254,0.39642274
2687411830,0.16741928,0.17342329,0.65915734
2687426070,0.28360736,0.30788738,0.40850526
2687574757,0.17477109,0.17203502,0.65319395
2687630782,0.36807474,0.34508395,0.28684133
2687704557,0.26515993,0.41384846,0.32099164
2688045186,0.35316387,0.30870667,0.33812946
2688142775,0.3574999,0.3170349,0.3254652
2688255819,0.24057591,0.4076789,0.35174516
2688303546,0.2071628,0.16734523,0.6254921
2688315648,0.336433,0.34922394,0.31434304
2688330130,0.29050487,0.3729694,0.33652586
2688344562,0.6972996,0.14318606,0.15951434
2688408720,0.48380625,0.29348028,0.22271353
2688435506,0.45184276,0.30480948,0.24334773
2688444582,0.10369607,0.10403001,0.7922739
2688453206,0.16991684,0.6191747,0.21090847
2688508313,0.1658101,0.1601271,0.67406285
2688547627,0.3026452,0.27606177,0.42129305
2688600765,0.43704268,0.32902494,0.23393232
2688685132,0.3020687,0.43115348,0.26677775
2688861455,0.6004002,0.20642926,0.19317053
2688962059,0.24215329,0.42211065,0.33573616
2688990120,0.3714155,0.37823862,0.2503459
2689067988,0.26693535,0.38356036,0.34950435
2689123224,0.21180394,0.4886851,0.29951093
2689127642,0.17887212,0.62676096,0.19436693
2689201017,0.28215578,0.3332965,0.38454777
2689259578,0.26398057,0.42539003,0.31062943
2689332070,0.08784337,0.07042939,0.8417273
2689539562,0.3725709,0.35754564,0.26988348
2689612420,0.30017483,0.31882516,0.38100004
2689733368,0.29246587,0.3473149,0.36021924
2689797410,0.45365515,0.24342875,0.30291605
2690113629,0.47129533,0.2763219,0.2523828
2690162530,0.6101344,0.18594384,0.20392166
2690194419,0.77644515,0.08937187,0.13418294
2690523318,0.49662223,0.2500055,0.25337222
2690678272,0.42114636,0.28393084,0.29492283
2690733597,0.30788556,0.37372175,0.3183926
2690835082,0.3194175,0.3445202,0.33606228
2690914878,0.16751674,0.6524234,0.18005985
2690922537,0.6059138,0.19218196,0.20190416
2690995749,0.26797843,0.3858345,0.34618714
2691109451,0.34354,0.33758324,0.31887677
2691228408,0.37794948,0.36987793,0.2521726
2691388599,0.22327411,0.21126387,0.565462
2691520082,0.49224702,0.26958117,0.23817182
2691571793,0.51391804,0.23930292,0.24677907
2691878680,0.29056928,0.4231481,0.2862827
2691884117,0.3122434,0.37182504,0.3159315
2691894388,0.12105869,0.7304971,0.14844418
2691952001,0.346839,0.3584605,0.29470053
2691961602,0.50687075,0.20238648,0.2907428
2692322372,0.10672113,0.7679282,0.12535065
2692339716,0.41319817,0.30388826,0.2829136
2692359293,0.47931978,0.29236525,0.22831501
2692377891,0.5980725,0.13017984,0.27174768
2692454120,0.36286405,0.37079552,0.26634035
2692652555,0.3744257,0.34418592,0.28138843
2692669486,0.29510954,0.3879565,0.31693396
2692804926,0.3440345,0.37377718,0.28218842
2692848299,0.104871385,0.13262606,0.76250255
2692934521,0.5708668,0.22840802,0.20072514
2693019659,0.4586749,0.27253738,0.2687877
2693051038,0.44051513,0.257267,0.30221793
2693237395,0.33076742,0.42312068,0.24611191
2693376890,0.22682552,0.24073179,0.5324426
2693401884,0.2845933,0.30544394,0.4099628
2693527869,0.49834788,0.27010548,0.2315466
2693552564,0.28569132,0.323519,0.39078975
2693693916,0.34435526,0.4109945,0.24465023
2693821928,0.39099956,0.2575724,0.35142797
2693833530,0.11981415,0.10044744,0.7797385
2693984927,0.17882557,0.62249714,0.19867735
2694213371,0.18058269,0.16000162,0.65941566
2694225212,0.23674618,0.43253958,0.33071423
2694437500,0.20657644,0.20062156,0.592802
2694477619,0.2665417,0.27138013,0.46207812
2694478421,0.2537078,0.25836438,0.48792785
2694638356,0.3627225,0.31944358,0.31783393
2694765623,0.23263656,0.32159683,0.44576666
2694934109,0.49787557,0.23017178,0.27195266
2695042155,0.16709207,0.6356296,0.19727834
2695084250,0.33640894,0.33875865,0.3248324
2695330996,0.4409335,0.3088185,0.25024804
2695376717,0.30265287,0.23612039,0.46122673
2695397548,0.68192345,0.13109446,0.18698217
2695462861,0.27508304,0.34605858,0.3788583
2695478636,0.38349298,0.30482316,0.3116839
2695679380,0.5359467,0.20369671,0.26035655
2695733585,0.3862027,0.33917174,0.27462554
2695903376,0.26570103,0.4444244,0.28987467
2695932911,0.47458223,0.28622288,0.2391949
2696034890,0.11662711,0.76034474,0.12302822
2696112023,0.33233607,0.3602803,0.30738366
2696126001,0.58667505,0.16712804,0.24619694
2696289611,0.34681988,0.33962402,0.31355608
2696318154,0.72616076,0.120647274,0.15319191
2696335091,0.16794126,0.6382899,0.1937688
2696442817,0.18885078,0.1459997,0.6651495
2696451068,0.53101236,0.24110763,0.22788002
2696522791,0.26444125,0.32571778,0.40984103
2696609349,0.25944006,0.25048578,0.49007416
2696707506,0.38707724,0.32022858,0.29269412
2696715718,0.35683858,0.36975813,0.27340323
2696789568,0.37437344,0.3059205,0.31970605
2696823457,0.2584404,0.27539474,0.46616483
2696850958,0.26765996,0.43211696,0.30022308
2696901049,0.5079766,0.22244842,0.26957494
2696904705,0.38338315,0.32081148,0.29580536
2696929537,0.29324538,0.2874561,0.41929853
2697027371,0.39055583,0.3434543,0.26598993
2697049013,0.12921661,0.115081295,0.75570214
2697126117,0.09683963,0.7778076,0.12535281
2697277747,0.20041429,0.22477539,0.5748103
2697280827,0.22392114,0.55714184,0.21893705
2697325208,0.32235932,0.37220788,0.30543295
2697328541,0.3032279,0.23331916,0.4634529
2697474464,0.3506535,0.31883976,0.33050674
2697572023,0.29261678,0.3215594,0.38582385
2697818888,0.503011,0.20650174,0.29048723
2697878325,0.3998121,0.32078376,0.27940416
2697942771,0.31838438,0.3597426,0.3218729
2698134569,0.10756532,0.76004916,0.1323855
2698151836,0.2875882,0.3090916,0.40332013
2698457358,0.1024103,0.7791759,0.11841385
2698518400,0.2944368,0.4144942,0.2910691
2698600809,0.4289875,0.30124718,0.26976526
2698678165,0.34215912,0.34862784,0.30921298
2698702284,0.34224293,0.33426693,0.32349023
2698719819,0.34513733,0.24991335,0.40494934
2698741441,0.32317787,0.35895228,0.31786978
2698829030,0.3403641,0.32433346,0.33530247
2699085467,0.1988915,0.5319482,0.26916024
2699099409,0.34262717,0.35609558,0.3012772
2699287835,0.32536492,0.35271433,0.3219207
2699705767,0.5714647,0.18132034,0.24721496
2699761810,0.24180032,0.54551584,0.21268381
2699848850,0.65712196,0.15648715,0.18639086
2699941431,0.2204713,0.43481106,0.34471762
2699957297,0.36932513,0.23260151,0.39807332
2699990712,0.16227075,0.61091125,0.22681804
2700017812,0.2731602,0.3612082,0.36563158
2700081517,0.7510744,0.112311594,0.13661401
2700116774,0.30815268,0.2756449,0.41620237
2700135547,0.16763274,0.27490628,0.55746096
2700266005,0.4257384,0.26602823,0.30823332
2700267307,0.26466545,0.30685616,0.42847833
2700355697,0.17221689,0.19814514,0.62963796
2700504545,0.5020742,0.2549091,0.24301666
2700515723,0.31262115,0.38410425,0.3032745
2700975081,0.536132,0.24630259,0.21756543
2701246063,0.23718406,0.4908256,0.2719903
2701606997,0.29784244,0.38897443,0.31318313
2701654752,0.1589611,0.6669823,0.17405662
2701720340,0.37642828,0.339255,0.2843167
2701864605,0.1301966,0.13957836,0.7302251
2701888243,0.37027055,0.2980012,0.33172825
2702174308,0.19369683,0.5400826,0.26622057
2702185230,0.76215374,0.106228575,0.13161765
2702188594,0.24182346,0.27129176,0.48688477
2702234935,0.41094592,0.29796007,0.29109403
2702257584,0.36746806,0.30327725,0.3292547
2702322350,0.2922646,0.3768197,0.33091572
2702421461,0.3101385,0.3175928,0.37226877
2702504080,0.30501646,0.23826915,0.45671436
2702565638,0.21740478,0.49389842,0.2886968
2702635295,0.26097387,0.4101951,0.32883102
2702877145,0.27020666,0.28724128,0.44255212
2702899986,0.21458662,0.5315061,0.2539073
2703108114,0.37194407,0.36151555,0.26654038
2703151568,0.25343582,0.4374097,0.30915448
2703240349,0.06269711,0.8471088,0.09019419
2703264905,0.088947505,0.78151685,0.12953557
2703523598,0.46466893,0.2634024,0.27192864
2703530876,0.47956496,0.28958642,0.23084864
2703611094,0.32100505,0.3490932,0.3299018
2703781385,0.31826434,0.29258847,0.3891472
2703877418,0.5093284,0.24461229,0.24605922
2704008725,0.2267648,0.46081835,0.31241694
2704138077,0.3024762,0.32047513,0.3770486
2704151653,0.2678277,0.39886084,0.33331156
2704737495,0.5408424,0.1932212,0.26593632
2704846034,0.33899724,0.3116023,0.34940052
2704987442,0.3871472,0.35453904,0.2583137
2705067425,0.67985725,0.13487664,0.18526609
2705142395,0.23573162,0.29507452,0.46919385
2705170000,0.3142743,0.1664079,0.5193178
2705198884,0.10178488,0.10087058,0.79734457
2705328844,0.21543567,0.26262358,0.52194077
2705621031,0.27389738,0.30843532,0.4176673
2705741579,0.405572,0.3807697,0.21365824
2705821389,0.32070795,0.34244287,0.33684915
2705902605,0.2815121,0.4845263,0.23396154
2706017572,0.23287512,0.23717257,0.52995235
2706292703,0.4185914,0.31813547,0.2632731
2706321160,0.30975926,0.32594606,0.36429465
2706400748,0.45580733,0.2319316,0.31226107
2706552552,0.47390845,0.30653045,0.21956109
2706691341,0.16615555,0.619287,0.21455748
2706882358,0.5084007,0.25646427,0.23513499
2706901179,0.33900464,0.33379665,0.32719865
2706928980,0.0832174,0.8103445,0.10643806
2707073425,0.16958769,0.15304686,0.6773655
2707094432,0.5338459,0.22893904,0.2372151
2707116689,0.31235722,0.32438108,0.3632618
2707121140,0.36919644,0.2941069,0.33669662
2707228249,0.22129901,0.507718,0.27098295
2707254833,0.49165422,0.26622462,0.24212119
2707266107,0.5108491,0.23280478,0.25634617
2707269558,0.43249688,0.3121776,0.2553256
2707299746,0.6343819,0.18443683,0.18118125
2707407076,0.39407617,0.2704551,0.33546874
2707431687,0.44849196,0.19726561,0.35424238
2707431975,0.3054451,0.44454515,0.25000972
2707576514,0.4671819,0.28817734,0.2446408
2707591038,0.10967848,0.77886134,0.11146019
2707664180,0.3607114,0.35165936,0.28762925
2707787730,0.674604,0.15744747,0.16794854
2707849630,0.3210515,0.29648155,0.382467
2707899792,0.42457712,0.26144496,0.3139779
2707980323,0.3003031,0.34830755,0.35138935
2708013421,0.30037093,0.37046304,0.32916608
2708023084,0.58947045,0.199516,0.2110136
2708058451,0.28190923,0.2926881,0.4254027
2708295124,0.22806056,0.471397,0.3005424
2708542268,0.46551958,0.29291937,0.24156101
2708594047,0.3756281,0.36256012,0.26181173
2708640088,0.1086305,0.11383032,0.77753913
2708671719,0.16066995,0.6446366,0.19469348
2708755991,0.50188345,0.23219752,0.265919
2708761323,0.332205,0.33752546,0.33026955
2708772957,0.3263442,0.31624126,0.35741457
2708780494,0.11891421,0.747344,0.13374175
2708841080,0.12954184,0.7313159,0.13914229
2708933044,0.33571658,0.36112633,0.30315703
2709015651,0.5156464,0.22787443,0.25647923
2709037312,0.38067913,0.30871794,0.31060293
2709069268,0.31505716,0.33359852,0.3513443
2709079346,0.20511301,0.16402654,0.63086045
2709249212,0.28952748,0.38773328,0.32273924
2709294493,0.3741429,0.3653008,0.2605563
2709313276,0.39155164,0.2923484,0.31609994
2709636315,0.5202215,0.25791717,0.22186138
2709810040,0.4513198,0.28886732,0.2598129
2709835058,0.4695964,0.30343735,0.22696628
2710034103,0.44435528,0.2208176,0.33482707
2710137945,0.4640708,0.272829,0.2631002
2710155416,0.41936168,0.28151596,0.2991224
2710171981,0.13258174,0.6971646,0.17025368
2710192798,0.26257387,0.27820337,0.4592228
2710232866,0.09161893,0.7951743,0.11320673
2710259489,0.18173535,0.16798198,0.65028274
2710387517,0.85304195,0.05480891,0.09214914
2710407408,0.2248015,0.19834839,0.5768501
2710482080,0.35028708,0.306026,0.34368688
2710613300,0.11904215,0.73886335,0.14209451
2710956364,0.118389174,0.68312895,0.19848177
2711066616,0.4152768,0.31405532,0.27066782
2711113510,0.24645628,0.4601082,0.29343563
2711158536,0.2701102,0.36799553,0.36189434
2711202035,0.63036317,0.15749775,0.21213908
2711216727,0.27553082,0.39834842,0.3261208
2711282766,0.30248728,0.36178347,0.3357293
2711348522,0.55203986,0.2255397,0.22242042
2711679361,0.5571638,0.22464247,0.21819381
2711710286,0.41243395,0.26691747,0.32064858
2711791451,0.42873865,0.35851833,0.21274295
2711878895,0.78049755,0.092066266,0.12743618
2712071024,0.15160951,0.63271695,0.21567352
2712104393,0.28236756,0.4540547,0.2635777
2712182566,0.14333194,0.13459858,0.72206944
2712212763,0.4421693,0.31557095,0.24225977
2712320794,0.13702036,0.70085484,0.16212481
2712414578,0.2872288,0.43241736,0.2803538
2712422477,0.33924013,0.32464013,0.33611974
2712456336,0.29521328,0.38038602,0.32440072
2712464912,0.27339944,0.27358082,0.45301977
2712522231,0.28968364,0.33993012,0.37038627
2712656719,0.2647189,0.28061256,0.45466852
2712657513,0.4139145,0.28759882,0.29848665
2712744950,0.072527185,0.8259807,0.1014921
2712883805,0.4456932,0.30237308,0.25193375
2712895097,0.10908727,0.75827456,0.13263819
2712933048,0.69948786,0.12428854,0.1762236
2713007274,0.24363025,0.24635436,0.5100154
2713136904,0.2434959,0.4954324,0.26107174
2713164359,0.35856026,0.28475645,0.3566832
2713199363,0.13100779,0.7537907,0.11520152
2713200508,0.15378417,0.25520778,0.59100807
2713232692,0.41591844,0.2562876,0.327794
2713366347,0.3813457,0.26504934,0.35360506
2713423395,0.40660778,0.37480232,0.21858996
2713575292,0.28830567,0.28886914,0.4228252
2713647427,0.19661373,0.22853017,0.57485616
2713680330,0.3004288,0.39962837,0.29994282
2713705035,0.4681774,0.27557394,0.25624862
2713827048,0.37894464,0.29096076,0.3300946
2714022550,0.2960355,0.24399775,0.45996672
2714127952,0.22495566,0.54867595,0.22636832
2714191975,0.40817925,0.31980175,0.27201897
2714204484,0.1825512,0.13830195,0.6791468
2714247370,0.38992664,0.29530188,0.31477147
2714362724,0.46159062,0.17969927,0.35871014
2714463841,0.46749398,0.26211482,0.27039123
2714574276,0.31279582,0.3303069,0.3568973
2714604444,0.19642541,0.59375507,0.2098195
2714634718,0.21572486,0.5338724,0.25040275
2714642802,0.40568706,0.3194939,0.27481902
2714742796,0.30862147,0.43937844,0.252
2714790055,0.26365632,0.3730024,0.36334124
2714900372,0.34299496,0.32196105,0.33504397
2714922528,0.38008413,0.19662115,0.42329478
2714966016,0.2994447,0.32218996,0.37836534
2714996773,0.3691169,0.36800322,0.26287994
2715228831,0.24205826,0.50524145,0.25270027
2715309125,0.31192523,0.39438882,0.29368585
2715420547,0.64905804,0.1676232,0.18331876
2715483885,0.52204,0.23067354,0.24728638
2715645389,0.17089804,0.59434164,0.23476036
2715686244,0.33634168,0.349754,0.3139043
2715920310,0.5387562,0.24618115,0.21506265
2715997609,0.2161707,0.5511421,0.23268719
2716058961,0.27158836,0.3250961,0.40331557
2716162331,0.21116817,0.5552931,0.23353876
2716274631,0.46054637,0.28512844,0.25432518
2716430488,0.67296416,0.15936893,0.16766685
2716506438,0.45177925,0.28557,0.2626507
2716655876,0.27320018,0.22552486,0.5012749
2716725342,0.2939156,0.24687365,0.45921072
2716744120,0.24106999,0.19625933,0.56267065
2716775092,0.07921427,0.81918573,0.10160001
2716896888,0.26577342,0.3453222,0.3889044
2717038628,0.4523031,0.291557,0.25613984
2717049137,0.36653802,0.32920083,0.3042612
2717308652,0.30049613,0.37783644,0.32166746
2717379320,0.26158762,0.42586336,0.31254902
2717384522,0.14299536,0.14481284,0.7121919
2717424202,0.49830696,0.26313832,0.2385547
2717467852,0.09914913,0.10370742,0.7971435
2717605683,0.3973603,0.33440325,0.26823646
2717606783,0.5861779,0.21038577,0.20343632
2717626700,0.3411689,0.24858719,0.41024393
2717637998,0.47162208,0.29714534,0.23123255
2717734123,0.21106258,0.20694962,0.5819878
2717825179,0.15464231,0.6893663,0.15599146
2717921085,0.33207768,0.3525968,0.31532556
2717945380,0.2735054,0.25979698,0.4666975
2717976960,0.5360909,0.2276102,0.2362989
2718023528,0.123147845,0.73594904,0.14090312
2718162660,0.2222103,0.13443306,0.6433566
2718286919,0.31056315,0.34876946,0.3406674
2718289975,0.22694632,0.5131024,0.25995117
2718294403,0.09999975,0.08463091,0.81536937
2718306115,0.2721678,0.42394692,0.30388528
2718428713,0.12465466,0.7234907,0.15185465
2718637009,0.2871599,0.451555,0.2612851
2718670149,0.16886711,0.16854993,0.662583
2718673661,0.5088918,0.2362431,0.25486514
2718699780,0.41272795,0.32795835,0.25931376
2718801426,0.16551226,0.15666385,0.6778239
2718891493,0.2376057,0.4509964,0.31139788
2718908901,0.34549296,0.41690156,0.23760548
2718923410,0.2502937,0.33480257,0.41490376
2719035142,0.5286896,0.25555575,0.21575461
2719064108,0.26323533,0.46169588,0.2750687
2719077842,0.23523271,0.37192705,0.39284027
2719260169,0.101439334,0.11066286,0.78789777
2719420096,0.2921974,0.31818524,0.38961735
2719435582,0.2637264,0.40990886,0.32636476
2719456699,0.41467765,0.29750055,0.28782177
2719461306,0.30330154,0.39307392,0.30362445
2719658944,0.3564561,0.33994678,0.30359718
2719726957,0.29489702,0.28103298,0.42407003
2719847297,0.19254902,0.5506709,0.25678
2719887030,0.26020393,0.3190961,0.42069998
2720041505,0.09481464,0.787009,0.118176356
2720130337,0.68693036,0.121997446,0.19107223
2720238765,0.54803157,0.21925199,0.23271644
2720340979,0.08809248,0.7990712,0.1128363
2720379139,0.72341406,0.121716246,0.15486975
2720382368,0.16602664,0.64542836,0.18854502
2720504046,0.5419203,0.25421306,0.20386666
2720634664,0.3041185,0.39582065,0.3000608
2720646026,0.2377511,0.52771044,0.23453851
2720650888,0.37892854,0.33183455,0.28923687
2720656430,0.34381047,0.33663052,0.319559
2720714304,0.3461219,0.3568304,0.29704767
2720902045,0.10958177,0.74586976,0.14454845
2721156728,0.17742862,0.14996862,0.6726028
2721158228,0.45821306,0.28764787,0.2541391
2721184409,0.33371755,0.32082933,0.34545314
2721196226,0.47238687,0.27147526,0.25613788
2721207957,0.6960928,0.13189775,0.17200944
2721222190,0.25511208,0.3873883,0.35749963
2721364230,0.33566502,0.38856393,0.27577105
2721365990,0.20195849,0.21632554,0.5817159
2721500612,0.364338,0.3672579,0.26840407
2721522965,0.13030082,0.12408451,0.74561465
2721733356,0.18343976,0.4998237,0.31673655
2721806092,0.7447692,0.107666045,0.14756477
2722001013,0.36750653,0.31991068,0.31258276
2722218326,0.24788244,0.2293525,0.52276504
2722427642,0.35952115,0.33980495,0.30067387
2722460908,0.2995521,0.3768413,0.3236066
2722685880,0.3285681,0.23195289,0.43947905
2722731668,0.35108742,0.27743974,0.37147278
2722812133,0.40104845,0.16460831,0.43434322
2722973223,0.35784116,0.3363805,0.3057783
2722987835,0.4912346,0.29120433,0.2175611
2723062279,0.41532072,0.28527546,0.29940388
2723073026,0.31680357,0.24449408,0.43870243
2723100484,0.40525565,0.31237334,0.28237098
2723187919,0.37860638,0.3148266,0.306567
2723196223,0.5052596,0.19618979,0.2985506
2723221406,0.46290934,0.2960385,0.24105214
2723242865,0.48936546,0.2894711,0.22116342
2723313512,0.237944,0.26978448,0.49227145
2723330638,0.4406792,0.31748518,0.2418356
2723580045,0.5608413,0.18568976,0.25346893
2723697820,0.26431128,0.31069243,0.42499632
2723707403,0.36517993,0.3677066,0.2671136
2723714271,0.46817008,0.28213263,0.24969722
2723719675,0.23490395,0.5243575,0.24073859
2723731881,0.31114706,0.39389807,0.2949548
2723821842,0.2939831,0.38468927,0.3213277
2723890219,0.40482998,0.25939375,0.3357763
2723891298,0.51825917,0.19651128,0.28522962
2723976559,0.12690508,0.74498594,0.12810901
2724090607,0.36397976,0.35181168,0.28420854
2724114595,0.4248901,0.30040026,0.27470964
2724193343,0.36841756,0.31037903,0.32120335
2724215717,0.4486305,0.30760023,0.24376932
2724243040,0.32569999,0.40629417,0.26800585
2724338032,0.24060506,0.4286033,0.33079168
2724429835,0.22747004,0.5128106,0.25971937
2724459379,0.28036726,0.31871355,0.4009192
2724507969,0.19953921,0.2208769,0.5795838
2724565949,0.4079068,0.32668784,0.26540542
2724572869,0.15667619,0.569105,0.27421883
2724657758,0.30817556,0.37250796,0.31931654
2724659870,0.27820066,0.3295955,0.39220384
2724692961,0.18936384,0.2164163,0.59421986
2724775035,0.45353672,0.24698555,0.2994777
2724936778,0.30905187,0.4090524,0.28189564
2724982591,0.16213611,0.6489846,0.18887928
2725009478,0.2257343,0.43833628,0.3359295
2725028116,0.38833654,0.32356727,0.28809625
2725068917,0.21368809,0.25630528,0.5300066
2725076692,0.58789474,0.18824321,0.22386204
2725180824,0.28195366,0.14474022,0.57330614
2725272487,0.364136,0.3272967,0.30856723
2725345813,0.35285392,0.34800574,0.29914036
2725350112,0.19093288,0.19144562,0.6176216
2725406093,0.453758,0.30291033,0.24333164
2725493801,0.65006787,0.15401341,0.1959187
2725564068,0.24506219,0.24796346,0.5069744
2725573137,0.21264686,0.51831347,0.26903966
2725597644,0.30411938,0.24577548,0.45010516
2725709667,0.43706816,0.31237918,0.2505527
2725766876,0.34663725,0.3739202,0.2794425
2725796544,0.32631862,0.31023023,0.36345118
2726022029,0.35576504,0.35873842,0.28549656
2726087030,0.80021894,0.085368425,0.114412606
2726129433,0.37179837,0.28989527,0.33830634
2726252555,0.1629462,0.36084253,0.4762113
2726284373,0.4632546,0.29913986,0.23760551
2726444579,0.61371756,0.18427579,0.2020067
2726720928,0.28592324,0.24284154,0.47123516
2726859240,0.13834,0.10949844,0.75216156
2727033030,0.3395,0.39083177,0.26966822
2727035319,0.49632874,0.25517988,0.24849139
2727072922,0.06492109,0.8434378,0.091641046
2727158562,0.6484094,0.16673486,0.18485568
2727166939,0.41791576,0.26875377,0.3133305
2727179915,0.5426163,0.22931133,0.22807235
2727215494,0.29459527,0.3554172,0.34998757
2727217648,0.34735578,0.34435436,0.30828986
2727344901,0.30651504,0.35807416,0.33541083
2727471596,0.3009464,0.30677578,0.39227787
2727483450,0.43012887,0.30192557,0.26794556
2727560929,0.3695267,0.22969247,0.4007808
2727605575,0.43830344,0.26847607,0.29322043
2727631313,0.31746423,0.3481953,0.33434045
2727700288,0.23490262,0.21638544,0.54871196
2727728241,0.460019,0.27891764,0.26106337
2727909291,0.31412116,0.34005317,0.3458257
2727956232,0.22717038,0.5247936,0.24803604
2728068647,0.33186927,0.40426084,0.2638699
2728148224,0.26561475,0.25976157,0.47462368
2728151293,0.5346567,0.22034444,0.24499878
2728297157,0.10247311,0.10014763,0.7973792
2728404073,0.17274314,0.6024903,0.22476657
2728497714,0.2684759,0.26846766,0.46305642
2728536217,0.19657087,0.24910447,0.5543246
2728572226,0.30924797,0.42659628,0.26415578
2728647949,0.31966233,0.41851735,0.26182032
2728727771,0.31763527,0.20803666,0.47432813
2728862762,0.5300662,0.24647595,0.2234579
2728881717,0.28385627,0.4681514,0.24799234
2728909100,0.34158266,0.38698697,0.27143037
2728931315,0.17996255,0.5663055,0.25373197
2729209698,0.6396241,0.15138216,0.20899378
2729701241,0.3190144,0.3265124,0.3544731
2729702750,0.4631476,0.24247034,0.2943821
2729710796,0.24212055,0.28684735,0.47103205
2729734019,0.3782704,0.34736776,0.27436188
2729769209,0.40767992,0.3696787,0.22264135
2729779735,0.18409175,0.6179062,0.19800207
2729941126,0.39953598,0.28631154,0.3141525
2730084196,0.37891313,0.3033334,0.31775346
2730093944,0.53554213,0.20545274,0.25900513
2730282495,0.2835907,0.31411478,0.40229452
2730393018,0.36682525,0.31533363,0.31784108
2730403811,0.6079457,0.21309347,0.17896086
2730438664,0.38014016,0.36822468,0.2516352
2730489181,0.37020048,0.35036218,0.27943733
2730526706,0.31772918,0.3080415,0.3742294
2730535294,0.4407526,0.29366785,0.26557952
2730550590,0.29404995,0.30766657,0.39828345
2730557199,0.3632741,0.2258449,0.41088095
2730588217,0.576377,0.21729237,0.20633069
2730628111,0.2455167,0.44983763,0.30464575
2730671551,0.26064524,0.4904882,0.24886645
2730684224,0.3588018,0.33732665,0.30387148
2730739087,0.26379785,0.4114383,0.32476377
2730771038,0.24319175,0.4460798,0.31072846
2731081853,0.36602896,0.37252852,0.26144248
2731191842,0.14007014,0.66941524,0.19051461
2731356564,0.44231415,0.32461026,0.23307565
2731411537,0.11601186,0.7531222,0.13086596
2731505679,0.30294883,0.30836168,0.38868958
2731602574,0.5566895,0.21466352,0.22864705
2731685904,0.46925643,0.31159717,0.21914646
2731697193,0.26714262,0.24500763,0.4878497
2731786080,0.7128303,0.103435725,0.18373393
2731865870,0.2837745,0.37093493,0.34529057
2731992446,0.29675856,0.35833365,0.34490776
2732026302,0.40525854,0.31739828,0.27734312
2732058171,0.39733243,0.2969167,0.30575085
2732095063,0.31726596,0.2788081,0.40392599
2732113185,0.3331716,0.37426007,0.29256833
2732333308,0.40085432,0.3442068,0.2549388
2732379633,0.44765848,0.29195234,0.2603891
2732443914,0.7462783,0.10387485,0.14984684
2732497402,0.14666994,0.13580833,0.7175217
2732905635,0.29053515,0.2675808,0.44188404
2732941253,0.31393853,0.27271083,0.41335067
2733025550,0.3237904,0.34471953,0.33148995
2733046549,0.13762689,0.71724796,0.14512515
2733107849,0.10655606,0.7625,0.13094395
2733137675,0.30575216,0.33885676,0.3553911
2733166784,0.3512111,0.29948178,0.3493072
2733175726,0.39506328,0.35728285,0.24765383
2733461599,0.06861903,0.8313491,0.100031905
2733467290,0.3324173,0.33761752,0.32996514
2734033865,0.44747606,0.31960988,0.23291416
2734170300,0.4663058,0.2811748,0.25251943
2734329574,0.30481485,0.35245803,0.34272724
2734385371,0.37447318,0.31131634,0.31421053
2734426558,0.44059482,0.2898945,0.26951072
2734552421,0.3587058,0.31453386,0.32676038
2734598424,0.17965122,0.2010399,0.6193089
2734614024,0.3513022,0.31510118,0.3335966
2734641236,0.3673611,0.27267268,0.35996613
2734647050,0.40843552,0.27063146,0.32093307
2734737963,0.12656407,0.7348496,0.13858634
2734864991,0.34694228,0.37727037,0.27578735
2734925182,0.3656354,0.3600421,0.27432257
2734998401,0.3698684,0.35107163,0.27905998
2735153641,0.16875222,0.48376763,0.34748018
2735183029,0.36491594,0.20305675,0.43202728
2735414637,0.39361736,0.32028076,0.2861018
2735527032,0.40188205,0.31752414,0.28059378
2735749245,0.2511365,0.379983,0.36888057
2735964460,0.2569156,0.4349058,0.30817863
2736078828,0.381711,0.294443,0.32384592
2736108355,0.47865647,0.28724697,0.23409648
2736188469,0.53378105,0.17497717,0.2912418
2736341043,0.32602832,0.29807892,0.3758927
2736464295,0.21719147,0.57858104,0.20422748
2736503389,0.45656413,0.3014712,0.24196468
2736507283,0.21779436,0.50702673,0.27517888
2736507624,0.32883355,0.34372577,0.32744074
2736667845,0.17991176,0.6271343,0.19295394
2736696905,0.33121246,0.3350961,0.33369148
2736697657,0.15721524,0.15759377,0.685191
2736822213,0.3552206,0.3527691,0.29201034
2736885169,0.30452165,0.2925608,0.4029176
2736894157,0.23212318,0.22219817,0.5456786
2736921080,0.10208115,0.749767,0.14815184
2737033814,0.3416628,0.34708712,0.31125006
2737229152,0.25727317,0.35988683,0.38283998
2737232807,0.3997349,0.25536507,0.34489998
2737422012,0.64528775,0.17203869,0.18267354
2737635645,0.40632424,0.33145285,0.26222283
2737677979,0.32690752,0.39284995,0.28024256
2737888188,0.51433915,0.2638963,0.2217646
2737922175,0.30902442,0.35730463,0.33367085
2738179028,0.31602165,0.36376902,0.32020935
2738272717,0.28430983,0.24504311,0.47064707
2738302620,0.35765284,0.31286997,0.3294772
2738482792,0.54575115,0.22179516,0.2324537
2738576924,0.37733063,0.3034453,0.31922403
2738907460,0.13115557,0.13606013,0.7327843
2738913909,0.14211757,0.15356685,0.7043156
2738974709,0.37037727,0.30837327,0.3212495
2739086056,0.21035619,0.32177272,0.4678711
2739137373,0.33977652,0.22068751,0.439536
2739247512,0.31860766,0.2598134,0.42157894
2739457182,0.22987857,0.27238467,0.49773672
2739558299,0.33006728,0.29406214,0.37587067
2739574970,0.36244336,0.35677105,0.28078562
2739780223,0.49739233,0.2518938,0.2507139
2739854763,0.5409574,0.23809314,0.22094947
2739955735,0.25765547,0.3930878,0.34925675
2740083221,0.46229205,0.2985277,0.23918027
2740145947,0.41352227,0.30666795,0.2798098
2740365830,0.4322771,0.31528905,0.25243384
2740423743,0.2741481,0.30997595,0.415876
2740531939,0.2379297,0.44513834,0.31693193
2740657488,0.07936177,0.81060934,0.11002883
2740659120,0.2827035,0.33176592,0.38553062
2740699141,0.17216867,0.18328941,0.644542
2740817253,0.26439786,0.3237471,0.41185498
2740893168,0.49992865,0.27770552,0.22236586
2740916294,0.14588748,0.68685186,0.16726074
2740954635,0.31018135,0.25471628,0.43510234
2740957851,0.112697236,0.7644443,0.122858435
2740961614,0.5330307,0.21594858,0.25102067
2741010695,0.31611496,0.2674904,0.41639468
2741103551,0.17329822,0.61987513,0.20682658
2741190897,0.19745353,0.5949676,0.20757885
2741197713,0.14512806,0.6992323,0.15563965
2741215371,0.33316228,0.3079755,0.35886222
2741234013,0.37551162,0.37251225,0.25197607
2741241990,0.38183367,0.23674323,0.38142306
2741334690,0.37509382,0.3460729,0.2788332
2741578448,0.1670514,0.6399417,0.19300686
2741592057,0.4523639,0.28821707,0.25941905
2741615059,0.4250084,0.3510283,0.22396329
2741626949,0.3187289,0.4213043,0.25996685
2741661780,0.2923297,0.34254816,0.36512208
2741728095,0.13002503,0.12881313,0.7411618
2741827814,0.5948441,0.19172435,0.21343155
2741839557,0.67875904,0.14207853,0.17916237
2741848040,0.18519868,0.17005506,0.64474624
2741850401,0.35356265,0.39355585,0.25288153
2741866300,0.30986372,0.33400163,0.35613465
2742111925,0.44809797,0.25296453,0.2989376
2742176080,0.3668588,0.3228176,0.31032363
2742730648,0.49426126,0.25413263,0.25160608
2742794745,0.3008257,0.3428352,0.3563391
2742891441,0.5325384,0.21677028,0.25069135
2742924145,0.624468,0.18412004,0.19141194
2742933407,0.06228118,0.8541695,0.083549365
2743031750,0.24473019,0.3080355,0.4472344
2743068048,0.2515938,0.2151131,0.53329307
2743139402,0.30526015,0.3296561,0.3650838
2743158373,0.38027725,0.3474684,0.27225432
2743534963,0.3930183,0.33298635,0.27399537
2743593824,0.19394022,0.21098602,0.59507376
2743621501,0.35218427,0.3633718,0.28444397
2743803179,0.42599988,0.2985829,0.2754172
2743899630,0.44849873,0.26293096,0.2885703
2743926710,0.55825204,0.2289025,0.21284553
2743941634,0.3038437,0.33778116,0.35837507
2743974999,0.30311725,0.3367337,0.36014903
2744104259,0.5310059,0.26972172,0.19927236
2744207808,0.4521195,0.31523442,0.23264611
2744250595,0.18904476,0.59464896,0.21630634
2744430868,0.343805,0.41009596,0.24609904
2744492612,0.4340007,0.29278573,0.27321357
2744565923,0.3477546,0.36688727,0.28535813
2744601573,0.24122468,0.22626777,0.53250754
2744750369,0.13974921,0.12748331,0.7327675
2744756604,0.3831202,0.33242285,0.28445688
2744823766,0.33975613,0.35943186,0.30081195
2745390556,0.19512016,0.18742664,0.6174532
2745419727,0.75129116,0.11803626,0.1306726
2745462603,0.3315425,0.37117162,0.29728594
2745463498,0.37250718,0.3872675,0.24022533
2745527641,0.21237814,0.5329358,0.25468603
2745940867,0.31703633,0.36705154,0.31591216
2745951671,0.35347262,0.33627754,0.31024984
2746263392,0.56473136,0.21712382,0.21814479
2746299010,0.4032577,0.2944834,0.30225885
2746309467,0.33780417,0.38705307,0.27514282
2746335938,0.20692356,0.18726112,0.60581535
2746375247,0.27360705,0.4154839,0.3109091
2746487905,0.30530524,0.33690888,0.35778597
2746511984,0.22729962,0.543077,0.2296234
2746534792,0.3423015,0.34829316,0.3094054
2746589897,0.18336302,0.20757432,0.6090627
2746667690,0.3742323,0.2922071,0.33356056
2746698307,0.13106751,0.70149916,0.16743328
2746712714,0.40746367,0.32169527,0.27084106
2746824011,0.28205085,0.29795974,0.4199894
2746900484,0.5952146,0.20832397,0.1964614
2746900697,0.28911674,0.2380342,0.472849
2747049075,0.44193646,0.27489737,0.28316617
2747109329,0.099320635,0.79222816,0.1084512
2747246555,0.46817604,0.29548907,0.23633489
2747251552,0.46087435,0.3080578,0.23106784
2747274550,0.46623203,0.12336967,0.41039827
2747346053,0.40438,0.3225206,0.2730994
2747416514,0.25860894,0.29992646,0.44146457
2747540945,0.5243821,0.23364732,0.2419706
2747548650,0.22879131,0.3801431,0.39106563
2747563094,0.14294012,0.676227,0.18083291
2747737922,0.45971632,0.22930166,0.31098202
2747745707,0.30748293,0.3090142,0.38350284
2747935841,0.4031091,0.30705667,0.28983423
2747950154,0.21142581,0.56255186,0.22602238
2748030896,0.36314204,0.34133196,0.295526
2748246909,0.39352396,0.35633305,0.250143
2748268671,0.504232,0.23793614,0.25783187
2748288515,0.16077432,0.6273519,0.21187378
2748368162,0.5544366,0.20756812,0.2379952
2748387345,0.47729844,0.23317759,0.28952405
2748440722,0.17967543,0.20893976,0.6113849
2748541003,0.49940622,0.2773425,0.22325131
2748736878,0.26315197,0.44165426,0.2951938
2748796146,0.3272987,0.3438553,0.32884598
2748855696,0.2646184,0.22947788,0.5059037
2748884564,0.49246988,0.2525252,0.25500488
2748890778,0.14996895,0.13017732,0.7198537
2748903380,0.26300538,0.49554497,0.24144967
2748913363,0.30582145,0.2112328,0.4829458
2748961526,0.21424596,0.5084601,0.27729395
2748971312,0.33528984,0.3019714,0.3627388
2749017932,0.17624752,0.2119227,0.61182976
2749081158,0.3506499,0.31952983,0.32982028
2749101001,0.51916313,0.2749407,0.20589614
2749182844,0.41898367,0.31671783,0.26429844
2749205346,0.17454706,0.17406768,0.65138525
2749273106,0.31303057,0.310464,0.37650546
2749319223,0.24685898,0.28656012,0.466581
2749420160,0.3494319,0.321153,0.32941514
2749690551,0.2675268,0.27182075,0.4606525
2749825048,0.33423313,0.33787638,0.32789057
2749839990,0.16935383,0.1651366,0.6655096
2749929225,0.23392713,0.5072507,0.25882214
2750032777,0.33230832,0.40751037,0.2601813
2750138559,0.29753578,0.41329154,0.28917262
2750174039,0.39600927,0.29974994,0.30424076
2750240129,0.29374737,0.3468113,0.35944134
2750309206,0.29626176,0.38391665,0.31982154
2750365626,0.124935366,0.11558763,0.7594769
2750365813,0.27689785,0.24192753,0.48117462
2750446531,0.33967942,0.29396486,0.3663557
2750540984,0.17968036,0.6267475,0.19357207
2750813415,0.16412897,0.64509976,0.19077122
2750846208,0.5750801,0.2265953,0.19832462
2750884799,0.37678334,0.34236956,0.28084704
2751108687,0.27074707,0.42365056,0.30560243
2751123149,0.103619285,0.7755898,0.12079095
2751215922,0.213011,0.21684185,0.5701471
2751221258,0.1769132,0.17713833,0.6459485
2751240636,0.1986782,0.5597206,0.24160121
2751296558,0.48033753,0.29853016,0.22113234
2751315653,0.4387249,0.32479915,0.236476
2751348587,0.27670348,0.45491654,0.26838002
2751369597,0.4392132,0.22297472,0.33781213
2751416705,0.56973743,0.22619657,0.20406598
2751635032,0.3662343,0.28879288,0.34497276
2751652062,0.15748608,0.6696135,0.17290044
2751668951,0.24243282,0.4650903,0.2924769
2751723788,0.26786605,0.2582495,0.4738844
2751856049,0.7522028,0.11081063,0.1369866
2751913447,0.36157972,0.3191023,0.31931806
2751917262,0.31399935,0.20350055,0.4825001
2751917273,0.31240857,0.36033106,0.32726043
2752014362,0.31605557,0.36381552,0.32012895
2752207920,0.30213413,0.34480464,0.3530612
2752245696,0.32598987,0.38533065,0.2886795
2752314831,0.2408551,0.3099521,0.44919273
2752336746,0.29133514,0.29625934,0.41240558
2752370830,0.086414345,0.0779518,0.8356338
2752381850,0.41557187,0.26389772,0.32053038
2752394599,0.26648533,0.27208656,0.46142823
2752569937,0.21255824,0.24933104,0.5381107
2753130113,0.40560386,0.32736796,0.26702824
2753149923,0.24001712,0.4609491,0.29903385
2753240300,0.44023448,0.3001306,0.25963488
2753326361,0.39788562,0.3476638,0.25445065
2753346926,0.3078971,0.41627064,0.2758322
2753526163,0.25453168,0.48217386,0.26329443
2753534867,0.27772155,0.3302455,0.39203295
2753566297,0.33428594,0.36244535,0.3032687
2753611769,0.17620097,0.24915995,0.5746391
2753622191,0.2997082,0.3708472,0.32944462
2753714405,0.31235927,0.36127764,0.32636312
2753725083,0.19773024,0.5636114,0.23865828
2753768528,0.31027162,0.4462545,0.24347395
2753814198,0.44970664,0.24289802,0.3073954
2753820279,0.39034876,0.29864138,0.31100988
2753933297,0.11367634,0.10715303,0.77917063
2754005966,0.082209826,0.8174922,0.10029797
2754032222,0.121382594,0.7199929,0.15862453
2754201548,0.19861321,0.56172836,0.23965842
2754236414,0.3937358,0.3187711,0.28749317
2754285354,0.46350017,0.17890616,0.35759363
2754297454,0.47708482,0.29060927,0.23230596
2754329227,0.27343678,0.49157268,0.23499057
2754359286,0.30790994,0.35796815,0.3341219
2754399416,0.18234217,0.60099316,0.21666469
2754503904,0.33492705,0.37997976,0.28509316
2754559310,0.14889692,0.1436804,0.70742273
2754561752,0.28460497,0.4206417,0.29475334
2754562177,0.35370365,0.32898927,0.3173071
2754567794,0.36223924,0.3726739,0.26508683
2754585223,0.22288434,0.395647,0.38146865
2754763631,0.5111227,0.24970253,0.23917481
2754815769,0.2633411,0.42033446,0.31632453
2754910411,0.668355,0.14716579,0.18447924
2754931297,0.22450806,0.5034414,0.27205062
2754961827,0.48877865,0.2256017,0.2856196
2755013298,0.4138249,0.12768604,0.4584891
2755095070,0.3927425,0.27157032,0.3356872
2755109023,0.4707275,0.2823092,0.2469633
2755112385,0.2964861,0.27177155,0.4317424
2755118436,0.48555908,0.26566392,0.24877708
2755199943,0.5254396,0.2635307,0.21102962
2755247207,0.3948517,0.31077316,0.29437518
2755264054,0.26877037,0.49428654,0.2369432
2755304273,0.05554345,0.84943086,0.0950257
2755324754,0.36423975,0.3533006,0.28245968
2755368081,0.40481168,0.2668995,0.3282888
2755377523,0.08721158,0.7941547,0.118633665
2755691281,0.38070446,0.2794031,0.33989245
2755879771,0.15426497,0.14621133,0.69952375
2756024139,0.2353791,0.3954649,0.36915594
2756369956,0.097619236,0.78119916,0.12118159
2756588644,0.37304914,0.3418134,0.28513753
2756597162,0.329983,0.40561235,0.2644046
2756651840,0.22501197,0.29267693,0.48231107
2756673974,0.24431796,0.33056518,0.42511675
2756697523,0.12654583,0.70867974,0.16477445
2756716266,0.13825683,0.6960373,0.16570583
2756784802,0.23127301,0.37434125,0.39438576
2756910726,0.30518642,0.29072148,0.4040921
2756988356,0.29240245,0.25070038,0.45689726
2757098448,0.5330855,0.25075763,0.21615683
2757124837,0.2255617,0.20623465,0.5682036
2757190820,0.54690486,0.19492328,0.2581719
2757435768,0.203404,0.47732887,0.31926712
2757478701,0.3957219,0.29747918,0.306799
2757548203,0.34939444,0.31782168,0.33278388
2757582499,0.34296593,0.37329656,0.28373763
2757600754,0.06847349,0.06930271,0.8622238
2757657598,0.34516734,0.3872769,0.26755577
2757890904,0.2737223,0.3788335,0.34744424
2757915049,0.1992514,0.5655165,0.2352321
2758215036,0.69800246,0.13417107,0.16782649
2758242318,0.4736368,0.26895353,0.25740957
2758283651,0.29424775,0.4525792,0.25317308
2758466308,0.30352744,0.25614995,0.44032267
2758466470,0.1326795,0.71513003,0.1521905
2758520060,0.25269294,0.42312244,0.3241846
2758529185,0.078826815,0.81345457,0.10771858
2758653197,0.28253496,0.24119762,0.47626746
2758673014,0.39713004,0.32961112,0.2732589
2758696734,0.30470815,0.39135578,0.3039361
2758702476,0.26258457,0.3825047,0.35491067
2758781532,0.4611168,0.2752294,0.2636538
2758791087,0.33421755,0.39323187,0.27255064
2759086656,0.3627153,0.4093897,0.22789495
2759282890,0.13441631,0.696469,0.16911463
2759285279,0.2561197,0.40879893,0.33508137
2759308225,0.46276215,0.21063568,0.32660225
2759316681,0.4966828,0.25793922,0.24537799
2759326133,0.1622452,0.6347917,0.20296313
2759353105,0.2293152,0.3037828,0.46690202
2759405002,0.43849593,0.30622467,0.25527936
2759406605,0.30014065,0.3651847,0.33467463
2759417278,0.19302768,0.196986,0.60998625
2759443216,0.16096778,0.16357133,0.6754609
2759525105,0.20379205,0.48727235,0.30893555
2759563169,0.33883917,0.3565949,0.304566
2759672950,0.2547977,0.45307827,0.29212394
2759681741,0.11376423,0.72102475,0.16521105
2759706241,0.22319756,0.2666512,0.51015127
2759793150,0.3437942,0.37609965,0.28010604
2759800309,0.42502633,0.31157064,0.263403
2759803604,0.07958557,0.81048113,0.10993325
2759857855,0.27296442,0.3517359,0.3752997
2759866345,0.6726309,0.14149731,0.18587182
2759870317,0.28047913,0.20919023,0.5103307
2759926673,0.10161277,0.77636844,0.12201881
2759938284,0.7154931,0.12374065,0.16076636
2759962121,0.3262858,0.33823597,0.3354782
2760036253,0.20721652,0.21374382,0.57903963
2760219462,0.33629224,0.42289075,0.24081708
2760529844,0.2829118,0.3477699,0.3693183
2760777731,0.30782986,0.39865845,0.29351175
2760794795,0.521755,0.25777313,0.22047187
2760800435,0.5692863,0.21298102,0.2177327
2760806000,0.3087946,0.32270542,0.36850002
2760822489,0.24851243,0.52116805,0.23031949
2760852106,0.58156025,0.20943739,0.20900238
2760887579,0.12953597,0.7210075,0.14945658
2760965804,0.64133364,0.1618821,0.19678426
2760992138,0.2514282,0.36662248,0.3819494
2761300684,0.2081634,0.55135643,0.2404802
2761313026,0.21461196,0.5461324,0.2392556
2761436351,0.34546375,0.34898773,0.30554855
2761536520,0.18170954,0.20055337,0.6177371
2761578140,0.30020025,0.31806436,0.38173544
2761659010,0.31003723,0.43124264,0.25872016
2761768298,0.24474747,0.30920032,0.44605228
2761774119,0.42298985,0.3075471,0.26946306
2761843570,0.37083754,0.21029316,0.41886938
2761896132,0.42039078,0.2950647,0.28454453
2761967857,0.4355473,0.2682986,0.29615408
2762091557,0.15477209,0.6878584,0.15736948
2762129911,0.3253283,0.24266444,0.43200725
2762173547,0.20275891,0.1777426,0.61949843
2762209805,0.19566923,0.6086341,0.19569664
2762217836,0.5419228,0.20174107,0.25633606
2762312318,0.23614618,0.47242582,0.29142797
2762401645,0.67456937,0.14628083,0.1791498
2762426924,0.20703371,0.54660493,0.24636132
2762455621,0.35337716,0.3385766,0.3080462
2762466479,0.60554546,0.21141614,0.18303838
2762519171,0.12911987,0.14372993,0.72715026
2762614499,0.15550585,0.19160369,0.65289044
2762660634,0.29823977,0.26598707,0.4357731
2762771716,0.28922844,0.28883204,0.42193955
2762822507,0.32638162,0.2697561,0.40386233
2762837019,0.2809634,0.36515036,0.3538863
2762904449,0.32345715,0.39034757,0.28619528
2763002309,0.22256787,0.51517737,0.2622548
2763028169,0.18988027,0.18660742,0.62351227
2763055448,0.358162,0.34356686,0.29827115
2763055596,0.338531,0.28417668,0.3772924
2763092570,0.28497702,0.3044041,0.41061884
2763142730,0.2872267,0.34446627,0.36830696
2763217070,0.3559023,0.28390953,0.36018813
2763262539,0.3584899,0.2929683,0.3485418
2763299507,0.3870501,0.27852458,0.3344253
2763316041,0.19546969,0.20821616,0.5963142
2763420782,0.33444965,0.34341377,0.32213652
2763467158,0.18343052,0.6050278,0.2115417
2763636528,0.2600145,0.39110425,0.34888124
2763783683,0.17925726,0.17446026,0.64628243
2764021959,0.32521242,0.39668444,0.27810317
2764263485,0.46555877,0.2980588,0.23638248
2764278004,0.26324627,0.31003046,0.42672327
2764385391,0.108135685,0.103921354,0.787943
2764404025,0.30255133,0.39897388,0.29847473
2764449313,0.7957044,0.06711748,0.13717814
2764504636,0.46671143,0.23726267,0.29602596
2764522407,0.7089689,0.12081283,0.1702182
2764544948,0.35960102,0.29135337,0.34904557
2764558950,0.20939748,0.22597487,0.56462765
2764576338,0.26537123,0.4713023,0.26332635
2764612994,0.13816813,0.6993626,0.16246931
2764619923,0.36007276,0.35976344,0.28016376
2764729106,0.31876713,0.29375893,0.38747394
2764825725,0.3449753,0.31350994,0.34151474
2764848442,0.19946875,0.5002446,0.30028668
2764932573,0.26412547,0.3951831,0.34069145
2765024865,0.7887535,0.07972769,0.13151874
2765062684,0.34036773,0.32775107,0.33188114
2765103228,0.37301373,0.3070123,0.31997404
2765417374,0.21707977,0.46735817,0.3155621
2765472416,0.2711597,0.2702146,0.45862576
2765676232,0.2707101,0.32529578,0.4039941
2765689326,0.3185659,0.20767972,0.4737544
2765726867,0.4220905,0.26193684,0.31597266
2765770341,0.37851867,0.26573968,0.35574165
2766116256,0.39143905,0.27430192,0.334259
2766168632,0.33055845,0.3493532,0.3200884
2766195846,0.2858401,0.29095533,0.42320463
2766272075,0.28972903,0.4077894,0.30248162
2766313571,0.15175301,0.675683,0.17256397
2766339586,0.2491811,0.5045251,0.24629383
2766483170,0.20591897,0.5222878,0.27179328
2766533262,0.21831435,0.52802044,0.2536652
2766535475,0.2762203,0.32043314,0.40334654
2766766839,0.7439878,0.098715015,0.15729724
2766915597,0.41792095,0.26569858,0.3163804
2766968692,0.42758754,0.3221638,0.25024876
2767040883,0.19061881,0.22976336,0.5796178
2767042503,0.50540537,0.19727728,0.29731733
2767171731,0.5721642,0.22689308,0.20094278
2767214783,0.17141078,0.6328264,0.19576286
2767264540,0.15547696,0.14066128,0.7038617
2767292414,0.64544976,0.1315677,0.2229825
2767585605,0.32775563,0.36670285,0.30554155
2767944159,0.28109092,0.3254864,0.3934227
2767964088,0.22761038,0.44673732,0.3256523
2767974961,0.40939778,0.31684297,0.2737592
2768208370,0.530847,0.26220122,0.20695174
2768271806,0.21968804,0.504831,0.27548096
2768444170,0.35325012,0.269732,0.3770179
2768855816,0.3319811,0.34197432,0.32604465
2769088569,0.26157153,0.23943621,0.4989922
2769118558,0.12988167,0.72999936,0.14011894
2769188368,0.32364866,0.33761218,0.3387391
2769262188,0.13248338,0.7134518,0.1540648
2769397852,0.31462154,0.35624233,0.32913613
2769527133,0.4660675,0.28310618,0.25082633
2769548390,0.29820743,0.3922311,0.30956143
2769662190,0.3414181,0.2943287,0.36425325
2769980655,0.3129225,0.3207362,0.36634135
2770050595,0.3436665,0.3315643,0.3247691
2770125674,0.59482676,0.22179848,0.18337475
2770178305,0.22545294,0.21912524,0.5554218
2770260214,0.20334005,0.5519595,0.2447004
2770272391,0.26842526,0.3680734,0.36350128
2770302751,0.33318645,0.35720092,0.30961266
2770532539,0.23426206,0.34173194,0.42400593
2770559147,0.26572463,0.402109,0.33216643
2770813586,0.23956187,0.43207553,0.32836264
2770813912,0.57180774,0.21047844,0.2177138
2770814325,0.13327633,0.70642674,0.1602969
2770905380,0.2455916,0.22940901,0.52499944
2770986416,0.40636063,0.30741343,0.2862259
2771086634,0.2978168,0.280714,0.42146912
2771090052,0.095251575,0.093613245,0.8111352
2771180417,0.35245296,0.36177915,0.2857679
2771200989,0.38325143,0.2890444,0.32770416
2771259701,0.75708956,0.107033744,0.13587674
2771352852,0.48785642,0.21390346,0.29824013
2771373282,0.09905432,0.087540016,0.8134056
2771381309,0.38646483,0.30904055,0.30449462
2771449166,0.3298747,0.27603248,0.3940928
2771593551,0.31289813,0.300753,0.38634884
2771615169,0.4596609,0.25936377,0.2809753
2771890367,0.28741133,0.33144298,0.3811457
2772019525,0.42562002,0.32487294,0.24950695
2772153318,0.30278164,0.33859852,0.35861984
2772544081,0.36508352,0.36534947,0.26956698
2772547613,0.30417448,0.36610433,0.3297212
2772561698,0.24086818,0.50514555,0.25398627
2772581618,0.38481304,0.31274652,0.30244038
2772584740,0.30866942,0.33804536,0.35328516
2772648562,0.6225214,0.18573341,0.19174516
2772656206,0.4193818,0.26708832,0.31352985
2772865476,0.7029555,0.15660504,0.14043953
2772959488,0.31589976,0.39395514,0.29014513
2773025600,0.39370087,0.32770842,0.27859077
2773132203,0.53037703,0.24687958,0.22274335
2773154274,0.5012506,0.21801046,0.28073895
2773203793,0.5282137,0.2598022,0.21198405
2773236766,0.59211516,0.13347337,0.27441153
2773287923,0.45353654,0.300419,0.2460445
2773299090,0.24923399,0.5457551,0.205011
2773300238,0.31594992,0.32224166,0.3618084
2773368724,0.19666179,0.42105544,0.3822828
2773420012,0.5882322,0.20890756,0.2028602
2773628404,0.32413393,0.36343125,0.31243482
2773703757,0.28408372,0.30037767,0.41553858
2773736549,0.45038027,0.26469186,0.28492785
2773745424,0.2572778,0.44154853,0.30117372
2773753108,0.42713046,0.3372433,0.23562635
2773780877,0.30641145,0.33964917,0.3539395
2773789311,0.10678429,0.77720124,0.11601447
2774160961,0.33641794,0.37941602,0.28416607
2774180969,0.2999835,0.2664871,0.43352947
2774241860,0.57166934,0.19244997,0.23588067
2774343232,0.4090957,0.25208327,0.338821
2774442114,0.23828404,0.2488097,0.51290625
2774649260,0.30810758,0.378908,0.31298438
2774680354,0.5906129,0.20385005,0.20553705
2774684511,0.284599,0.36976177,0.34563917
2774688214,0.35335895,0.3518415,0.2947995
2774884565,0.3039865,0.38839903,0.3076146
2774911150,0.28932476,0.24554686,0.46512833
2774912299,0.13611388,0.6841967,0.17968945
2774923419,0.23129974,0.31614876,0.4525515
2775000713,0.3870002,0.32833663,0.28466317
2775016041,0.40244648,0.30844852,0.289105
2775105658,0.24943694,0.46183842,0.28872472
2775136892,0.3908957,0.30346164,0.30564266
2775145285,0.34340134,0.33281398,0.32378468
2775150855,0.5400626,0.2074934,0.25244394
2775326997,0.6240368,0.19056033,0.1854029
2775440373,0.21955547,0.22737555,0.553069
2775509071,0.65829396,0.15825826,0.18344773
2775613184,0.38305125,0.3414168,0.27553186
2775627216,0.6791622,0.14521405,0.17562371
2775679427,0.5497166,0.2588361,0.1914473
2775748291,0.37975785,0.32529375,0.29494837
2775775988,0.35236514,0.26648107,0.3811538
2775891102,0.1592138,0.20525357,0.6355326
2776109837,0.25992462,0.4572811,0.28279424
2776157204,0.6647428,0.16717704,0.16808006
2776224375,0.4126324,0.33655396,0.25081363
2776262791,0.55790734,0.21334805,0.22874458
2776306110,0.13975637,0.70207083,0.1581728
2776548461,0.6501069,0.15487695,0.19501604
2776640527,0.36994028,0.37369967,0.25636005
2776642781,0.31911173,0.42899725,0.25189105
2776659625,0.4997468,0.22353914,0.27671403
2776687423,0.3707005,0.29156923,0.33773023
2776733049,0.2693768,0.3924235,0.3381997
2776751602,0.4306083,0.29448605,0.27490562
2776778299,0.2268595,0.33109397,0.44204655
2776802872,0.33427006,0.30457452,0.36115548
2776849573,0.38853833,0.3126572,0.2988044
2776852995,0.18202513,0.6135006,0.20447432
2776870651,0.5988423,0.19607079,0.20508683
2776945684,0.120854214,0.7417399,0.13740593
2777171370,0.2742789,0.30731195,0.41840914
2777207840,0.30474046,0.37766168,0.3175979
2777317098,0.51989913,0.22738095,0.25271988
2777524210,0.23337954,0.19084851,0.5757719
2777608870,0.30185494,0.4478129,0.25033215
2777735610,0.25880587,0.4339724,0.3072217
2777776509,0.28267205,0.48725763,0.2300702
2777852104,0.29632947,0.19261499,0.5110555
2777890342,0.44600812,0.2740129,0.27997905
2778002131,0.11881062,0.14418189,0.7370075
2778006152,0.09679895,0.78599596,0.11720514
2778030997,0.34396896,0.3532177,0.30281338
2778077831,0.27607852,0.39052692,0.3333946
2778095498,0.19599904,0.5712679,0.232733
2778253253,0.17925984,0.5794953,0.24124482
2778443776,0.41917986,0.31059694,0.27022317
2778533603,0.2427921,0.21558206,0.54162586
2778537238,0.5409365,0.24569066,0.21337275
2778646456,0.46563613,0.2616627,0.2727012
2778703628,0.33172715,0.38359335,0.28467956
2778710758,0.22464895,0.290192,0.485159
2778713977,0.17833097,0.633563,0.18810602
2778735109,0.39213976,0.29262167,0.3152386
2778776790,0.1878071,0.6132842,0.19890876
2778789665,0.40266407,0.31125924,0.28607666
2778876718,0.3282604,0.3317947,0.33994487
2778889248,0.36699837,0.3391481,0.29385355
2778959003,0.14297839,0.67610544,0.18091619
2779059474,0.38391018,0.3429362,0.27315363
2779130886,0.19757006,0.5936618,0.20876814
2779274893,0.241903,0.5197356,0.23836137
2779359913,0.48686567,0.2590326,0.25410163
2779393190,0.32355428,0.30790222,0.3685434
2779508183,0.22181126,0.4877453,0.2904434
2779637400,0.15211742,0.15049088,0.69739175
2779637986,0.40250066,0.27478376,0.32271555
2779786873,0.30807853,0.37807277,0.31384876
2780058282,0.47109294,0.27428052,0.25462648
2780068290,0.20411424,0.5363947,0.25949112
2780135893,0.1995694,0.5587102,0.24172038
2780288736,0.18842721,0.24533279,0.56624
2780322232,0.49538693,0.2699971,0.23461594
2780326017,0.25202596,0.40381807,0.34415603
2780426959,0.2524106,0.24287505,0.5047143
2780542587,0.34957996,0.33479714,0.31562296
2780737000,0.16746353,0.64108455,0.19145194
2780928101,0.2174201,0.47965908,0.30292082
2781076023,0.5333878,0.26349813,0.20311403
2781108690,0.40602764,0.36441734,0.22955498
2781200254,0.10517819,0.77247983,0.122341976
2781262539,0.26392123,0.46443328,0.27164552
2781311376,0.44375947,0.3195814,0.23665917
2781326399,0.39318377,0.30590937,0.30090687
2781454550,0.3918046,0.3142627,0.2939327
2781557592,0.50688934,0.20957689,0.28353372
2781558629,0.4220479,0.2805055,0.29744667
2781784198,0.45375413,0.2856095,0.26063633
2781821215,0.44730693,0.30434853,0.24834459
2781886308,0.2217052,0.5622834,0.21601146
2782059682,0.29244086,0.26443708,0.443122
2782080955,0.32580423,0.3151819,0.35901383
2782317799,0.33014107,0.36416793,0.30569106
2782342524,0.2262923,0.20311207,0.5705957
2782345099,0.40079212,0.36876747,0.23044035
2782424156,0.5990471,0.19718054,0.2037723
2782432770,0.41421354,0.35793602,0.22785036
2782476758,0.6482526,0.16632907,0.18541832
2782507609,0.3775069,0.30050275,0.32199034
2782662962,0.84475696,0.063876875,0.09136619
2783191559,0.18728082,0.5949491,0.21777
2783192710,0.35045868,0.3654173,0.28412405
2783202057,0.396947,0.36440814,0.23864481
2783245541,0.23022534,0.41835073,0.35142398
2783248465,0.18591818,0.59171987,0.2223619
2783340217,0.47747883,0.2541903,0.26833084
2783407321,0.34542707,0.367796,0.286777
2783554359,0.3176395,0.3407524,0.3416081
2783677517,0.3871292,0.323921,0.28894973
2783680496,0.41269726,0.29606083,0.29124197
2783762518,0.23482749,0.23785405,0.5273184
2783827814,0.31061524,0.39570332,0.29368156
2783837623,0.11201063,0.73865104,0.14933832
2783865291,0.49532393,0.23555055,0.2691255
2783902182,0.3528069,0.34816867,0.29902443
2783965798,0.23328571,0.16183291,0.60488135
2784000806,0.40842208,0.32818794,0.26338997
2784092362,0.3590781,0.31954736,0.3213746
2784098932,0.48780006,0.2853392,0.2268607
2784333446,0.33652627,0.32305318,0.34042054
2784465461,0.34389475,0.33433807,0.32176718
2784641785,0.23446141,0.378197,0.38734156
2784669719,0.15951465,0.34321392,0.49727136
2784728271,0.3104089,0.30623484,0.38335618
2784782930,0.5033567,0.2847749,0.21186844
2784806152,0.31984046,0.38443315,0.29572642
2784883394,0.28391984,0.3416578,0.37442243
2784946160,0.719957,0.09864114,0.18140183
2785062085,0.21812688,0.20930253,0.57257056
2785108813,0.21916446,0.55185133,0.2289842
2785277708,0.23197018,0.49881074,0.26921913
2785314629,0.10462849,0.7591656,0.13620596
2785630003,0.4152223,0.3396007,0.24517699
2785753772,0.6428571,0.1732808,0.18386212
2785952577,0.2522775,0.33385277,0.41386977
2786011431,0.25228608,0.43596554,0.31174842
2786181041,0.22088276,0.51050186,0.26861545
2786303931,0.20894451,0.579443,0.21161248
2786332135,0.25151193,0.2317374,0.5167507
2786393511,0.65611607,0.156956,0.18692793
2786407477,0.06404935,0.83613575,0.09981491
2786693365,0.32731697,0.3465899,0.32609323
2786769737,0.38916332,0.33051547,0.28032115
2786800215,0.21830991,0.5793374,0.2023526
2786865941,0.22120023,0.51517546,0.2636244
2786900627,0.5252337,0.24877363,0.22599272
2787148253,0.12342057,0.7261516,0.1504278
2787323151,0.23897123,0.51251787,0.24851082
2787365241,0.40373993,0.32701072,0.2692493
2787413131,0.1451616,0.70888305,0.14595535
2787413445,0.08457472,0.08585226,0.8295731
2787545009,0.47551265,0.15664214,0.3678452
2787635297,0.09624607,0.7869007,0.11685317
2787646127,0.58773476,0.19573016,0.21653514
2787721829,0.12804464,0.73012465,0.1418307
2787790533,0.4108482,0.31244415,0.27670768
2787821905,0.478684,0.23328534,0.2880306
2787908073,0.4069727,0.26341698,0.32961035
2787946021,0.51697856,0.22897115,0.25405028
2788172325,0.087671675,0.81036276,0.10196554
2788487532,0.321176,0.31203386,0.3667902
2788490928,0.4227869,0.30003414,0.2771789
2788492370,0.72374076,0.13452122,0.14173804
2788542035,0.31887776,0.36212897,0.3189933
2788595323,0.10818267,0.75322145,0.13859582
2788636060,0.29677042,0.4201278,0.2831017
2788800446,0.36187842,0.17937702,0.45874453
2788805389,0.14392598,0.68039894,0.17567505
2788818651,0.25334427,0.20367146,0.54298425
2788847259,0.4021057,0.33772588,0.2601684
2788850385,0.27017418,0.53009135,0.1997345
2789033728,0.49575436,0.25650552,0.24774013
2789125148,0.33029634,0.33465198,0.3350516
2789247334,0.5128394,0.2398341,0.24732652
2789396693,0.4057131,0.32379103,0.27049583
2789478420,0.53206235,0.22183292,0.24610472
2789614535,0.3729907,0.20630327,0.42070597
2789650237,0.2238767,0.5703726,0.2057506
2789761000,0.3701878,0.243625,0.38618717
2789887442,0.23394282,0.46293035,0.30312687
2789895047,0.16855346,0.19050625,0.64094025
2789978964,0.20017515,0.4311002,0.36872467
2789981094,0.16406916,0.65922576,0.17670514
2790050802,0.4499863,0.2097604,0.34025326
2790068795,0.4382206,0.2688847,0.29289466
2790142929,0.114018954,0.09661508,0.78936595
2790242798,0.45030802,0.2946771,0.25501487
2790307112,0.24990416,0.4542152,0.2958806
2790342112,0.16221121,0.6383382,0.19945052
2790390312,0.090137996,0.79610443,0.11375759
2790419701,0.502553,0.25382456,0.24362254
2790435881,0.23428603,0.57297134,0.19274259
2790523202,0.3468867,0.38351822,0.26959512
2790617200,0.7284881,0.12842591,0.14308606
2790702735,0.2764986,0.27567264,0.44782874
2790755472,0.26987588,0.2551903,0.47493383
2790759779,0.20452616,0.18925278,0.606221
2790825744,0.35079288,0.32917532,0.32003176
2790853470,0.438791,0.20791145,0.35329756
2790914048,0.18236524,0.5227109,0.29492384
2790942691,0.2618935,0.19836943,0.53973705
2791041980,0.35848266,0.29997888,0.3415385
2791094827,0.2605513,0.30835888,0.43108973
2791113004,0.5003477,0.27199593,0.22765641
2791185410,0.68774617,0.1371897,0.17506412
2791242501,0.5947037,0.19437172,0.21092463
2791278404,0.3089656,0.1680143,0.5230201
2791387744,0.34973556,0.36652026,0.28374416
2791416222,0.32467878,0.3753765,0.2999448
2791437317,0.54670936,0.23996167,0.21332893
2791510766,0.28108984,0.36332142,0.35558867
2791650111,0.40009204,0.2883092,0.3115988
2791744281,0.24016033,0.37787336,0.38196638
2791756819,0.2589897,0.2822275,0.45878276
2791873628,0.23556596,0.23070842,0.5337256
2792024976,0.062212862,0.8494067,0.08838048
2792057376,0.23654234,0.25847843,0.5049792
2792072314,0.30606917,0.28372714,0.41020373
2792078474,0.45977804,0.2771706,0.2630514
2792131190,0.21471974,0.4349106,0.35036966
2792279219,0.32094145,0.34186393,0.3371945
2792286474,0.2795494,0.49146506,0.22898558
2792336378,0.13501027,0.14002095,0.7249688
2792346895,0.3664731,0.33646148,0.2970655
2792436664,0.25799546,0.4423786,0.29962593
2792555497,0.3280927,0.3951286,0.27677873
2792635937,0.5067324,0.2606146,0.23265308
2792851652,0.19587855,0.5848906,0.21923089
2792963632,0.10555981,0.1080718,0.7863684
2792968320,0.2380876,0.53827184,0.2236406
2792981614,0.37657827,0.3652703,0.2581514
2793002399,0.34472016,0.3606403,0.29463953
2793024499,0.53672445,0.24520053,0.21807493
2793153974,0.3323934,0.45547184,0.21213478
2793170756,0.06770425,0.8234257,0.10887004
2793211603,0.15968092,0.21251121,0.62780786
2793217161,0.23766744,0.53382283,0.22850977
2793242278,0.47862577,0.2878618,0.23351243
2793242896,0.24040782,0.51152194,0.2480703
2793281490,0.324608,0.16985215,0.50553995
2793311262,0.24857089,0.4320717,0.3193574
2793334494,0.23638666,0.30026168,0.46335164
2793489898,0.34634206,0.42749643,0.22616148
2793523046,0.29138836,0.27023545,0.43837613
2793555783,0.28004742,0.25476727,0.46518534
2793559007,0.3125009,0.37332502,0.31417412
2793630267,0.40036616,0.29275566,0.30687812
2793693444,0.3802225,0.34728023,0.27249727
2793725402,0.43248147,0.3196755,0.24784298
2794078534,0.27723905,0.3804408,0.34232014
2794184157,0.45158342,0.29283887,0.25557774
2794357751,0.48554897,0.2585676,0.25588346
2794479336,0.41883153,0.27162883,0.30953965
2794481087,0.3564121,0.33349738,0.31009057
2794492650,0.20831294,0.62509537,0.16659166
2794527180,0.13968997,0.61309296,0.24721703
2794636150,0.3092464,0.37756088,0.31319264
2794686891,0.3097511,0.31645435,0.37379462
2794708942,0.28867874,0.30367082,0.40765044
2794778095,0.24178438,0.41944575,0.3387698
2794795380,0.10929309,0.10702338,0.78368354
2794799705,0.37846917,0.38083848,0.24069236
2794831260,0.31677753,0.37869883,0.30452356
2795126419,0.48504215,0.26386064,0.25109723
2795165389,0.30083972,0.39133754,0.30782267
2795207650,0.46975723,0.3007296,0.22951323
2795215372,0.37099755,0.37178826,0.2572142
2795320378,0.7792326,0.08981602,0.13095134
2795410158,0.27013665,0.46154326,0.26831996
2795414934,0.08467469,0.77385926,0.14146605
2795533847,0.24956554,0.42561683,0.32481766
2795657341,0.5951811,0.20541093,0.19940801
2795688029,0.13310361,0.7175447,0.14935178
2795771658,0.2792719,0.42737535,0.29335275
2795790092,0.32196862,0.3144304,0.36360097
2795909429,0.16842964,0.61909515,0.21247518
2796030056,0.72050035,0.13550982,0.14398988
2796115241,0.3669115,0.29222012,0.34086847
2796213781,0.43519747,0.32295898,0.24184352
2796272584,0.288561,0.3312312,0.3802078
2796349110,0.19625905,0.57177436,0.23196656
2796516175,0.6088304,0.18780725,0.20336244
2796545749,0.38883832,0.3455479,0.26561382
2796587802,0.31238472,0.3692188,0.31839645
2796621195,0.20537001,0.50691706,0.287713
2796734432,0.16866085,0.1770601,0.654279
2796787205,0.51097125,0.2376178,0.25141096
2796874836,0.33816358,0.37281433,0.28902212
2796907670,0.46749398,0.26211482,0.27039123
2796926471,0.35037866,0.35089058,0.2987307
2797065488,0.389251,0.31442174,0.2963273
2797065830,0.07745878,0.06549211,0.85704917
2797073575,0.46317706,0.30686483,0.22995807
2797188904,0.45231667,0.3046622,0.24302115
2797223203,0.58212966,0.17777883,0.24009158
2797364398,0.22368844,0.3857539,0.39055765
2797409166,0.18726605,0.26334727,0.5493867
2797566259,0.2902991,0.27259266,0.43710828
2797651607,0.38281077,0.2787823,0.33840695
2797895224,0.395653,0.35448304,0.24986394
2797905762,0.620698,0.19952427,0.17977779
2797958522,0.26391232,0.463398,0.27268964
2798076929,0.34541512,0.27716443,0.37742046
2798120920,0.42743558,0.29350144,0.27906296
2798158564,0.16401382,0.13113537,0.70485085
2798176643,0.1434531,0.13617991,0.7203671
2798214016,0.28107148,0.39370137,0.32522708
2798259626,0.5706256,0.22948892,0.19988541
2798293291,0.16572526,0.5434681,0.2908066
2798604825,0.22586411,0.5704458,0.20369017
2798648888,0.7671252,0.09245009,0.1404248
2798714627,0.37944645,0.2772968,0.3432567
2798921984,0.33646607,0.41365665,0.24987723
2799078195,0.36860338,0.3687221,0.26267457
2799159625,0.2315586,0.4666279,0.3018135
2799199657,0.21173336,0.57239103,0.2158756
2799217807,0.1708703,0.6004132,0.22871654
2799294273,0.32463306,0.4269054,0.24846157
2799481958,0.23490776,0.28007272,0.48501953
2799522661,0.13228364,0.1195569,0.7481594
2799544266,0.2928755,0.3231441,0.38398036
2799573645,0.66620404,0.15026657,0.18352942
2799573705,0.21471274,0.3676964,0.41759092
2799621346,0.25964123,0.4291802,0.31117854
2799659904,0.25135848,0.37271824,0.37592322
2799729231,0.31660494,0.2880113,0.3953838
2799852100,0.19040886,0.2028082,0.606783
2799856013,0.25416258,0.28639823,0.45943925
2799856996,0.39650345,0.36250103,0.24099553
2799874130,0.31106317,0.34726152,0.34167534
2799972115,0.4892598,0.22714962,0.28359058
2800015193,0.23512761,0.5113841,0.2534882
2800048194,0.15025428,0.16670409,0.68304163
2800068682,0.3291469,0.37615043,0.29470268
2800106155,0.3947526,0.3254499,0.27979743
2800109441,0.53015286,0.26609626,0.20375085
2800239334,0.36406028,0.33977127,0.2961684
2800330269,0.15785716,0.6442015,0.19794127
2800548529,0.39791435,0.32562444,0.2764613
2800551263,0.36002934,0.31307092,0.32689974
2800634345,0.47044858,0.3082386,0.22131285
2800693920,0.52573454,0.20498547,0.26928005
2800722398,0.2760011,0.33792245,0.38607648
2800769304,0.2701984,0.44961143,0.28019017
2800851445,0.27867678,0.4831513,0.23817185
2800908316,0.7175644,0.12638137,0.15605421
2801000234,0.11878083,0.72141784,0.15980129
2801104415,0.32079402,0.341076,0.3381301
2801159177,0.26015124,0.43317002,0.3066787
2801182079,0.15169312,0.629196,0.21911094
2801194778,0.3119415,0.2936235,0.39443505
2801201544,0.38813657,0.30361205,0.30825138
2801210696,0.43037862,0.2785834,0.29103786
2801255185,0.17316227,0.53677464,0.29006314
2801277432,0.31811836,0.38752142,0.29436016
2801514629,0.21583796,0.5639967,0.2201654
2801522834,0.5088527,0.24641627,0.24473095
2801637237,0.40055838,0.31819046,0.28125116
2801673882,0.4282071,0.22692662,0.34486625
2801679190,0.28386587,0.4076676,0.30846655
2801781030,0.43579862,0.2932333,0.27096808
2801993897,0.2063282,0.20728897,0.58638287
2802117873,0.5228352,0.2602082,0.21695663
2802224125,0.10101036,0.7747066,0.12428301
2802233559,0.36872318,0.28859177,0.3426851
2802324117,0.29637623,0.30385366,0.39977002
2802467803,0.48244038,0.3000301,0.21752957
2802536261,0.38571703,0.35414183,0.26014107
2802810215,0.34243473,0.2831633,0.37440193
2802877936,0.23922843,0.47232133,0.2884504
2802893207,0.21525405,0.55244684,0.23229916
2802994770,0.09901405,0.0976815,0.80330443
2802998739,0.5254318,0.19624545,0.2783227
2803025733,0.13420063,0.123062745,0.74273664
2803032973,0.2338039,0.53826797,0.22792809
2803041200,0.3177104,0.40714222,0.27514735
2803059866,0.15829949,0.16960843,0.6720921
2803092529,0.45566607,0.2620211,0.2823129
2803133275,0.4050431,0.34676403,0.24819288
2803150902,0.18843074,0.51826376,0.2933055
2803170535,0.36295083,0.3180371,0.31901208
2803175835,0.54209334,0.24617583,0.21173084
2803175844,0.35335964,0.30398726,0.34265313
2803234785,0.3890133,0.36128715,0.2496996
2803435874,0.27043018,0.32644296,0.40312687
2803469284,0.5169565,0.22158253,0.26146102
2803550771,0.48427132,0.2060048,0.30972385
2803687235,0.3113488,0.24812274,0.44052845
2803711939,0.095552385,0.7665708,0.13787682
2803759450,0.40720275,0.26870152,0.32409573
2803847967,0.23321873,0.28037947,0.4864018
2803867564,0.4811185,0.25821024,0.26067126
2803880610,0.20217599,0.30270723,0.49511683
2803914756,0.29574463,0.29515016,0.40910524
2803936275,0.13322613,0.7118201,0.15495376
2803945436,0.42557192,0.19609566,0.3783324
2804023957,0.27892047,0.23995437,0.48112518
2804243435,0.16669063,0.6680665,0.16524284
2804255170,0.5179814,0.25583,0.22618856
2804305276,0.243779,0.45471412,0.30150685
2804379710,0.12922382,0.6958492,0.17492697
2804396007,0.5280397,0.22811915,0.24384119
2804411193,0.5003705,0.20158856,0.298041
2804486942,0.32073992,0.39405212,0.28520793
2804513962,0.23860177,0.418314,0.34308422
2804532998,0.35645133,0.25714192,0.3864067
2804535775,0.65723574,0.15477407,0.18799022
2804676644,0.317728,0.27665648,0.40561545
2804682307,0.29454607,0.3529057,0.35254824
2804778603,0.6401255,0.15743244,0.20244202
2804970102,0.5392586,0.20849667,0.25224474
2805061978,0.17421977,0.523479,0.30230132
2805079799,0.29168367,0.33076707,0.37754923
2805094259,0.24981369,0.41920713,0.3309792
2805229019,0.3983568,0.24499846,0.35664475
2805385670,0.5752861,0.20678455,0.21792932
2805403363,0.33833495,0.339476,0.3221891
2805573010,0.32613003,0.35683486,0.31703508
2805575230,0.3449421,0.291113,0.36394492
2805619957,0.24859816,0.21435545,0.5370463
2805679734,0.23102675,0.43296257,0.33601072
2805767672,0.27246097,0.46739683,0.26014233
2805777351,0.33300117,0.38245293,0.28454584
2805845175,0.16865355,0.66755176,0.16379473
2805872600,0.25716907,0.32355928,0.4192716
2805909032,0.28194118,0.43146756,0.28659123
2805938283,0.3853317,0.2655936,0.34907463
2806006282,0.2153446,0.18689515,0.59776026
2806018060,0.34995615,0.3393395,0.31070432
2806144810,0.32270473,0.38210815,0.29518718
2806161176,0.49533102,0.21098685,0.2936822
2806164380,0.17826065,0.18589553,0.63584375
2806191328,0.07499694,0.82741207,0.097590946
2806225154,0.48644772,0.22725767,0.2862946
2806382714,0.38626322,0.32834074,0.2853961
2806399190,0.7870843,0.08707048,0.12584525
2806712813,0.5183696,0.26581353,0.21581681
2806761285,0.31162187,0.38292012,0.3054581
2806766034,0.47996163,0.29265752,0.22738092
2806766602,0.12465902,0.7224539,0.15288708
2806948156,0.28199163,0.39966762,0.3183407
2807196857,0.38187435,0.32662946,0.29149616
2807197431,0.19394805,0.5845364,0.22151552
2807247092,0.3578218,0.33645695,0.30572125
2807303241,0.3602248,0.2575887,0.38218644
2807405489,0.2469762,0.3057952,0.4472286
2807443587,0.15724729,0.49142575,0.35132697
2807491298,0.3859084,0.38402408,0.23006758
2807493224,0.08396039,0.79418737,0.12185224
2807562685,0.24774644,0.41926086,0.33299276
2807582109,0.4026008,0.31678432,0.2806149
2807595427,0.12797363,0.7614837,0.1105427
2807635913,0.65223193,0.20875223,0.13901585
2807688160,0.5238244,0.21353553,0.26264012
2807692507,0.29593626,0.26767394,0.4363897
2807723250,0.3823827,0.31790888,0.29970846
2807740046,0.45307806,0.2661726,0.28074935
2807747354,0.20234203,0.19529533,0.60236263
2807748354,0.45613483,0.31735444,0.22651076
2807872061,0.1454191,0.20853281,0.64604807
2807889008,0.49658653,0.24578696,0.25762644
2807955556,0.5235093,0.18094629,0.29554433
2808063210,0.29021755,0.20898128,0.50080127
2808063518,0.60104,0.1724318,0.22652814
2808239679,0.17275071,0.64872086,0.17852849
2808298647,0.36087623,0.32628804,0.3128357
2808677575,0.16690792,0.6118423,0.22124977
2808687715,0.22161001,0.22060332,0.5577867
2808695571,0.757797,0.10994823,0.13225478
2808775991,0.47923225,0.2896682,0.23109947
2808883199,0.240313,0.5093586,0.25032836
2808916697,0.43269205,0.26132706,0.30598083
2808927023,0.22423394,0.44087112,0.33489496
2808929227,0.39163467,0.27092922,0.33743602
2809039997,0.33956373,0.3525068,0.30792952
2809143839,0.23287651,0.2116155,0.555508
2809199892,0.40638217,0.28272685,0.310891
2809321046,0.41133782,0.30955955,0.27910256
2809350427,0.37751302,0.28945395,0.33303297
2809355687,0.59735876,0.18145537,0.2211859
2809449378,0.23853073,0.5119519,0.24951734
2809467975,0.4639435,0.2551958,0.28086075
2809531001,0.36963275,0.34107825,0.28928906
2809553447,0.31529227,0.33677,0.34793776
2809770127,0.39232922,0.20474005,0.4029308
2809774406,0.2193241,0.4799778,0.3006981
2809788430,0.12669283,0.71574706,0.15756011
2809813883,0.47684366,0.25985685,0.26329947
2809840561,0.49811375,0.25915018,0.24273615
2809861578,0.21868348,0.27074745,0.51056916
2809970911,0.21069925,0.55068,0.23862082
2810100004,0.13625503,0.6873491,0.17639594
2810385599,0.120847486,0.6678698,0.21128267
2810388207,0.16299269,0.596198,0.24080928
2810445839,0.28058717,0.3907904,0.3286225
2810458742,0.31771034,0.33524656,0.34704304
2810487906,0.4486879,0.30505624,0.24625582
2810508527,0.15291514,0.16643345,0.68065137
2810566307,0.20378639,0.5880609,0.20815271
2810710377,0.25846848,0.41398603,0.32754546
2810747564,0.7602178,0.100180306,0.1396019
2810769648,0.18507741,0.52948314,0.28543946
2810812552,0.42443934,0.3128295,0.26273113
2810861031,0.44856706,0.32735053,0.22408237
2810886242,0.38245207,0.34697247,0.27057543
2810889761,0.19745769,0.4780748,0.32446757
2810992935,0.61248654,0.16152403,0.2259894
2811226817,0.4225898,0.3101055,0.2673047
2811425411,0.4618032,0.2637158,0.27448097
2811625542,0.22410372,0.5351921,0.24070428
2811657165,0.3669591,0.31514728,0.31789362
2811694623,0.2577095,0.41303554,0.329255
2811743750,0.17833298,0.6347612,0.18690583
2811758924,0.803523,0.07943357,0.11704347
2811767184,0.13882676,0.23210095,0.62907237
2811856172,0.16745184,0.6344798,0.19806832
2812025699,0.41000602,0.30550176,0.2844923
2812029405,0.15337507,0.6755852,0.17103969
2812097965,0.4331167,0.2995749,0.26730835
2812104373,0.17042966,0.5627414,0.26682892
2812145239,0.53611076,0.25213647,0.21175283
2812146448,0.22438073,0.47307023,0.30254897
2812206695,0.14328432,0.68439394,0.1723217
2812225312,0.1478325,0.66253674,0.18963078
2812566023,0.21014784,0.5194543,0.27039793
2812774151,0.3662996,0.29518557,0.33851486
2812788782,0.09364607,0.101351514,0.8050024
2812833965,0.3495242,0.3682282,0.28224757
2812873787,0.19635543,0.42309672,0.38054788
2813000607,0.179712,0.6002881,0.21999998
2813058116,0.33964762,0.23982094,0.4205314
2813109439,0.35353294,0.33087322,0.31559378
2813182207,0.25113502,0.18458313,0.5642818
2813196497,0.108529784,0.09080077,0.80066943
2813285142,0.32413372,0.30155602,0.37431023
2813361414,0.48862332,0.26537117,0.24600549
2813463082,0.22018898,0.20268713,0.57712394
2813605858,0.28803346,0.25893092,0.45303562
2813667809,0.3030669,0.29531068,0.40162238
2813690718,0.68293446,0.15111248,0.16595308
2813888243,0.24940863,0.44715595,0.30343536
2813925833,0.35518816,0.35780287,0.287009
2814228858,0.22674607,0.31853235,0.45472163
2814394986,0.30938134,0.4432162,0.24740241
2814396157,0.5609272,0.23882112,0.2002517
2814468842,0.26913312,0.43628314,0.29458368
2814572362,0.3816887,0.36326024,0.25505105
2814726722,0.22003159,0.5049629,0.27500546
2814752190,0.17783949,0.5822939,0.23986663
2814762320,0.49145758,0.2972425,0.21129988
2814873758,0.30770954,0.33204272,0.3602478
2814877077,0.31814122,0.37135297,0.31050578
2814892168,0.4071635,0.28867847,0.30415803
2815057456,0.48527902,0.19632947,0.31839144
2815067688,0.23407614,0.23910081,0.526823
2815103786,0.3163231,0.45274442,0.23093246
2815235044,0.42821717,0.27702034,0.29476252
2815292658,0.7215318,0.081390075,0.19707815
2815328714,0.43794072,0.3134874,0.24857187
2815331563,0.31844428,0.3906259,0.29092988
2815466870,0.34238252,0.32741624,0.33020124
2815666166,0.55443776,0.21046089,0.23510128
2815666872,0.12007944,0.73509675,0.14482379
2815755772,0.124699704,0.7325207,0.1427796
2815780392,0.2809473,0.35249245,0.3665603
2815855791,0.4841606,0.30321825,0.21262121
2815876878,0.34703803,0.33292213,0.32003984
2815959309,0.34259814,0.33333728,0.32406458
2816100389,0.39108327,0.3110592,0.29785752
2816160447,0.51000583,0.25830063,0.23169358
2816168216,0.38083622,0.31940454,0.29975924
2816185127,0.3598518,0.34409168,0.29605645
2816185584,0.5501658,0.23200557,0.21782868
2816436385,0.56320447,0.21976176,0.21703383
2816463400,0.42878398,0.3078705,0.2633455
2816483935,0.4573997,0.28737727,0.25522295
2816509802,0.36201113,0.26441792,0.37357095
2816552314,0.44742683,0.28377384,0.26879936
2816567644,0.4726774,0.27569118,0.25163147
2816590107,0.4299746,0.21417518,0.3558503
2816610671,0.51079696,0.23073623,0.25846684
2816633360,0.3274094,0.34172964,0.33086094
2816703344,0.5687725,0.23034793,0.2008796
2816785616,0.2807322,0.4084468,0.3108211
2816799213,0.5165482,0.26194286,0.22150885
2816886887,0.2434151,0.21249513,0.5440897
2816923032,0.5615819,0.2257333,0.21268487
2816931174,0.4031122,0.30629772,0.29059005
2816941045,0.3760668,0.32654437,0.2973888
2816942464,0.39464787,0.3320002,0.27335194
2817050671,0.47633696,0.26402152,0.25964156
2817151700,0.6305545,0.19332053,0.17612493
2817253437,0.4038349,0.29363465,0.30253047
2817290321,0.22495267,0.27252516,0.5025222
2817297751,0.30143017,0.2983165,0.4002533
2817432065,0.44396022,0.30307943,0.25296032
2817466725,0.24921502,0.41515028,0.33563474
2817557009,0.15538104,0.6594469,0.1851721
2817620105,0.54237264,0.2030958,0.25453153
2817642166,0.08703104,0.09280993,0.820159
2817652318,0.27438456,0.4843887,0.24122676
2817705840,0.38966963,0.27808195,0.33224845
2817774448,0.50241035,0.27764207,0.21994758
2817776670,0.47592568,0.27296352,0.2511108
2817825453,0.2973171,0.45092145,0.25176147
2817867978,0.22612348,0.49637073,0.27750573
2817880590,0.29250717,0.30882952,0.39866322
2817903895,0.592803,0.20533106,0.2018659
2817940530,0.14313594,0.7211263,0.13573775
2818079822,0.5762894,0.20568094,0.21802962
2818295728,0.18111445,0.60277075,0.21611482
2818322101,0.38394412,0.3741543,0.24190153
2818331789,0.27501988,0.2972151,0.42776507
2818426777,0.4164563,0.31907746,0.26446623
2818593407,0.36489028,0.33347887,0.30163085
2818664369,0.22036284,0.47286093,0.30677608
2818743963,0.37291574,0.37999567,0.24708857
2818802850,0.2601995,0.37698108,0.36281943
2818805830,0.32899117,0.33925566,0.33175316
2818833637,0.25635085,0.2556674,0.4879818
2818941283,0.3430483,0.34465814,0.31229353
2819044984,0.23683947,0.25156766,0.51159286
2819066147,0.3675202,0.34361783,0.28886193
2819072522,0.25447443,0.37312752,0.37239808
2819167582,0.31771243,0.4336774,0.24861014
2819294606,0.41486022,0.3417118,0.24342805
2819457911,0.27412575,0.47143146,0.25444272
2819503455,0.27767915,0.26184642,0.46047446
2819504700,0.2649538,0.38973096,0.34531528
2819650439,0.3914136,0.31412554,0.2944609
2819835261,0.3828268,0.3221627,0.29501057
2819879987,0.25141773,0.2034132,0.5451691
2819974279,0.3782536,0.31514722,0.30659917
2820082238,0.3734727,0.37930942,0.24721791
2820157142,0.4289207,0.3201783,0.250901
2820192849,0.46294436,0.24058026,0.29647535
2820202826,0.36091954,0.39304903,0.24603145
2820371378,0.1738845,0.6252406,0.20087485
2820392319,0.093776815,0.7698223,0.13640088
2820415164,0.35375336,0.28595808,0.36028853
2820553192,0.35153568,0.357421,0.29104337
2820567864,0.26479638,0.24545373,0.48974985
2820573312,0.79252774,0.07765352,0.12981881
2820574528,0.27254242,0.43228218,0.29517534
2820643919,0.38366365,0.34335437,0.2729819
2820671762,0.1698812,0.20011172,0.6300071
2820845390,0.2974058,0.30060515,0.401989
2820929391,0.43581295,0.2758896,0.2882974
2820950471,0.22478357,0.49472567,0.28049082
2820954213,0.15813398,0.18093255,0.6609335
2821004572,0.5754643,0.19438952,0.2301462
2821015496,0.28367585,0.4739535,0.24237071
2821042894,0.1999925,0.18825458,0.6117529
2821310563,0.28106305,0.2892883,0.42964864
2821382044,0.55448455,0.18100537,0.2645101
2821395807,0.2641614,0.47222805,0.26361048
2821424580,0.109947525,0.09154517,0.79850733
2821465108,0.37867555,0.26803824,0.35328615
2821477450,0.3185756,0.3773174,0.304107
2821537118,0.20933402,0.5559753,0.23469064
2821942920,0.28438982,0.29241374,0.42319638
2821962811,0.104158156,0.76716465,0.12867717
2822140796,0.12833382,0.11299137,0.7586748
2822203610,0.13704988,0.14244667,0.72050345
2822272902,0.2566588,0.4417954,0.3015459
2822305995,0.4422727,0.2897946,0.2679328
2822313243,0.25449958,0.30434072,0.44115973
2822335974,0.27172682,0.370965,0.3573082
2822341492,0.50341266,0.25955343,0.23703392
2822480361,0.2379077,0.47060382,0.29148853
2822591547,0.38153356,0.33790398,0.28056252
2822613620,0.38978332,0.3200938,0.29012287
2822701548,0.5781986,0.19953638,0.22226499
2822721417,0.17923947,0.42639586,0.39436463
2822742930,0.43199062,0.32630137,0.241708
2822771098,0.32013318,0.18355513,0.49631178
2822863556,0.121000454,0.72155434,0.15744522
2822909761,0.32859847,0.35355377,0.3178478
2823046685,0.2400552,0.515271,0.24467382
2823067067,0.3919598,0.2572655,0.35077477
2823116178,0.43053272,0.31583542,0.25363177
2823125156,0.09933389,0.78461236,0.11605372
2823323525,0.23286533,0.41616783,0.35096687
2823428184,0.2523919,0.2748765,0.4727316
2823553577,0.75739145,0.10186435,0.14074416
2823558795,0.24873018,0.25676882,0.494501
2823636365,0.28809026,0.42426953,0.28764018
2823702903,0.32355496,0.40608904,0.27035597
2823828990,0.2299697,0.39189142,0.37813893
2823832173,0.7059075,0.13394305,0.16014946
2823937917,0.27026954,0.3126182,0.41711235
2824020122,0.35422096,0.19260313,0.45317593
2824049260,0.3752881,0.33784604,0.2868658
2824124719,0.29655924,0.28428102,0.41915974
2824161965,0.37566727,0.34769708,0.2766357
2824305760,0.1600178,0.6583331,0.18164909
2824315095,0.11100593,0.7595645,0.12942952
2824394469,0.098489225,0.09659842,0.8049123
2824404254,0.119124345,0.098991595,0.78188413
2824471395,0.344165,0.33420396,0.32163107
2824477545,0.29781413,0.46163663,0.24054918
2824702947,0.30785957,0.29863837,0.3935021
2824734952,0.12226524,0.6850721,0.1926626
2824768312,0.47352687,0.26322806,0.26324502
2824800706,0.3484477,0.33096173,0.32059053
2824816100,0.3191221,0.40900207,0.2718759
2824889894,0.43927497,0.24912356,0.3116015
2825120447,0.46886826,0.230203,0.3009288
2825197743,0.47664133,0.27568144,0.24767722
2825251760,0.35597044,0.33959213,0.3044374
2825267933,0.4092144,0.34721032,0.24357529
2825291730,0.3459098,0.26021814,0.39387205
2825340484,0.31769186,0.36800876,0.31429943
2825359759,0.31585872,0.34540653,0.33873475
2825426386,0.32000756,0.3443184,0.33567402
2825461395,0.17634787,0.19046652,0.63318557
2825471541,0.24264085,0.24375269,0.5136064
2825490815,0.35279527,0.33272108,0.31448364
2825515149,0.40581387,0.295535,0.29865107
2825526904,0.34208545,0.22786589,0.43004873
2825578362,0.331772,0.34760794,0.32062012
2825588517,0.31138784,0.35506535,0.33354676
2825655607,0.38503048,0.3359561,0.27901348
2825955695,0.09968173,0.7583482,0.14197
2826004812,0.10166946,0.11020825,0.78812236
2826042410,0.48593566,0.28301793,0.23104632
2826079559,0.4662808,0.2926568,0.24106234
2826105728,0.5332131,0.18824524,0.27854174
2826106821,0.27313974,0.29758778,0.42927247
2826142569,0.16397326,0.672899,0.1631277
2826190594,0.20248677,0.18077107,0.61674213
2826246954,0.22928698,0.30337453,0.4673386
2826387047,0.2163632,0.53268796,0.2509488
2826485497,0.71088004,0.12840113,0.16071881
2826516631,0.07264132,0.8336983,0.09366042
2826542838,0.51757145,0.24288224,0.23954633
2826576082,0.42454267,0.30504102,0.27041635
2826580443,0.27994183,0.3791883,0.3408699
2826778165,0.48127303,0.24533899,0.27338803
2826804264,0.35691229,0.37157992,0.27150777
2826813949,0.18017712,0.23768318,0.5821397
2827065569,0.37659654,0.3366851,0.28671843
2827089808,0.29688457,0.3829023,0.32021323
2827150900,0.53729075,0.25681287,0.20589633
2827259487,0.34294355,0.3385455,0.31851095
2827392183,0.2654446,0.1902433,0.5443121
2827398860,0.39863417,0.3480382,0.25332764
2827447377,0.24170098,0.48929155,0.26900753
2827587516,0.20749752,0.19767739,0.5948251
2827725339,0.40046135,0.28266335,0.31687534
2827775402,0.3058254,0.40208325,0.29209137
2827809530,0.32229298,0.28761736,0.39008972
2827878326,0.3624502,0.33324027,0.3043095
2827879917,0.19594838,0.45707914,0.3469725
2828070488,0.15028128,0.1481943,0.7015245
2828173877,0.4976788,0.2642498,0.23807134
2828289869,0.35887724,0.3462868,0.29483587
2828292879,0.19208755,0.17733634,0.6305761
2828366964,0.17087105,0.5336067,0.29552218
2828369376,0.40821165,0.28460303,0.3071853
2828392924,0.532852,0.23651479,0.2306332
2828412098,0.2308456,0.44788688,0.32126743
2828506393,0.14452772,0.60337806,0.25209418
2828562197,0.21590404,0.5009502,0.28314576
2828751327,0.4360128,0.26591873,0.29806855
2828945800,0.3372742,0.32791457,0.3348112
2828988878,0.25654966,0.25456542,0.4888849
2829036351,0.6822482,0.128832,0.18891984
2829085656,0.44360033,0.31780738,0.2385923
2829164316,0.26438543,0.5010407,0.23457387
2829180231,0.46103767,0.23127118,0.30769107
2829210563,0.21095695,0.45844176,0.33060125
2829334167,0.36830968,0.3850816,0.2466088
2829439859,0.3371522,0.30195886,0.36088896
2829444473,0.40344113,0.32668474,0.26987407
2829560839,0.30038518,0.3752552,0.3243596
2829600179,0.5529757,0.18040578,0.26661846
2829671809,0.122595534,0.7333637,0.14404078
2829697052,0.41006252,0.34023586,0.24970163
2829701372,0.26306444,0.24074456,0.49619094
2829745647,0.25808302,0.42063686,0.32128015
2830003040,0.17014503,0.15024808,0.6796069
2830039518,0.52813256,0.2434796,0.22838783
2830120522,0.31112698,0.34562877,0.34324428
2830127021,0.2339198,0.49810523,0.2679749
2830549044,0.21177764,0.5032863,0.2849361
2830626299,0.09107356,0.78746504,0.12146142
2830709640,0.20308323,0.47157282,0.32534397
2830787294,0.24790795,0.27102268,0.4810694
2830904288,0.7062724,0.120399736,0.17332785
2831050542,0.07744417,0.8214562,0.10109963
2831164709,0.29731068,0.3391672,0.36352208
2831290183,0.43042135,0.30839342,0.2611853
2831311325,0.11806706,0.7380997,0.14383316
2831395128,0.275588,0.22838679,0.49602523
2831587926,0.36894244,0.26046553,0.370592
2831616215,0.5482125,0.23480175,0.21698567
2831669980,0.5594379,0.23505777,0.20550433
2831694568,0.23964837,0.22726774,0.5330838
2831774893,0.506472,0.25162372,0.24190432
2831870984,0.32161537,0.29609457,0.38229015
2831938375,0.34516984,0.36833847,0.28649172
2832094336,0.26507485,0.40054762,0.33437753
2832097412,0.35699683,0.36456472,0.27843848
2832141799,0.21546093,0.19576049,0.5887786
2832186289,0.18447168,0.57164365,0.24388467
2832358158,0.5127269,0.2363523,0.25092077
2832388994,0.24062607,0.4643503,0.29502368
2832469105,0.5784925,0.2073445,0.21416299
2832718481,0.31321707,0.32122386,0.365559
2832819394,0.24202713,0.45671725,0.30125558
2832858443,0.392944,0.29731423,0.30974177
2832917947,0.33081788,0.3407046,0.32847753
2833072160,0.29569396,0.33347866,0.37082744
2833101293,0.37051287,0.3807017,0.24878539
2833122873,0.28281283,0.36822394,0.34896323
2833387397,0.37977767,0.3749965,0.2452258
2833713941,0.3452224,0.36255726,0.2922203
2833716082,0.27635142,0.30237868,0.42126992
2833765683,0.17120536,0.171241,0.6575537
2833957821,0.10507506,0.09036053,0.8045645
2834061002,0.4529808,0.35034913,0.19667001
2834064621,0.56123334,0.2074959,0.23127082
2834271277,0.083678804,0.8114596,0.10486157
2834322693,0.6889694,0.11609855,0.1949321
2834359125,0.27380806,0.31190214,0.4142898
2834483231,0.29697353,0.3923987,0.31062782
2834497877,0.7141823,0.11850329,0.16731435
2834617323,0.055038627,0.8459647,0.09899668
2834754050,0.37683737,0.2835098,0.33965284
2834780110,0.45515373,0.28773114,0.25711516
2834793060,0.3520856,0.33686474,0.3110497
2834794782,0.36619467,0.33893654,0.29486877
2834889810,0.31682158,0.36988154,0.31329685
2834907372,0.22723527,0.22473681,0.5480279
2835021377,0.18733945,0.18238176,0.63027877
2835063932,0.48348975,0.2679597,0.24855053
2835279072,0.330355,0.36103195,0.30861297
2835357447,0.34839877,0.3777364,0.27386484
2835466863,0.29251695,0.4226987,0.28478432
2835578323,0.15159722,0.14532866,0.7030741
2835640764,0.25719616,0.45389232,0.28891152
2835768608,0.07046294,0.824733,0.10480403
2835821544,0.41099152,0.3059224,0.28308606
2835915218,0.10259553,0.7805788,0.11682564
2835964479,0.6572461,0.12799203,0.21476185
2836095321,0.33856127,0.2759085,0.3855303
2836150823,0.2421281,0.44902694,0.308845
2836168564,0.15924652,0.15636413,0.68438935
2836177710,0.71759117,0.12950006,0.15290868
2836371217,0.32393643,0.23790051,0.43816304
2836472202,0.34249797,0.30608293,0.35141912
2836498912,0.33290568,0.32120377,0.3458906
2836505654,0.21587116,0.19000015,0.5941286
2836577732,0.103531,0.77012473,0.12634428
2836686558,0.58454746,0.17482455,0.24062803
2836828966,0.4465402,0.24461251,0.3088473
2836884876,0.1833403,0.47033367,0.346326
2836902880,0.68406343,0.14519216,0.17074437
2837144131,0.24423167,0.19480507,0.5609633
2837146660,0.06192288,0.851109,0.08696811
2837262594,0.12691845,0.13723624,0.73584527
2837362938,0.15021136,0.13199066,0.717798
2837511153,0.45281178,0.31729123,0.22989698
2837585418,0.3847253,0.310701,0.30457366
2837590478,0.37091193,0.3379378,0.29115027
2837616219,0.118411325,0.11184551,0.7697431
2837722094,0.29415926,0.3400926,0.36574808
2837738097,0.27911693,0.4576595,0.26322356
2837794466,0.27623564,0.40901524,0.3147491
2837840934,0.45291802,0.24172182,0.30536017
2837899539,0.11859625,0.73986334,0.14154041
2838011154,0.5602812,0.23958261,0.2001362
2838041825,0.22357766,0.36989412,0.40652826
2838082038,0.22576147,0.49416775,0.28007072
2838205364,0.10611853,0.7587451,0.13513644
2838225670,0.47581246,0.2940779,0.23010963
2838231383,0.24459231,0.4896844,0.26572332
2838439619,0.25264937,0.46885073,0.27849993
2838460255,0.5767834,0.21432598,0.20889056
2838466457,0.32762858,0.4041845,0.26818696
2838468237,0.23023307,0.15563314,0.6141338
2838638122,0.1855323,0.60159206,0.21287563
2839025036,0.31237727,0.36484906,0.32277367
2839047836,0.20613311,0.25504526,0.53882164
2839272492,0.30229178,0.3843226,0.3133857
2839278622,0.19317356,0.60029787,0.2065286
2839348667,0.39289233,0.3544705,0.2526372
2839392517,0.13139316,0.68196094,0.1866459
2839429903,0.2616552,0.46474674,0.273598
2839459643,0.15448307,0.15003587,0.69548106
2839479051,0.4843871,0.25004154,0.26557136
2839479587,0.11718382,0.7383058,0.14451036
2839533867,0.2537242,0.50860333,0.23767252
2839688820,0.42468882,0.29627785,0.27903333
2839719417,0.41433752,0.31400725,0.2716552
2839734023,0.33244514,0.33722287,0.33033204
2839738327,0.571281,0.19628574,0.23243321
2839738807,0.23631123,0.22531699,0.53837174
2839840273,0.18048304,0.6078599,0.211657
2839871995,0.3769208,0.27435568,0.34872356
2840075767,0.2620694,0.43042997,0.30750066
2840080051,0.30998632,0.39782462,0.292189
2840090477,0.50108117,0.265638,0.23328084
2840177230,0.27247873,0.37209308,0.35542825
2840259382,0.063970186,0.84562373,0.09040605
2840447332,0.28382808,0.3131839,0.40298796
2840606458,0.25540698,0.4487842,0.29580882
2840825799,0.12941265,0.71401215,0.15657523
2840907975,0.31686506,0.3647887,0.31834623
2840926717,0.27070567,0.37737733,0.35191703
2841018204,0.40328056,0.24458188,0.35213754
2841179304,0.33289787,0.35560828,0.31149384
2841324356,0.10268291,0.10343899,0.79387814
2841334521,0.10909355,0.7535609,0.13734558
2841520593,0.09375409,0.09846682,0.8077791
2841524789,0.21886846,0.25998658,0.521145
2841922793,0.15319806,0.15446478,0.6923372
2841959804,0.40739727,0.26691005,0.32569268
2842017661,0.62193173,0.20857012,0.16949813
2842029362,0.51058686,0.2683943,0.22101887
2842136305,0.332614,0.3980947,0.26929128
2842154104,0.13861619,0.71080214,0.15058169
2842441506,0.22956586,0.2234883,0.5469458
2842603986,0.18284097,0.6048021,0.21235694
2842628974,0.45784506,0.25697908,0.28517592
2842657578,0.12678482,0.12857641,0.74463874
2842691985,0.4076533,0.33479488,0.25755182
2842896696,0.5192824,0.20207983,0.27863783
2843016765,0.5050359,0.2651942,0.22976986
2843037235,0.62595457,0.17992418,0.19412121
2843206779,0.36413142,0.32400492,0.31186357
2843500795,0.56702167,0.18456861,0.24840964
2843543772,0.4833318,0.28034642,0.23632172
2843552555,0.34541562,0.3400225,0.31456187
2843562217,0.39765382,0.30728954,0.29505667
2843583011,0.38364515,0.35815254,0.25820237
2843631700,0.28419942,0.299534,0.41626662
2843701757,0.40609252,0.29147345,0.30243403
2843724149,0.5027266,0.23780242,0.25947097
2843784232,0.64139557,0.15449443,0.20411003
2843874153,0.27564475,0.31290644,0.41144884
2843925770,0.33499622,0.3517597,0.31324404
2843933911,0.45831415,0.29898128,0.24270466
2843968218,0.46717942,0.28702724,0.24579333
2843972362,0.40391082,0.36567956,0.23040965
2844083712,0.31711298,0.33090317,0.35198382
2844196032,0.3131815,0.3647198,0.32209864
2844300121,0.38692716,0.33938956,0.27368322
2844392540,0.373757,0.37266776,0.2535752
2844439123,0.71791875,0.11147699,0.17060423
2844626206,0.3274634,0.30768853,0.36484805
2844974015,0.2472744,0.4812833,0.27144235
2844987347,0.3470053,0.30058655,0.35240814
2845059039,0.24424739,0.27115285,0.48459977
2845064442,0.3370685,0.34788597,0.3150455
2845076502,0.3228341,0.36724833,0.3099175
2845087823,0.36434463,0.33774382,0.29791155
2845105929,0.25538325,0.40379357,0.34082323
2845123970,0.37083793,0.30339265,0.32576945
2845179046,0.16224168,0.16982993,0.66792846
2845582003,0.16508155,0.6051763,0.22974214
2845838699,0.31963506,0.2968085,0.3835564
2845957083,0.39724016,0.33345622,0.26930365
2846246533,0.5027899,0.23133029,0.26587972
2846266912,0.35778642,0.33281955,0.30939403
2846299487,0.21646257,0.5250476,0.25848982
2846334885,0.293368,0.47355103,0.23308091
2846373473,0.16596541,0.64197123,0.19206336
2846534506,0.21137409,0.23106731,0.55755854
2846560769,0.742297,0.10128154,0.15642142
2846563211,0.50495946,0.21562281,0.27941778
2846599172,0.37351432,0.36649743,0.25998828
2846616255,0.24206395,0.3947522,0.36318386
2846616904,0.29638764,0.27588192,0.42773032
2846767034,0.2204815,0.17516857,0.6043499
2846776484,0.25691554,0.45631737,0.2867671
2846893156,0.36007494,0.3127385,0.32718658
2846914287,0.5417455,0.23465873,0.2235958
2846916187,0.31598896,0.33625007,0.34776095
2847033024,0.4688128,0.30821267,0.22297455
2847064284,0.16046311,0.16830054,0.67123634
2847088981,0.27761844,0.41778967,0.30459186
2847156518,0.27569923,0.38015243,0.3441483
2847340726,0.5709263,0.12867475,0.30039904
2847381835,0.30967787,0.33835304,0.35196912
2847443875,0.16787659,0.63555145,0.19657198
2847528426,0.2352041,0.47861376,0.28618217
2847624703,0.52484393,0.24164833,0.2335078
2847723339,0.41691566,0.29000854,0.29307583
2847730349,0.38718012,0.298592,0.31422788
2847846196,0.35669953,0.3078643,0.33543617
2847926330,0.34671608,0.2528341,0.40044987
2848066800,0.809227,0.084579356,0.1061937
2848213239,0.14143845,0.15885355,0.699708
2848254008,0.4812294,0.24681567,0.27195495
2848381044,0.61254823,0.16954187,0.21790981
2848416370,0.18056902,0.5879473,0.23148365
2848454417,0.33583444,0.36802083,0.2961447
2848490300,0.18289746,0.17142695,0.6456756
2848645131,0.27888685,0.44651845,0.27459472
2848665327,0.2796227,0.3747056,0.34567165
2848760497,0.41885185,0.27595186,0.30519634
2848783119,0.61000615,0.17366643,0.2163274
2848850867,0.50374484,0.28241232,0.21384284
2848918391,0.28865445,0.49961942,0.21172623
2849005549,0.38876057,0.36282167,0.24841775
2849061128,0.45155394,0.317946,0.23050004
2849070456,0.30375794,0.4206103,0.27563184
2849101739,0.34810066,0.28268316,0.36921626
2849276257,0.62269706,0.18707137,0.19023164
2849314170,0.19609772,0.1826666,0.6212356
2849350958,0.25644884,0.3406359,0.40291527
2849779996,0.33313495,0.39476955,0.27209544
2849824941,0.363582,0.25057358,0.3858444
2849922313,0.16040403,0.6210121,0.21858393
2849941579,0.29979104,0.38978502,0.3104239
2850094137,0.15529507,0.66848165,0.17622328
2850134968,0.19877018,0.5524083,0.24882151
2850158079,0.20071448,0.5418293,0.25745615
2850189171,0.38034338,0.33182493,0.2878317
2850275856,0.22607107,0.28873724,0.48519167
2850330978,0.34872448,0.31575736,0.33551818
2850438319,0.25329888,0.37244704,0.3742541
2850554856,0.2998501,0.2517075,0.4484425
2850718905,0.79080826,0.084737815,0.1244539
2850734941,0.29891104,0.2914959,0.40959308
2850921393,0.48072058,0.24480197,0.2744774
2850948572,0.3909007,0.33935997,0.26973933
2851103942,0.14100707,0.69714594,0.16184701
2851134165,0.53550535,0.26795316,0.19654147
2851273994,0.32692286,0.31650138,0.3565758
2851296194,0.36456928,0.28700528,0.34842545
2851485247,0.2734832,0.23747693,0.48903984
2851503481,0.38427216,0.31992674,0.29580116
2851564413,0.3456618,0.2496157,0.40472254
2851625578,0.30056885,0.3734581,0.3259731
2851764342,0.29541925,0.3399012,0.3646796
2851894235,0.4057276,0.30471548,0.28955686
2851985500,0.48837033,0.2619733,0.24965638
2851993201,0.5664035,0.17962636,0.25397006
2852067265,0.3372711,0.3201753,0.3425536
2852115275,0.28439203,0.3880774,0.32753065
2852192152,0.2637821,0.33329153,0.4029263
2852510318,0.35597187,0.35303536,0.29099274
2852554604,0.42283937,0.32509133,0.2520693
2852722193,0.22762597,0.26087353,0.5115005
2852733359,0.38780913,0.3394115,0.27277938
2852770471,0.4837846,0.22219227,0.29402316
2852779300,0.41178048,0.34425956,0.24396001
2852856322,0.37615126,0.293909,0.32993972
2852909565,0.31583917,0.31246403,0.37169683
2853025740,0.28825703,0.1791279,0.53261507
2853070944,0.6525272,0.15821001,0.18926276
2853353246,0.2857133,0.27756795,0.43671873
2853400037,0.36750993,0.34080628,0.29168385
2853437408,0.50251925,0.21599922,0.28148156
2853480573,0.22836298,0.2913812,0.4802558
2853514742,0.24369083,0.42279747,0.33351168
2853601658,0.5672023,0.19838317,0.23441443
2853890653,0.37647545,0.27074236,0.35278222
2853954161,0.33260208,0.33863288,0.32876506
2854015395,0.4792964,0.27780604,0.24289759
2854019578,0.116986394,0.13385454,0.7491591
2854173849,0.25830933,0.24295989,0.49873078
2854290863,0.26486507,0.41937944,0.3157555
2854362530,0.3353804,0.333967,0.3306526
2854623891,0.47016776,0.28076994,0.24906237
2854821940,0.13372815,0.13964197,0.7266299
2854834321,0.30021736,0.29771972,0.40206298
2854866385,0.4207954,0.34848723,0.23071735
2854875099,0.52722675,0.24255028,0.23022299
2855062157,0.19500045,0.21519136,0.5898082
2855168336,0.27648333,0.4397711,0.28374562
2855242136,0.34562302,0.39396638,0.26041055
2855285481,0.4140067,0.28626776,0.29972556
2855370238,0.25033587,0.23863481,0.5110293
2855376479,0.5139152,0.26121056,0.2248742
2855470305,0.34244686,0.24295162,0.41460153
2855555761,0.45017812,0.2911061,0.2587158
2855726924,0.26778877,0.34048676,0.39172447
2855735671,0.6987782,0.11293257,0.18828925
2855785007,0.32500732,0.35531253,0.31968024
2855803411,0.14954291,0.6807024,0.16975467
2855940025,0.3709972,0.35425308,0.27474967
2855954320,0.45413086,0.2872465,0.25862265
2855990709,0.3424681,0.39537778,0.26215404
2856057301,0.33960578,0.36899954,0.2913947
2856288643,0.2909793,0.3995448,0.30947584
2856351887,0.37432188,0.3483781,0.2773
2856440682,0.3944124,0.25341237,0.3521753
2856522846,0.32942644,0.3625194,0.30805406
2856585189,0.56666106,0.2411851,0.1921539
2856863316,0.21213485,0.5499839,0.2378812
2856999992,0.53159386,0.24081603,0.22759007
2857009426,0.15928482,0.640623,0.20009226
2857087520,0.57262695,0.21049921,0.21687382
2857150421,0.1830413,0.6316743,0.18528447
2857276146,0.26085865,0.31122953,0.42791173
2857360162,0.43909767,0.29172173,0.2691807
2857409042,0.26879767,0.44736704,0.28383532
2857524316,0.16781662,0.39610898,0.43607435
2857559824,0.18343425,0.6160227,0.20054308
2857603696,0.37176928,0.2528751,0.37535563
2857607898,0.3235662,0.40135223,0.27508157
2857722531,0.34212905,0.34685838,0.3110125
2857740215,0.41419554,0.34152237,0.24428211
2857889534,0.2491888,0.20454766,0.5462636
2858004108,0.32595712,0.3376608,0.3363821
2858059486,0.658844,0.18244734,0.15870866
2858157647,0.3979413,0.3366648,0.26539388
2858165602,0.39671266,0.3145347,0.28875268
2858171637,0.38897744,0.3053515,0.30567104
2858173426,0.39753526,0.33558834,0.26687643
2858181327,0.15729624,0.22129753,0.6214062
2858181960,0.29839748,0.28619695,0.41540563
2858234291,0.09564207,0.79025596,0.11410193
2858302213,0.19086458,0.56086594,0.24826956
2858386456,0.65482485,0.1636956,0.18147957
2858454843,0.2169468,0.17578539,0.60726774
2858556252,0.20641494,0.52729845,0.26628652
2858718275,0.41131702,0.27533966,0.31334338
2858879074,0.31859317,0.40755093,0.27385592
2859078644,0.29129913,0.4230525,0.28564832
2859240619,0.19488715,0.53330934,0.27180353
2859274611,0.48460066,0.282733,0.23266639
2859359425,0.47517487,0.19144319,0.33338192
2859524252,0.2901312,0.41910917,0.29075965
2859537738,0.29615626,0.24672961,0.4571141
2859623587,0.10990473,0.08321462,0.80688065
2859651764,0.20440315,0.5736923,0.2219046
2859738883,0.15187156,0.6809691,0.16715936
2859939695,0.2686182,0.12128646,0.6100954
2859962860,0.253923,0.4527067,0.2933703
2860139557,0.5577857,0.22684616,0.21536814
2860194353,0.28610954,0.21830902,0.4955814
2860327668,0.12014364,0.1456775,0.7341788
2860595267,0.31139088,0.3884032,0.30020595
2860902633,0.3316953,0.32544175,0.34286296
2860915832,0.33833933,0.35592288,0.30573788
2860931228,0.25739318,0.42600682,0.3165999
2861111451,0.44416925,0.30608594,0.24974483
2861187801,0.49744228,0.26614758,0.23641019
2861218922,0.16871949,0.6554293,0.17585121
2861234974,0.38730964,0.3205231,0.29216716
2861284384,0.293284,0.35880825,0.3479078
2861328535,0.1708335,0.22984141,0.59932506
2861352762,0.39444393,0.29187232,0.31368378
2861379309,0.5615225,0.1395292,0.29894835
2861395931,0.08511504,0.79693514,0.11794974
2861504277,0.35156727,0.3079876,0.3404452
2861552989,0.25973627,0.2843126,0.45595118
2861554379,0.25122565,0.17808636,0.570688
2861746890,0.7408176,0.10209314,0.15708928
2861765164,0.24298306,0.4538351,0.3031819
2861948210,0.2518441,0.38116467,0.36699128
2861963915,0.2178884,0.21382116,0.5682905
2861982727,0.51806194,0.25372055,0.22821747
2861988108,0.7176076,0.12824745,0.15414487
2862012143,0.102635,0.11199787,0.7853671
2862073592,0.4506384,0.30433828,0.24502333
2862118902,0.36162046,0.36957943,0.2688002
2862232490,0.14343123,0.7119643,0.1446044
2862292070,0.45606893,0.22037865,0.32355246
2862309754,0.34578955,0.32160768,0.33260286
2862426529,0.45098448,0.2969709,0.25204465
2862525906,0.28807628,0.37681925,0.33510444
2862551520,0.47122872,0.28706762,0.24170373
2862637504,0.30161336,0.5002224,0.19816436
2862746004,0.48909122,0.2755938,0.23531497
2862751025,0.32949084,0.37148848,0.29902077
2862822372,0.70369714,0.13566388,0.16063902
2863263307,0.41633573,0.3200227,0.2636415
2863309615,0.17270067,0.19971475,0.6275845
2863464339,0.28301257,0.37334272,0.34364465
2863522823,0.19819348,0.19247332,0.60933316
2863628545,0.3904446,0.28225783,0.32729757
2863769534,0.5793843,0.20317991,0.2174357
2863897612,0.32221425,0.34652764,0.3312581
2863980788,0.35165784,0.33643988,0.31190225
2863982079,0.3898171,0.3346441,0.2755388
2863983210,0.4007281,0.33991912,0.25935274
2863998871,0.58113134,0.22526287,0.1936058
2864033873,0.24220903,0.5233204,0.23447065
2864065334,0.2275414,0.54114896,0.23130965
2864142418,0.2651935,0.34208262,0.39272392
2864144736,0.32572117,0.32002386,0.354255
2864296526,0.4752417,0.24403931,0.280719
2864342010,0.56799525,0.22428401,0.20772074
2864377067,0.23176503,0.22516862,0.5430663
2864568906,0.7534389,0.11242352,0.13413763
2864817067,0.36526507,0.35150117,0.2832338
2864840877,0.25747478,0.26974088,0.4727844
2864960806,0.73733455,0.103227526,0.15943788
2865020730,0.69119555,0.11862583,0.19017865
2865117083,0.3152215,0.32693818,0.35784036
2865154639,0.36071968,0.34562466,0.2936557
2865302949,0.24476284,0.45316637,0.30207077
2865326726,0.40355933,0.20383917,0.39260146
2865339945,0.25857475,0.38662657,0.35479867
2865500906,0.2582928,0.36000922,0.38169807
2865650992,0.40362498,0.31000674,0.28636828
2865724375,0.34934798,0.26446027,0.3861918
2865829070,0.6883706,0.16079792,0.15083148
2865905706,0.37967083,0.27165332,0.34867585
2865999288,0.28595015,0.37361977,0.34043017
2866073172,0.5685063,0.2103943,0.22109947
2866075932,0.29158464,0.29420662,0.41420877
2866200260,0.23428741,0.3626567,0.40305594
2866211930,0.35236752,0.36139342,0.2862391
2866250187,0.42793417,0.30727956,0.26478624
2866305078,0.374111,0.35476163,0.2711273
2866328567,0.25227824,0.50076956,0.24695228
2866349785,0.26290795,0.26307917,0.47401282
2866393583,0.14861563,0.7017707,0.14961363
2866425658,0.50551474,0.26060778,0.23387752
2866436323,0.11309168,0.10100914,0.7858992
2866632225,0.34028134,0.40987122,0.24984749
2867124890,0.16719468,0.16460985,0.6681955
2867267733,0.4923501,0.23395938,0.27369052
2867304672,0.35719925,0.352432,0.29036877
2867398457,0.38026977,0.3506126,0.2691176
2867420906,0.33871564,0.29983112,0.36145326
2867527879,0.24892057,0.34959355,0.40148592
2867676924,0.32584742,0.3838875,0.29026517
2867721875,0.29255885,0.27214164,0.43529952
2867767883,0.33448765,0.3812867,0.28422567
2867850274,0.24650578,0.43726075,0.3162335
2868036688,0.45373538,0.31384712,0.23241751
2868111992,0.6790433,0.14125851,0.1796982
2868337330,0.33726555,0.41703048,0.24570395
2868392665,0.6424415,0.16561787,0.19194059
2868506598,0.6195493,0.18655221,0.19389851
2868514529,0.27462536,0.47809932,0.24727535
2868528031,0.3685379,0.31381947,0.31764257
2868631631,0.27013087,0.31493333,0.41493577
2868685549,0.39386162,0.30013004,0.3060083
2868709900,0.13500178,0.13172507,0.7332732
2868811281,0.3569584,0.31846067,0.32458094
2868840926,0.34153706,0.39337948,0.26508352
2868854973,0.36147273,0.35325038,0.28527683
2868951493,0.5019282,0.26536164,0.23271014
2869012342,0.28908125,0.45106718,0.25985163
2869107211,0.35623768,0.34688514,0.29687715
2869203241,0.34434724,0.35111207,0.3045407
2869444765,0.3302038,0.36287978,0.30691642
2869494117,0.33037585,0.38550246,0.2841217
2869520166,0.120926395,0.14584789,0.7332257
2869639836,0.290608,0.41903433,0.29035765
2869650122,0.10840037,0.74309385,0.14850576
2869838446,0.27741998,0.35554186,0.36703813
2869890964,0.38003775,0.31470397,0.30525827
2869923933,0.36672226,0.33159763,0.30168015
2870028113,0.4082287,0.33193493,0.25983638
2870044823,0.48246303,0.2988092,0.2187277
2870050558,0.5177534,0.217879,0.26436755
2870195922,0.25361666,0.31507242,0.43131086
2870306092,0.269056,0.13761528,0.5933288
2870393259,0.10218167,0.11375418,0.7840642
2870413416,0.2638825,0.23344922,0.50266826
2870473758,0.2004091,0.18119222,0.6183986
2870611277,0.3100881,0.39545006,0.29446188
2870616858,0.25577843,0.28330836,0.46091324
2870631181,0.35117716,0.3337786,0.31504425
2870647550,0.24927181,0.341137,0.4095912
2870649494,0.2308382,0.4403955,0.3287663
2870693566,0.24897102,0.4630662,0.28796282
2870793976,0.37101352,0.3202723,0.30871427
2870835719,0.09958807,0.7813813,0.11903066
2870844090,0.48808184,0.26939163,0.2425265
2870882002,0.23920518,0.26619264,0.4946021
2870904507,0.17711015,0.15504225,0.6678476
2870920798,0.50207657,0.27382073,0.22410275
2870941946,0.17178774,0.64772207,0.18049015
2870976039,0.38963285,0.29617748,0.3141897
2871042933,0.23620036,0.49555779,0.26824188
2871230649,0.29490972,0.34548298,0.35960734
2871363581,0.26726282,0.37955612,0.3531811
2871375313,0.3199841,0.22844763,0.4515682
2871528400,0.1325494,0.71521044,0.15224014
2871528702,0.31902358,0.35133198,0.3296445
2871603900,0.20933668,0.51973987,0.27092338
2871847175,0.49003997,0.18904929,0.3209108
2871880825,0.12081185,0.1490472,0.730141
2871887394,0.28288975,0.35138905,0.36572117
2872094130,0.086522155,0.7881116,0.12536618
2872153490,0.32016328,0.36806935,0.31176746
2872159432,0.33929846,0.350161,0.3105406
2872184648,0.40567464,0.30540004,0.28892532
2872207655,0.4332752,0.33175582,0.23496893
2872360446,0.33958724,0.3798914,0.28052142
2872425920,0.54607844,0.24090241,0.21301913
2872517230,0.3421002,0.2740158,0.3838839
2872576076,0.22313815,0.5125427,0.26431912
2872610676,0.33812267,0.34798715,0.31389022
2872695000,0.3819554,0.30470216,0.31334245
2872803986,0.44735616,0.23205046,0.32059342
2872853308,0.43993738,0.27897137,0.2810912
2872989416,0.39202997,0.33126938,0.27670065
2873155813,0.47986022,0.2749805,0.24515931
2873257911,0.11586119,0.70083684,0.18330188
2873368166,0.4992368,0.22958769,0.27117556
2873418563,0.36233595,0.33327222,0.30439183
2873432804,0.273784,0.3947929,0.33142304
2874007808,0.57421553,0.2178312,0.20795318
2874034739,0.44928184,0.22508398,0.32563412
2874204586,0.3653293,0.2840382,0.3506325
2874332444,0.16358197,0.63136035,0.20505768
2874478134,0.6164396,0.17719008,0.20637026
2874508231,0.44031858,0.3209812,0.23870018
2874513017,0.38623607,0.2872466,0.32651728
2874532534,0.3039328,0.3799156,0.3161516
2874696715,0.3925838,0.332413,0.27500317
2874725650,0.31579545,0.3854288,0.29877576
2874930955,0.34173542,0.36388218,0.29438236
2874946670,0.3398915,0.2627917,0.39731684
2874990423,0.35670212,0.3169387,0.32635918
2875004921,0.31620038,0.34989598,0.33390364
2875017296,0.4552011,0.3053858,0.2394131
2875101326,0.2963616,0.27042818,0.43321022
2875109574,0.32348245,0.25548655,0.42103094
2875338418,0.108425945,0.7767398,0.11483428
2875779732,0.35382858,0.30686033,0.33931112
2875780635,0.4534123,0.2881411,0.25844666
2875801705,0.3077906,0.39622015,0.29598925
2875812417,0.38054347,0.3413457,0.27811083
2875847861,0.08258543,0.8124844,0.10493021
2875923760,0.31384248,0.42517555,0.26098195
2876049926,0.35374045,0.37715802,0.2691015
2876106299,0.5078505,0.21318471,0.27896485
2876112050,0.23601875,0.4060205,0.35796085
2876262375,0.14501503,0.7118397,0.14314531
2876344755,0.3157481,0.341392,0.34285986
2876394503,0.24128476,0.32497695,0.4337383
2876399234,0.355604,0.2626166,0.3817794
2876436701,0.26878497,0.23830102,0.49291402
2876509792,0.4045635,0.33335787,0.26207858
2876541822,0.65125614,0.14161983,0.20712397
2876549151,0.33461305,0.3491616,0.31622535
2876596510,0.40480363,0.264877,0.33031937
2876601925,0.26249537,0.41968733,0.31781724
2876607445,0.60956925,0.2002369,0.19019386
2876674009,0.3663378,0.37086418,0.262798
2876714071,0.26553386,0.30545458,0.42901152
2876771354,0.50021553,0.24383743,0.25594705
2876847442,0.097968936,0.08409732,0.81793374
2876888697,0.47624895,0.2716322,0.2521189
2876895323,0.2564805,0.45273933,0.29078016
2877027748,0.5833568,0.1971803,0.21946287
2877068026,0.24869882,0.26210672,0.48919442
2877202057,0.33040366,0.23485841,0.43473792
2877482349,0.17882556,0.21638733,0.6047871
2877694709,0.28916326,0.31916484,0.39167187
2877777024,0.059820335,0.85131574,0.08886394
2877936416,0.57727593,0.19606788,0.22665615
2877980484,0.46120298,0.3152411,0.22355591
2878370629,0.5054339,0.25156036,0.24300574
2878382433,0.3652336,0.33211866,0.30264777
2878532452,0.21953158,0.2236292,0.5568392
2878563788,0.1887394,0.610079,0.20118162
2878584381,0.23112215,0.17167224,0.59720564
2878762843,0.49265498,0.26313698,0.24420795
2878878981,0.20591651,0.2592598,0.5348237
2878930457,0.22801605,0.426125,0.34585887
2878998428,0.216918,0.40011173,0.38297024
2879124737,0.24249612,0.29993114,0.45757276
2879127967,0.31069347,0.36393648,0.32537004
2879133896,0.25549477,0.45232838,0.2921769
2879152104,0.4114772,0.30542812,0.28309476
2879188531,0.2986719,0.33412662,0.36720142
2879248779,0.26182222,0.43144313,0.30673468
2879284734,0.40003276,0.32820788,0.2717594
2879441658,0.22778891,0.18946122,0.58274984
2879444711,0.660796,0.15935244,0.1798516
2879529752,0.28459412,0.26151153,0.45389444
2879540243,0.13225265,0.13179043,0.73595697
2879634211,0.57013816,0.16872416,0.26113766
2879653823,0.22700475,0.46916962,0.3038256
2879703165,0.6692963,0.1468747,0.18382898
2879736209,0.20545465,0.5786295,0.21591592
2880065141,0.23133571,0.2542275,0.51443684
2880088305,0.49788302,0.26112694,0.24099012
2880146996,0.22498173,0.56041306,0.21460524
2880148705,0.34129888,0.35171476,0.3069863
2880254615,0.44938067,0.27773485,0.27288443
2880315239,0.19865406,0.5905003,0.21084566
2880489315,0.62879944,0.18663825,0.18456231
2880657243,0.46330532,0.28018513,0.2565095
2880726120,0.29653645,0.38329747,0.32016605
2880844070,0.30991825,0.36795083,0.32213092
2880864207,0.2574348,0.46316564,0.2793995
2880959638,0.089371204,0.7823988,0.12823
2880990072,0.49684095,0.25642204,0.24673697
2881026196,0.5242574,0.26971063,0.206032
2881056762,0.2820597,0.25724584,0.4606945
2881091008,0.35280594,0.3329825,0.31421158
2881097466,0.34835973,0.2982716,0.3533687
2881108296,0.32189888,0.34373823,0.33436295
2881218162,0.316235,0.3112131,0.3725519
2881279204,0.17341632,0.614257,0.21232677
2881366865,0.40340576,0.28034413,0.3162502
2881436950,0.14440404,0.6889559,0.16664003
2881538229,0.34040835,0.31587833,0.34371337
2881561368,0.20529212,0.6075037,0.18720417
2881601704,0.5215088,0.26926678,0.20922439
2881603264,0.3529152,0.32820547,0.31887928
2881645232,0.301884,0.25119781,0.44691825
2881651580,0.14156005,0.66049683,0.19794314
2881665188,0.46424654,0.28237894,0.25337455
2881673234,0.15315121,0.38852656,0.4583222
2881785844,0.28758267,0.27248442,0.4399329
2881816543,0.1636447,0.6503545,0.18600078
2881853263,0.22671266,0.2938476,0.47943977
2881948319,0.18239091,0.54219157,0.27541757
2882028338,0.2727294,0.48497906,0.24229154
2882137089,0.32866713,0.37723422,0.29409865
2882173195,0.10675909,0.752913,0.14032793
2882249696,0.41996294,0.2691558,0.31088123
2882319952,0.2806785,0.33206528,0.38725626
2882369097,0.49277502,0.20345776,0.30376723
2882415535,0.44761875,0.30120435,0.25117686
2882551698,0.25663084,0.2206616,0.5227075
2882571713,0.7566407,0.10072826,0.14263102
2882626273,0.41333213,0.28264377,0.30402407
2882754817,0.27962434,0.26254153,0.45783412
2882804645,0.09449502,0.08960657,0.8158985
2882878281,0.39630452,0.20694715,0.39674833
2882930276,0.30988535,0.40361488,0.28649977
2883103594,0.4008031,0.2569163,0.3422806
2883122075,0.342247,0.36817917,0.28957382
2883426612,0.12282379,0.1046451,0.7725312
2883744279,0.2821963,0.28692594,0.43087775
2883799486,0.07997561,0.8264059,0.09361847
2883848090,0.25155425,0.39423543,0.35421038
2883925610,0.4495708,0.28682414,0.26360506
2883939090,0.31327558,0.44565448,0.24106997
2884049216,0.3638911,0.33596867,0.30014026
2884140475,0.3873101,0.26964426,0.34304574
2884190408,0.43317083,0.2998082,0.26702097
2884239076,0.50651014,0.23657574,0.25691417
2884247888,0.38453302,0.35135725,0.2641097
2884356124,0.49710518,0.26122242,0.24167247
2884395013,0.29777846,0.2858425,0.416379
2884420232,0.26747903,0.4581622,0.27435878
2884519678,0.43957677,0.31609705,0.24432622
2884598113,0.4570628,0.29837206,0.24456514
2884601706,0.19202688,0.53997624,0.26799685
2884618440,0.42428493,0.2717753,0.3039398
2884619227,0.15152267,0.15828569,0.6901917
2884642215,0.1974784,0.56649995,0.23602162
2884682646,0.6079982,0.1716745,0.22032735
2884683490,0.63078606,0.16496614,0.20424779
2884907082,0.5284591,0.2719317,0.19960928
2884971298,0.43438053,0.32189757,0.24372193
2885070187,0.2752245,0.33461666,0.3901589
2885113232,0.43895292,0.3001161,0.260931
2885352641,0.246758,0.44727603,0.30596596
2885498599,0.6008761,0.16181764,0.2373063
2885504330,0.496296,0.23516189,0.26854208
2885554941,0.23588382,0.49717718,0.26693895
2885594417,0.28296354,0.38000646,0.33702996
2885730466,0.38701898,0.33897445,0.27400652
2885778699,0.35820496,0.35309073,0.28870428
2885801828,0.22395882,0.5213817,0.2546595
2885904814,0.28981072,0.26944107,0.44074824
2885967315,0.42843187,0.25731152,0.31425658
2885988936,0.53256375,0.17469214,0.29274413
2886021248,0.21396564,0.19369988,0.5923345
2886144091,0.3500721,0.24897914,0.4009488
2886153616,0.3662206,0.33970767,0.29407176
2886174435,0.19823092,0.5887797,0.21298939
2886181611,0.33782777,0.27269435,0.3894779
2886217278,0.13829742,0.69983304,0.1618696
2886220956,0.3292567,0.32713467,0.3436086
2886314794,0.2252277,0.48477277,0.2899995
2886381771,0.38233012,0.3348726,0.28279734
2886574743,0.21342377,0.51063406,0.27594215
2886655223,0.5135371,0.17911236,0.30735052
2886669542,0.35404798,0.29037243,0.35557956
2886714235,0.608548,0.19098705,0.20046484
2886766150,0.7636502,0.10359092,0.1327589
2886779731,0.26625657,0.25395647,0.479787
2886988745,0.3692372,0.36643445,0.26432833
2887044193,0.3146786,0.32470343,0.36061797
2887078517,0.35809654,0.3227871,0.31911635
2887115268,0.27838573,0.39271247,0.32890177
2887156393,0.38208416,0.36714625,0.2507696
2887159146,0.3638889,0.35169068,0.28442043
2887160268,0.5516483,0.21387053,0.23448116
2887227308,0.36909732,0.3042243,0.3266783
2887266657,0.27139118,0.41527006,0.3133388
2887453825,0.25849986,0.36842155,0.37307858
2887467485,0.47329935,0.16309103,0.36360964
2887532372,0.34542865,0.18835153,0.46621975
2887571821,0.36527213,0.3629444,0.27178347
2887762530,0.43434885,0.3032783,0.26237288
2887838027,0.40118653,0.36484367,0.23396987
2887850935,0.22833899,0.2173866,0.5542744
2887898893,0.42461607,0.1995634,0.37582058
2887933798,0.3094585,0.30260354,0.3879379
2888013713,0.47334352,0.2491536,0.27750292
2888146858,0.18775225,0.5839547,0.22829317
2888161752,0.28447214,0.3548529,0.36067492
2888187358,0.37163356,0.35693067,0.27143577
2888250053,0.44775316,0.3319531,0.2202937
2888282747,0.23887801,0.2721687,0.4889533
2888351374,0.30966815,0.35746267,0.3328692
2888404266,0.3537868,0.39407477,0.2521385
2888533261,0.21710603,0.23546615,0.54742783
2888592332,0.7136127,0.12613079,0.16025662
2888709726,0.6396714,0.13144766,0.22888094
2888776172,0.4093998,0.30700904,0.28359115
2888797127,0.43303177,0.32340094,0.24356736
2888809896,0.197802,0.41458303,0.387615
2888855780,0.7895016,0.08347004,0.12702833
2889117103,0.16380021,0.66733193,0.16886784
2889225659,0.25179222,0.4280507,0.32015705
2889267797,0.50124073,0.25544503,0.2433143
2889569546,0.3104714,0.29527688,0.3942518
2889575726,0.4932868,0.2866861,0.2200271
2889750730,0.28000557,0.19754797,0.52244645
2889855769,0.4800561,0.29803127,0.2219126
2889980846,0.5416204,0.24131174,0.21706785
2890038194,0.45301175,0.2885622,0.25842604
2890079351,0.30952427,0.35185733,0.3386184
2890094824,0.26358455,0.4146035,0.32181197
2890118640,0.5041298,0.24936646,0.24650377
2890163462,0.22834417,0.18616337,0.58549243
2890176205,0.17062627,0.15266803,0.67670566
2890211615,0.21051218,0.404754,0.3847338
2890228390,0.2392548,0.42435962,0.33638558
2890263855,0.30537936,0.4103917,0.2842289
2890332361,0.16009851,0.6676861,0.17221534
2890339286,0.1367695,0.70493436,0.15829618
2890344984,0.3744521,0.36523744,0.26031044
2890494674,0.4256878,0.3080705,0.2662417
2890561952,0.35864758,0.31584984,0.32550254
2890563651,0.3820499,0.36648884,0.2514613
2890565369,0.41251913,0.3240535,0.2634274
2890629995,0.22616707,0.5102932,0.26353973
2890665621,0.50196534,0.2783401,0.21969457
2890889868,0.32266372,0.35057887,0.3267574
2891002169,0.55915254,0.20865811,0.23218936
2891213387,0.06469615,0.849097,0.08620681
2891318264,0.37626708,0.35976663,0.2639663
2891366692,0.3374704,0.28242937,0.38010013
2891377218,0.26413745,0.28715187,0.44871074
2891438073,0.47647005,0.2500333,0.27349663
2891445011,0.23623897,0.22812328,0.53563774
2891544748,0.14097501,0.12983398,0.729191
2891581130,0.40640816,0.35056663,0.24302521
2891609820,0.32257563,0.42192286,0.2555015
2891642659,0.2548729,0.22686222,0.51826483
2891783027,0.3529234,0.34131017,0.3057664
2891861657,0.20548819,0.58209646,0.21241531
2891977353,0.10905385,0.7608592,0.13008694
2892020003,0.15862037,0.65547615,0.18590347
2892022677,0.36760348,0.25593728,0.3764593
2892028714,0.3555049,0.26179257,0.38270256
2892283778,0.23134899,0.37697634,0.3916747
2892299197,0.33534965,0.39376852,0.2708819
2892329213,0.30484435,0.3612117,0.33394402
2892351899,0.3149643,0.30364567,0.3813901
2892385551,0.38429168,0.32627794,0.2894304
2892407946,0.34470868,0.29559436,0.35969692
2892498124,0.25160208,0.2848687,0.4635293
2892662762,0.73367,0.116423376,0.14990662
2892663308,0.29730216,0.3341284,0.36856946
2892709513,0.48580542,0.26492244,0.24927211
2892836387,0.3490688,0.3560219,0.29490924
2892855989,0.4720931,0.25606555,0.27184138
2893003968,0.36405033,0.2675185,0.36843127
2893030573,0.18109016,0.59144044,0.22746934
2893188842,0.7466235,0.10757336,0.14580312
2893421518,0.25277257,0.22381184,0.5234155
2893441839,0.3872351,0.3781505,0.23461446
2893493306,0.2575224,0.2902685,0.4522091
2893513944,0.27896023,0.37426567,0.34677407
2893618881,0.4754108,0.25376725,0.27082205
2894002177,0.6863558,0.1408439,0.1728003
2894074712,0.61247814,0.17758535,0.20993648
2894133650,0.4031838,0.36998895,0.22682719
2894220969,0.495801,0.24536532,0.25883368
2894373581,0.2483152,0.30247134,0.44921353
2894405270,0.5522311,0.24003321,0.20773578
2894438369,0.25183138,0.52796566,0.2202029
2894478134,0.3581088,0.36725163,0.27463967
2894542817,0.31607175,0.36941332,0.31451496
2894793444,0.37147585,0.3266002,0.30192402
2894812106,0.1102423,0.09264143,0.7971163
2894855686,0.37914556,0.3311643,0.28969014
2894931281,0.41314352,0.30334613,0.2835104
2894946302,0.30536154,0.37750682,0.31713155
2894983220,0.16885644,0.644762,0.18638152
2895035546,0.24392144,0.5022871,0.2537915
2895226823,0.18298575,0.19658972,0.62042445
2895257656,0.35408586,0.38619787,0.25971624
2895260823,0.30321142,0.30857417,0.38821438
2895269137,0.37508202,0.27776217,0.3471558
2895275063,0.27164185,0.44099277,0.28736532
2895547282,0.1567653,0.14065054,0.7025842
2895605127,0.2956163,0.30005014,0.40433347
2895625794,0.36936504,0.31192192,0.31871298
2895626860,0.30865237,0.22359516,0.4677524
2895707881,0.39082003,0.31772918,0.29145077
2895737168,0.25680247,0.3645784,0.37861907
2895783239,0.11163646,0.75529593,0.13306761
2895855764,0.36462468,0.3399615,0.29541382
2895979245,0.5955076,0.19452982,0.20996258
2896249778,0.3646662,0.33693862,0.29839525
2896254773,0.37455744,0.2702433,0.35519925
2896267586,0.08977476,0.80454427,0.105680965
2896336452,0.4229244,0.32948825,0.24758737
2896359139,0.35027647,0.33921865,0.31050488
2896381273,0.43256298,0.27542466,0.2920124
2896426782,0.34544936,0.3107281,0.3438226
2896434371,0.26206645,0.3779043,0.36002922
2896441564,0.21949665,0.21215993,0.5683434
2896812112,0.22265473,0.48272896,0.2946163
2896873999,0.17885588,0.17834935,0.6427948
2897016304,0.24405228,0.5022571,0.25369066
2897152307,0.26950443,0.31221515,0.41828042
2897312351,0.47692284,0.285873,0.2372042
2897461025,0.4767674,0.25280136,0.27043125
2897501668,0.2499657,0.2373469,0.5126874
2897625477,0.24459107,0.2521499,0.503259
2897694581,0.51239365,0.23953082,0.24807547
2897860859,0.27574554,0.22171757,0.5025369
2897883866,0.41620126,0.33559355,0.2482052
2898028521,0.3451579,0.31551248,0.3393297
2898127291,0.20703553,0.21131518,0.5816493
2898141841,0.4632882,0.28103665,0.25567517
2898189369,0.5086458,0.23383905,0.2575152
2898258685,0.31547153,0.41303593,0.27149254
2898258767,0.30756116,0.34741783,0.3450209
2898340552,0.32799852,0.3460495,0.3259519
2898374493,0.6344642,0.1758152,0.18972059
2898400524,0.19640861,0.44932246,0.35426888
2898459149,0.35880595,0.29109097,0.350103
2898485388,0.28162965,0.34510687,0.37326354
2898498916,0.5202094,0.23951767,0.24027295
2898667822,0.3258009,0.39151222,0.28268683
2898669006,0.3686856,0.2695121,0.36180228
2898673532,0.6402789,0.1498951,0.20982604
2898754250,0.28055555,0.34604913,0.37339535
2898785250,0.3244987,0.35663098,0.31887034
2898821723,0.38606948,0.38976145,0.22416914
2898926639,0.19879837,0.5938692,0.20733245
2898939748,0.6812671,0.1472798,0.17145315
2898979678,0.09653844,0.7823558,0.121105745
2899033153,0.4852261,0.23165964,0.28311437
2899074205,0.36832863,0.32836112,0.30331028
2899120286,0.3720053,0.3313304,0.2966643
2899206978,0.33385572,0.41208303,0.2540613
2899273538,0.1869124,0.5651853,0.2479023
2899513640,0.3065977,0.27071577,0.42268658
2899799867,0.39406595,0.35566583,0.25026822
2899811457,0.40846604,0.28996187,0.3015722
2899893507,0.3421134,0.3701555,0.2877311
2900010778,0.34639037,0.32614875,0.32746094
2900133732,0.3262669,0.40189824,0.2718348
2900154876,0.33225065,0.34142357,0.3263258
2900213250,0.35391834,0.3011737,0.344908
2900295010,0.5026529,0.227277,0.27007002
2900416803,0.33664447,0.25803176,0.4053238
2900492206,0.28042752,0.31224158,0.40733093
2900677051,0.32118505,0.38804027,0.29077473
2900911990,0.44157884,0.33309284,0.2253283
2900994759,0.559908,0.22676115,0.21333092
2901028439,0.39475712,0.27308327,0.33215964
2901040181,0.22084105,0.34792882,0.43123016
2901059538,0.376711,0.31452724,0.30876175
2901074960,0.30268064,0.33087468,0.36644462
2901093592,0.1606654,0.15698497,0.68234956
2901113179,0.24041867,0.23254974,0.5270316
2901354422,0.19737996,0.364458,0.43816206
2901559074,0.46829513,0.2876387,0.2440661
2901614615,0.2887673,0.40474245,0.30649024
2901774444,0.14054331,0.1543254,0.7051313
2901837033,0.39439362,0.31829613,0.2873102
2901904943,0.31077802,0.3503529,0.338869
2902343638,0.470302,0.31960028,0.2100978
2902401591,0.22460052,0.27357993,0.50181955
2902457278,0.39502132,0.31921127,0.28576738
2902458185,0.18061607,0.24355711,0.5758268
2902520468,0.24320297,0.36243397,0.39436302
2902652747,0.3722111,0.31392452,0.31386438
2902708446,0.27170393,0.33012202,0.39817408
2902770888,0.73236877,0.12121992,0.1464114
2902794242,0.3341268,0.37311903,0.2927542
2902886181,0.58970416,0.19952211,0.21077369
2902923586,0.3782235,0.30512217,0.31665432
2902945326,0.534728,0.23824796,0.2270241
2902995334,0.226094,0.57975835,0.19414762
2903115752,0.31982043,0.22601196,0.45416763
2903205637,0.17216162,0.5786239,0.24921449
2903238423,0.41134492,0.29770383,0.29095122
2903249555,0.28987777,0.36662942,0.3434928
2903259979,0.38059682,0.33376777,0.2856354
2903325552,0.48243284,0.26539233,0.25217488
2903326697,0.25303483,0.23888665,0.5080786
2903384685,0.46295416,0.29557672,0.24146917
2903408427,0.44823572,0.26140258,0.2903616
2903487704,0.43178067,0.28421125,0.28400806
2903534900,0.3720676,0.35481402,0.2731184
2903670176,0.40238875,0.3278049,0.26980633
2903943529,0.61503935,0.17615779,0.20880283
2904015990,0.17435825,0.17129841,0.65434325
2904105681,0.25373468,0.20824015,0.53802514
2904124972,0.40498474,0.28667715,0.30833808
2904138986,0.51727957,0.24905188,0.23366857
2904191946,0.2155523,0.18035561,0.604092
2904216328,0.5759284,0.20544939,0.21862215
2904277974,0.51967806,0.24395275,0.23636922
2904373720,0.46259883,0.22447546,0.31292573
2904393326,0.1618517,0.6609348,0.17721348
2904514936,0.10998847,0.103798494,0.78621304
2904522591,0.6777481,0.15215187,0.17009999
2904561733,0.710181,0.12657219,0.16324683
2904582485,0.4979742,0.26596582,0.23605998
2904610323,0.2329976,0.30773783,0.45926452
2904709421,0.12393902,0.11779106,0.7582699
2904931604,0.093319416,0.090317994,0.81636256
2904940035,0.40944603,0.3200033,0.27055073
2904998044,0.3349974,0.3080698,0.35693285
2905024860,0.29659188,0.36979073,0.33361745
2905111929,0.33857068,0.2765865,0.38484272
2905144563,0.34262925,0.3394666,0.3179041
2905243572,0.5599,0.22805558,0.21204442
2905260443,0.3066959,0.41947177,0.27383223
2905360923,0.29360756,0.38881236,0.31758007
2905377249,0.27151284,0.3217939,0.4066933
2905462605,0.5640271,0.2151204,0.22085255
2905564979,0.42588252,0.25715163,0.31696588
2905644996,0.3858578,0.3576442,0.25649795
2905673702,0.26386005,0.41113472,0.3250052
2905683443,0.38352048,0.32657847,0.28990105
2905931993,0.23902676,0.5352337,0.22573964
2905939420,0.4039254,0.31138378,0.28469077
2905988126,0.22893341,0.22030969,0.5507569
2906020499,0.36801863,0.34992188,0.28205943
2906045463,0.55834633,0.20580693,0.23584668
2906114291,0.39537328,0.34220523,0.26242146
2906143596,0.54418004,0.20344287,0.25237703
2906235387,0.47776026,0.26598185,0.25625792
2906407544,0.19154547,0.54846394,0.25999063
2906446014,0.44361466,0.30654305,0.2498423
2906494588,0.36657998,0.3210175,0.31240255
2906604755,0.10964042,0.12589745,0.7644621
2906721127,0.15216707,0.65161556,0.19621736
2906859648,0.51693195,0.25183573,0.23123224
2906946790,0.39827642,0.27053103,0.33119246
2907019188,0.33963352,0.24135229,0.41901416
2907205654,0.18818218,0.2225739,0.5892439
2907255969,0.28696826,0.4380025,0.2750293
2907312841,0.28995475,0.34744483,0.36260036
2907352135,0.26398256,0.44559512,0.29042223
2907413665,0.61163783,0.1745744,0.21378773
2907476722,0.33202013,0.35159552,0.3163843
2907558755,0.2628637,0.37171638,0.36541992
2907563226,0.09805465,0.76754355,0.13440181
2907591254,0.25379694,0.20906016,0.53714293
2907656893,0.71073633,0.12450816,0.16475551
2907874664,0.10223937,0.7718202,0.1259405
2907930866,0.12277921,0.6977215,0.1794993
2907971332,0.2985587,0.26968214,0.4317592
2907981276,0.30868188,0.35701466,0.3343034
2908209614,0.76175296,0.10353679,0.1347103
2908257577,0.55388546,0.22079585,0.22531869
2908305514,0.20094292,0.35005903,0.44899803
2908443572,0.37050954,0.27394837,0.3555421
2908730769,0.20939831,0.22488494,0.5657167
2908888488,0.18572699,0.6216667,0.19260632
2908933313,0.21764392,0.5586922,0.22366385
2908988784,0.70886356,0.14034113,0.15079527
2909153744,0.5087869,0.2601293,0.23108374
2909193579,0.59428006,0.1663779,0.23934199
2909216778,0.30660534,0.41194743,0.2814473
2909241709,0.23328535,0.46555492,0.30115977
2909244216,0.6079815,0.20062093,0.19139756
2909295773,0.5988514,0.19732657,0.2038221
2909431907,0.44003555,0.27712855,0.28283587
2909446914,0.42650488,0.3383473,0.23514788
2909474515,0.22289628,0.17078438,0.60631937
2909714435,0.31994012,0.3801046,0.2999553
2909721360,0.3695857,0.34246832,0.28794593
2909724810,0.25650987,0.40813896,0.3353512
2909740961,0.35826334,0.36045626,0.2812804
2909861908,0.48268402,0.2554213,0.26189467
2909912236,0.32156068,0.33860278,0.33983654
2909961826,0.27989697,0.3408801,0.3792229
2910036843,0.475097,0.23507285,0.28983015
2910145735,0.2654212,0.47776514,0.25681373
2910192822,0.3308007,0.33175117,0.33744806
2910248614,0.21614555,0.36262572,0.42122877
2910277642,0.19085154,0.54547095,0.26367748
2910723263,0.38341257,0.35652187,0.2600655
2910843918,0.7203771,0.124327846,0.1552951
2910964340,0.2318723,0.50357175,0.264556
2910964412,0.20780182,0.21602398,0.5761742
2911123037,0.2561308,0.4984002,0.24546899
2911157656,0.31660125,0.40074158,0.28265724
2911367206,0.48712838,0.2753823,0.23748931
2911425942,0.30926022,0.32657626,0.36416352
2911480853,0.58146924,0.21135047,0.20718035
2911505269,0.51500523,0.25746498,0.22752976
2911523999,0.21358864,0.5415692,0.24484219
2911618226,0.376427,0.370137,0.2534359
2911621969,0.31766242,0.3789791,0.30335855
2911634223,0.33604217,0.34812307,0.3158348
2911656216,0.25159892,0.36464414,0.3837569
2911735059,0.22462495,0.44160378,0.33377135
2911836497,0.32805228,0.38128734,0.29066038
2911877073,0.4409899,0.28174195,0.27726817
2911881113,0.27666605,0.44761324,0.27572072
2911895656,0.112786055,0.11823632,0.76897764
2911950840,0.2345549,0.45394766,0.31149748
2912009485,0.29824713,0.41092274,0.29083014
2912015016,0.19499387,0.20181164,0.60319453
2912236314,0.6591335,0.18567337,0.15519316
2912253723,0.41048202,0.33763444,0.25188357
2912375247,0.45904392,0.30442208,0.23653394
2912528444,0.22012861,0.51528764,0.26458374
2912685579,0.25928625,0.20953198,0.53118175
2912724954,0.32409996,0.35707244,0.3188276
2912784922,0.3397757,0.33901682,0.32120743
2912790842,0.24912232,0.43677494,0.31410274
2912856244,0.22331358,0.54133934,0.23534708
2912862093,0.6422574,0.17611673,0.18162583
2912884861,0.22400513,0.45559737,0.32039753
2913005742,0.5008901,0.26796135,0.23114859
2913006932,0.31427237,0.37090582,0.31482175
2913008980,0.3480896,0.2687237,0.38318664
2913027460,0.34630707,0.2733522,0.38034067
2913151428,0.25660062,0.41928884,0.3241105
2913540976,0.39570704,0.313478,0.29081497
2913654161,0.32577914,0.35408172,0.32013914
2913682500,0.5662979,0.2111243,0.2225778
2913799450,0.42072323,0.30258724,0.27668947
2913837862,0.48911506,0.26993394,0.24095097
2913969157,0.43650898,0.30089748,0.2625936
2914001237,0.2876612,0.3339227,0.37841615
2914009780,0.39915928,0.29875258,0.30208808
2914059116,0.4065915,0.28863105,0.3047775
2914099937,0.15239318,0.6590655,0.18854131
2914204499,0.5832432,0.14224356,0.2745132
2914247696,0.28642648,0.31152555,0.40204802
2914299008,0.3305619,0.38825494,0.28118315
2914361276,0.27988645,0.3725097,0.34760383
2914423941,0.191776,0.5617833,0.24644071
2914734519,0.107135825,0.773001,0.11986313
2914929875,0.29127955,0.39596504,0.3127555
2915154820,0.21948178,0.35095534,0.42956293
2915225023,0.23009716,0.2192636,0.55063915
2915246489,0.32574958,0.38974193,0.2845085
2915316812,0.29238215,0.2712904,0.43632743
2915342721,0.4604451,0.29116136,0.24839355
2915534186,0.47768125,0.22781813,0.29450062
2915562490,0.3693586,0.34321058,0.28743082
2915584205,0.28950313,0.4146317,0.29586512
2915653948,0.1976424,0.21310505,0.5892526
2915802067,0.5665644,0.22486852,0.20856708
2915808846,0.28818125,0.47688654,0.23493221
2915918330,0.6041258,0.19234173,0.20353249
2915979120,0.27309576,0.39418802,0.33271623
2915983659,0.31031552,0.21631289,0.47337157
2916027151,0.37411246,0.3822795,0.24360801
2916072231,0.5350663,0.21621999,0.24871369
2916129722,0.2317531,0.48904908,0.27919784
2916172642,0.28194168,0.35246664,0.36559176
2916245186,0.25146404,0.3530108,0.39552513
2916254505,0.25858688,0.41232595,0.32908717
2916341917,0.48475704,0.25168177,0.26356125
2916365840,0.37450597,0.37300932,0.25248468
2916401455,0.40094435,0.3088295,0.2902262
2916409208,0.22458585,0.22281836,0.5525958
2916524798,0.42420542,0.30966276,0.26613185
2916544038,0.288128,0.3360814,0.37579063
2916608458,0.32305163,0.43914884,0.23779951
2916618973,0.3665,0.34092766,0.29257238
2916763720,0.42835864,0.2207621,0.35087922
2916802766,0.53021324,0.20470987,0.26507685
2916875611,0.30233002,0.23654762,0.4611223
2916923980,0.4540847,0.29143018,0.2544852
2916992339,0.28741854,0.47662687,0.23595457
2917037667,0.21438035,0.54368794,0.24193168
2917121497,0.2517682,0.20755655,0.5406753
2917227062,0.29804283,0.37732232,0.32463485
2917237132,0.24182805,0.47911116,0.27906072
2917334958,0.29550272,0.28359342,0.4209038
2917377219,0.08305529,0.8155203,0.10142443
2917432356,0.36052728,0.35518572,0.284287
2917496733,0.5906115,0.1683987,0.24098977
2917563822,0.38803297,0.18223406,0.42973295
2917566896,0.610928,0.1961897,0.19288242
2917698166,0.49605304,0.28474846,0.21919851
2917758882,0.32213864,0.35682008,0.3210413
2917774434,0.419079,0.26964185,0.31127915
2917794714,0.2581386,0.24516068,0.49670073
2917911727,0.28783512,0.43411073,0.27805415
2917933558,0.2969534,0.4815057,0.22154088
2918147604,0.675008,0.14408872,0.18090327
2918157131,0.3699104,0.22269961,0.40739
2918187920,0.79807454,0.08210344,0.119821995
2918189679,0.4843773,0.20631468,0.30930805
2918309889,0.32999945,0.35484758,0.31515297
2918506286,0.29824623,0.36876225,0.3329916
2918513074,0.30578047,0.29406187,0.4001577
2918578836,0.4127648,0.35398415,0.23325108
2918588508,0.36260572,0.30190912,0.33548513
2918613272,0.19853742,0.59775954,0.20370302
2918685112,0.2214954,0.30119926,0.47730535
2918809685,0.74115586,0.10928934,0.14955479
2918868325,0.470713,0.30445293,0.2248341
2918900837,0.7196357,0.1306532,0.14971103
2918970126,0.37775424,0.31571385,0.30653194
2919184321,0.10432779,0.10675438,0.7889179
2919206480,0.555794,0.24562249,0.19858348
2919235235,0.20963125,0.5398635,0.25050527
2919308560,0.28336966,0.38391078,0.33271953
2919429313,0.34299493,0.33423832,0.3227667
2919552199,0.4872188,0.2783314,0.23444977
2919634741,0.28655463,0.36871338,0.34473196
2919723189,0.31262764,0.36790833,0.31946406
2919728403,0.1465528,0.62824446,0.22520278
2919763980,0.33743325,0.2630007,0.39956614
2919900923,0.35898274,0.3460633,0.29495403
2919901036,0.11685401,0.7531425,0.13000345
2920495732,0.37716126,0.4019567,0.2208821
2920503913,0.30617183,0.34877184,0.3450563
2920712981,0.31459445,0.42613387,0.2592717
2920779321,0.26455322,0.38659012,0.3488567
2920821135,0.40819815,0.29097384,0.300828
2920836659,0.26818594,0.3806603,0.3511537
2920863481,0.42876056,0.29945174,0.27178773
2920869359,0.40115675,0.34071,0.2581332
2920984592,0.62669134,0.15931223,0.21399635
2921438123,0.25780398,0.31788987,0.42430618
2921455041,0.27349713,0.4108705,0.31563234
2921458219,0.41654208,0.30959263,0.27386534
2921704645,0.25556937,0.43327403,0.31115657
2921730590,0.26673344,0.46083787,0.27242872
2921731625,0.25220126,0.17859802,0.56920075
2921783158,0.40549582,0.25600725,0.33849692
2921818244,0.30220464,0.29050058,0.4072948
2921893505,0.23755053,0.23246534,0.5299841
2921943125,0.31996778,0.39022684,0.2898053
2921990726,0.23077078,0.26790813,0.5013211
2922038018,0.0960562,0.7847666,0.11917717
2922051282,0.23348369,0.46825576,0.29826057
2922104087,0.4218091,0.33813003,0.24006088
2922109087,0.30028883,0.34470084,0.3550103
2922219269,0.4318236,0.25784928,0.31032708
2922360407,0.3139268,0.31683433,0.36923894
2922433778,0.22906007,0.45646143,0.31447852
2922469568,0.5326895,0.15897143,0.30833903
2922633363,0.2739082,0.32395646,0.40213537
2922667541,0.4205687,0.2628595,0.31657174
2922691435,0.45448115,0.3145486,0.23097022
2922704676,0.42681476,0.33746076,0.23572452
2922777772,0.6020441,0.19585644,0.20209946
2922793950,0.37803632,0.34715042,0.2748132
2922797621,0.19242604,0.17096011,0.63661385
2922877374,0.16635676,0.1806405,0.6530027
2923037683,0.29897907,0.31922624,0.3817946
2923085271,0.2678893,0.23966728,0.4924434
2923150209,0.59074795,0.19169213,0.21755995
2923273816,0.28162202,0.28961828,0.4287597
2923396663,0.4431412,0.29422605,0.26263276
2923485678,0.3946665,0.33025077,0.2750827
2923577118,0.29620758,0.33998325,0.36380908
2923607626,0.2993681,0.3612908,0.33934116
2923608892,0.5388979,0.22089832,0.24020381
2923671038,0.30974352,0.36069304,0.3295634
2923707737,0.34193376,0.33554396,0.32252234
2923911405,0.65522826,0.17121458,0.1735572
2923912790,0.22375898,0.4751842,0.30105686
2923934713,0.33280885,0.27772915,0.389462
2924080823,0.45854253,0.26822498,0.27323255
2924220187,0.23912635,0.48369873,0.2771749
2924260562,0.3347937,0.31771907,0.34748727
2924276928,0.4224019,0.27814245,0.29945564
2924334777,0.3637193,0.39374098,0.24253978
2924335263,0.17914703,0.6073933,0.21345967
2924417779,0.29661104,0.34902596,0.35436296
2924562739,0.17324634,0.6485972,0.17815639
2924594431,0.26303858,0.22987744,0.507084
2924620215,0.27148643,0.26372033,0.46479324
2924728612,0.53390366,0.24903308,0.21706328
2924766525,0.39611563,0.33859426,0.2652901
2924893592,0.17830746,0.60286164,0.21883093
2924979802,0.27204317,0.47870958,0.24924718
2925086423,0.29169795,0.3031524,0.40514964
2925088295,0.27135026,0.3430039,0.3856458
2925091139,0.67688084,0.1367828,0.18633635
2925263083,0.22455442,0.4723293,0.30311632
2925318799,0.32226908,0.34501615,0.3327148
2925436873,0.22393498,0.257519,0.51854604
2925503999,0.35646155,0.32742387,0.31611466
2925638800,0.32019868,0.33234394,0.34745732
2925714657,0.39600968,0.38577083,0.21821949
2925780483,0.13555337,0.64855504,0.21589157
2925806870,0.4733473,0.29891092,0.22774172
2925833047,0.3422904,0.33437,0.32333964
2925848424,0.07995172,0.8198756,0.100172736
2925856995,0.6735861,0.1586072,0.16780671
2925917851,0.40581766,0.3396703,0.25451204
2925929796,0.32224342,0.41308615,0.26467046
2925956435,0.45767444,0.30243796,0.23988764
2926019716,0.4602979,0.2830252,0.25667697
2926207756,0.33668512,0.29930067,0.36401415
2926216081,0.32392192,0.38079122,0.29528686
2926227417,0.2979083,0.34399632,0.35809535
2926230438,0.2532257,0.4827273,0.264047
2926509569,0.23463126,0.2250663,0.54030246
2926631620,0.5471487,0.23127687,0.22157447
2926751432,0.3590569,0.3303013,0.31064186
2926801714,0.20190565,0.19982453,0.59826976
2926826163,0.3975116,0.27526462,0.32722372
2926874385,0.25648418,0.44632453,0.29719123
2926937595,0.3923673,0.32171202,0.28592068
2926958393,0.31904775,0.37284744,0.30810487
2927365405,0.31145963,0.3868335,0.30170688
2927427063,0.45662656,0.28910962,0.25426382
2927476610,0.47355393,0.28600135,0.24044473
2927519118,0.50705737,0.25545642,0.23748621
2927520956,0.32719722,0.45029536,0.22250742
2927644719,0.15182915,0.15568405,0.69248676
2927746055,0.27089262,0.35884526,0.37026218
2927792665,0.24889721,0.24950778,0.501595
2927803181,0.25269303,0.31097424,0.43633276
2927927228,0.35010952,0.3861932,0.2636973
2927977728,0.1618016,0.58865196,0.24954648
2927985191,0.30937406,0.33370942,0.35691658
2928006320,0.37997168,0.33692566,0.28310272
2928075732,0.06805744,0.8388258,0.09311671
2928154900,0.4095301,0.34087634,0.24959366
2928201620,0.40817544,0.32185444,0.26997006
2928269173,0.5743882,0.14632918,0.27928257
2928297621,0.2346925,0.37598914,0.38931838
2928324021,0.2537303,0.4265084,0.3197613
2928368313,0.50774634,0.2483899,0.24386384
2928493157,0.32876378,0.3419093,0.32932687
2928791632,0.25735745,0.48923048,0.2534121
2928981411,0.2918914,0.34354195,0.36456662
2929096534,0.19029365,0.16657141,0.6431349
2929123195,0.4487397,0.28834033,0.26291996
2929126871,0.058386765,0.05767369,0.8839395
2929296438,0.43592784,0.31445932,0.24961291
2929313803,0.14453246,0.67746264,0.17800486
2929330838,0.5287108,0.23551403,0.23577519
2929491265,0.68001235,0.11268161,0.20730603
2929512076,0.5020009,0.24752982,0.25046927
2929667897,0.34504113,0.31600228,0.33895662
2929786373,0.56626815,0.21353644,0.22019546
2929788110,0.4373232,0.26273853,0.2999382
2929797766,0.3929056,0.37976584,0.22732857
2929837567,0.31623518,0.295648,0.38811675
2929859836,0.26044542,0.31408766,0.42546684
2929963461,0.44077882,0.27942935,0.27979183
2929978533,0.39012778,0.36427644,0.24559577
2930068254,0.2415002,0.21913968,0.5393601
2930070585,0.2645821,0.28897032,0.44644752
2930094207,0.33715987,0.3320331,0.33080694
2930352398,0.36538017,0.40209195,0.23252784
2930406973,0.33308354,0.32653698,0.34037948
2930481600,0.23124683,0.5126921,0.25606108
2930509157,0.1961989,0.59756035,0.20624085
2930512189,0.3135734,0.25007364,0.436353
2930691966,0.5676966,0.2202256,0.21207783
2930749452,0.30954358,0.28262082,0.40783563
2930789924,0.06780161,0.06638215,0.8658162
2930861094,0.44879535,0.2624589,0.2887458
2930892807,0.3306534,0.33034524,0.3390014
2930976575,0.31333503,0.37674975,0.30991524
2931003717,0.30341783,0.40180895,0.2947732
2931068986,0.23936406,0.27179804,0.48883796
2931109101,0.17634021,0.17376815,0.6498916
2931145744,0.34240562,0.373253,0.28434137
2931160646,0.39015096,0.25180233,0.35804662
2931165096,0.41248596,0.33547923,0.25203487
2931224210,0.64364487,0.1757701,0.18058503
2931333016,0.2952893,0.4246005,0.2801102
2931423018,0.14838883,0.6962686,0.15534258
2931472837,0.39944398,0.33404526,0.2665108
2931496266,0.29976916,0.29297987,0.407251
2931661557,0.23702675,0.51862717,0.24434602
2931685575,0.641682,0.15893678,0.19938108
2931711354,0.50783527,0.3072478,0.18491699
2931728461,0.3086069,0.30485055,0.3865426
2931805387,0.3845443,0.34727958,0.26817614
2931809223,0.20016193,0.59771705,0.202121
2931842811,0.27412602,0.33552477,0.39034918
2931954956,0.12178109,0.11804776,0.76017106
2931974329,0.1218267,0.74847734,0.12969595
2932168747,0.28675762,0.3561712,0.35707113
2932202124,0.18365495,0.6194639,0.19688119
2932293625,0.3775668,0.32663447,0.29579875
2932305783,0.24369681,0.47304365,0.28325948
2932319734,0.46192542,0.2434688,0.29460582
2932349649,0.09433192,0.08608362,0.8195844
2932470142,0.43478703,0.32255337,0.24265957
2932500306,0.32418418,0.31858933,0.35722652
2932520300,0.35474563,0.35654718,0.2887073
2932543182,0.3903336,0.35798448,0.25168192
2932590767,0.17494002,0.5954346,0.22962543
2932612150,0.4067099,0.36665654,0.22663361
2932658085,0.3853015,0.31223074,0.3024678
2932847324,0.41328853,0.32792488,0.25878668
2932934301,0.19204138,0.62633705,0.18162158
2933036036,0.120926395,0.14584789,0.7332257
2933045238,0.2883921,0.4242073,0.2874005
2933076951,0.6761612,0.1582066,0.16563207
2933150021,0.11750208,0.7394685,0.14302935
2933175188,0.25317878,0.41004217,0.33677912
2933177590,0.29072896,0.31380484,0.3954662
2933388595,0.36151737,0.3279119,0.31057072
2933500139,0.36161193,0.29090324,0.3474848
2933525496,0.40496916,0.31668988,0.27834097
2933526465,0.41061437,0.29481322,0.29457238
2933538002,0.09982852,0.7754024,0.12476909
2933617092,0.37156844,0.33626118,0.29217038
2933745274,0.39871624,0.30095878,0.30032492
2933747216,0.12702255,0.74989074,0.1230867
2933853199,0.40099266,0.28944322,0.30956408
2933871147,0.21578051,0.28138536,0.5028342
2934164911,0.7347646,0.092754476,0.17248088
2934192374,0.32809973,0.28106385,0.39083642
2934255633,0.58654267,0.17824222,0.23521505
2934358428,0.30299103,0.30786678,0.3891422
2934461601,0.3771378,0.24772978,0.37513235
2934465689,0.5100566,0.25108108,0.23886232
2934500275,0.44470796,0.2733742,0.2819178
2934583801,0.27822354,0.3503387,0.37143776
2934667050,0.2643437,0.3979083,0.337748
2934804039,0.3276492,0.2819538,0.390397
2934898723,0.08354568,0.80450904,0.11194525
2934915217,0.3466002,0.30285996,0.35053986
2934935516,0.15670116,0.6784544,0.16484442
2935047981,0.16093525,0.6703838,0.16868095
2935230604,0.17368436,0.60491914,0.22139652
2935309436,0.2944816,0.34070534,0.36481306
2935376036,0.38909632,0.30697057,0.30393305
2935582431,0.41552785,0.35385293,0.23061925
2935653962,0.6237315,0.19222437,0.18404408
2935727290,0.5644379,0.2353772,0.20018475
2935927209,0.35853544,0.3470679,0.29439658
2936018388,0.090453334,0.08522684,0.8243199
2936102528,0.26592684,0.25302932,0.48104396
2936169853,0.0744387,0.8284778,0.09708348
2936212744,0.5391289,0.23840493,0.22246622
2936274710,0.32119507,0.3789873,0.29981765
2936296754,0.1688221,0.18944721,0.6417307
2936297509,0.41060257,0.31261197,0.27678543
2936345063,0.32374305,0.3925993,0.28365758
2936405527,0.38471186,0.3538176,0.26147056
2936537473,0.41963112,0.18732613,0.39304277
2936538449,0.34850317,0.29274806,0.35874876
2936555363,0.5762594,0.22798467,0.19575597
2936562802,0.1020204,0.75167185,0.14630778
2936604950,0.3477369,0.27606624,0.37619683
2936650204,0.607071,0.20108247,0.19184656
2936663101,0.11579237,0.10862054,0.7755871
2936719800,0.13593714,0.15721782,0.70684505
2936783161,0.25864032,0.29572377,0.44563589
2936797343,0.14717762,0.6553949,0.1974275
2936831378,0.45716265,0.27009287,0.27274445
2936858232,0.29532465,0.25264686,0.45202842
2936859080,0.41187885,0.32418704,0.26393417
2936907583,0.54471076,0.21675566,0.23853359
2936930476,0.3244798,0.33053672,0.34498346
2936974238,0.27635503,0.17841631,0.54522866
2937172596,0.44435728,0.270625,0.2850177
2937289028,0.3248378,0.43036118,0.24480097
2937318351,0.3628227,0.32013768,0.31703964
2937345330,0.32299823,0.35023,0.3267718
2937436743,0.18117578,0.18666196,0.6321622
2937445913,0.26280698,0.4836794,0.25351363
2937596578,0.33570322,0.34488294,0.31941393
2937602614,0.41707554,0.28101015,0.3019143
2937619375,0.25467628,0.44492486,0.30039898
2937705250,0.47521982,0.28489396,0.23988618
2937793808,0.35813737,0.25619024,0.38567233
2937799219,0.41544124,0.32085192,0.26370683
2937827162,0.24118106,0.45770264,0.3011163
2937984587,0.17268045,0.6403222,0.18699737
2937990594,0.087860666,0.765584,0.14655532
2938052543,0.39175647,0.30419487,0.30404863
2938152129,0.24457607,0.2790168,0.47640717
2938230823,0.6737963,0.13503718,0.19116652
2938259347,0.37122282,0.34378093,0.28499624
2938400105,0.24585503,0.5116752,0.24246976
2938442587,0.49392805,0.2366835,0.26938847
2938455255,0.077012114,0.07054905,0.85243887
2938612302,0.2807014,0.4908739,0.2284247
2938633183,0.12822326,0.13271761,0.73905915
2938634987,0.18648186,0.18605377,0.6274645
2938749224,0.2573235,0.27517113,0.4675054
2938815985,0.10870051,0.10273968,0.78855985
2938945839,0.35864657,0.27451786,0.3668355
2939059122,0.22251907,0.2424615,0.53501946
2939153080,0.38183203,0.3550949,0.26307303
2939190864,0.21788485,0.26875773,0.51335746
2939269082,0.54244834,0.22805652,0.22949514
2939388327,0.406668,0.31643218,0.27689978
2939450035,0.2792388,0.34584007,0.37492117
2939457083,0.56415766,0.22324708,0.21259524
2939462402,0.4112528,0.2703371,0.31841013
2939519902,0.30599186,0.31350335,0.38050476
2939545118,0.2965155,0.44160646,0.261878
2939582159,0.14222218,0.13050997,0.7272678
2939701736,0.45663038,0.20792626,0.3354433
2939763561,0.13097066,0.6679422,0.20108718
2939869281,0.60888726,0.12731913,0.26379362
2939952191,0.17039531,0.6260837,0.20352101
2939971198,0.35256574,0.33892864,0.30850562
2939998037,0.3642272,0.36933836,0.26643437
2940007914,0.44837964,0.27828485,0.27333552
2940056819,0.2769481,0.40674052,0.31631136
2940069266,0.41351113,0.30104375,0.28544518
2940130914,0.51438004,0.24215987,0.24346007
2940157546,0.2864463,0.34391606,0.36963758
2940195150,0.59953934,0.18700978,0.21345092
2940208746,0.34525368,0.30517897,0.34956735
2940279021,0.37121993,0.36660144,0.2621787
2940315731,0.5330573,0.2196443,0.24729848
2940316386,0.25380403,0.5127387,0.23345725
2940386874,0.33727866,0.2960076,0.3667137
2940420251,0.36837676,0.24936624,0.382257
2940750951,0.30643302,0.3735828,0.3199841
2940851760,0.43926272,0.2971479,0.2635894
2940871468,0.27566978,0.42599136,0.2983388
2940963885,0.2926133,0.42158037,0.2858064
2941101281,0.17284857,0.62400234,0.20314918
2941250115,0.34526065,0.28470048,0.3700389
2941296319,0.23265246,0.48412448,0.28322306
2941329414,0.28058857,0.2868848,0.4325267
2941426946,0.23059137,0.51669663,0.252712
2941429181,0.48503327,0.2609783,0.25398847
2941465284,0.5204865,0.22513539,0.25437808
2941472875,0.1866594,0.27752352,0.5358171
2941489838,0.5350303,0.23298529,0.23198439
2941489873,0.5900871,0.20885637,0.20105651
2941530796,0.095579945,0.7940249,0.11039509
2941543839,0.3819279,0.26249528,0.3555768
2941556190,0.76560456,0.10373579,0.13065965
2941557176,0.27628955,0.39524713,0.32846335
2941620754,0.29954103,0.28764924,0.41280973
2941640893,0.3423305,0.35592154,0.301748
2941651441,0.37248942,0.31537288,0.31213766
2941686384,0.16661738,0.6407869,0.1925957
2941706797,0.075217575,0.073198624,0.8515838
2941724248,0.2806094,0.41480318,0.3045874
2941774232,0.6491583,0.1314148,0.2194269
2941782187,0.26767462,0.23244977,0.49987552
2941889849,0.42670694,0.24365935,0.32963368
2941953456,0.10030043,0.77133477,0.12836477
2942019181,0.22738142,0.26981136,0.5028072
2942045867,0.10803335,0.7634097,0.12855695
2942089011,0.37191513,0.30402026,0.32406467
2942097904,0.48994032,0.2675892,0.24247053
2942118434,0.3208957,0.29240996,0.38669434
2942121041,0.4844362,0.2764963,0.23906739
2942255470,0.4486712,0.3390741,0.21225463
2942355202,0.18864311,0.6156472,0.19570969
2942365675,0.696266,0.14245567,0.16127832
2942464146,0.7427987,0.10752302,0.14967833
2942479875,0.43877912,0.27645797,0.2847629
2942688800,0.35922843,0.33972305,0.3010485
2942701228,0.4998602,0.2895876,0.21055222
2942707844,0.4488684,0.3133045,0.23782706
2942731294,0.5134479,0.2457207,0.24083145
2942821227,0.21322426,0.33642665,0.45034918
2942825954,0.24708983,0.30629364,0.44661653
2942949049,0.18385795,0.6147867,0.20135532
2942982108,0.3227345,0.3482287,0.32903683
2942997062,0.22533989,0.19772065,0.5769395
2943001997,0.11079659,0.123191394,0.766012
2943038283,0.4742124,0.22274518,0.3030424
2943139478,0.19403629,0.20505217,0.6009115
2943215461,0.11755894,0.10308064,0.7793605
2943271676,0.097930215,0.085330114,0.81673974
2943315370,0.34697953,0.32173756,0.33128294
2943453094,0.27510357,0.41010967,0.3147868
2943481631,0.263737,0.46113884,0.27512413
2943486534,0.24456097,0.48071063,0.27472845
2943496904,0.27432397,0.37750486,0.3481712
2943506662,0.15361297,0.6820346,0.16435242
2943515896,0.28474504,0.27347666,0.4417784
2943528806,0.40353045,0.31657112,0.27989846
2943565474,0.18377002,0.6101049,0.20612511
2943627170,0.059525285,0.86061746,0.079857275
2943709093,0.24854389,0.39860716,0.35284904
2943768393,0.32427388,0.25915948,0.41656664
2943896698,0.3319211,0.36001673,0.3080622
2944060177,0.38924527,0.30833203,0.30242267
2944117944,0.13719702,0.13306667,0.7297363
2944198986,0.17283338,0.6497799,0.17738669
2944291336,0.12302139,0.14970209,0.72727656
2944434652,0.24300414,0.30130273,0.4556931
2944509949,0.18167806,0.14711526,0.67120665
2944577377,0.34764314,0.22305721,0.4292997
2944751187,0.0661507,0.83952975,0.0943196
2944992345,0.34623122,0.34758177,0.3061869
2945001916,0.2898058,0.37740737,0.33278692
2945036565,0.3800521,0.3127884,0.30715945
2945075411,0.223426,0.54350156,0.23307252
2945141922,0.122494355,0.7262215,0.15128411
2945186488,0.40173826,0.3137788,0.28448302
2945331702,0.1633451,0.55350864,0.28314623
2945622945,0.12668656,0.722581,0.15073237
2945650332,0.23289719,0.2191457,0.5479571
2945763328,0.27792123,0.38165292,0.3404259
2945984275,0.327795,0.39040166,0.28180337
2946070726,0.38690856,0.31934473,0.29374668
2946079128,0.08889431,0.80718803,0.103917666
2946125549,0.46919075,0.3083334,0.22247584
2946128358,0.3390158,0.3813485,0.27963573
2946191491,0.2714569,0.39991426,0.32862884
2946206006,0.27929756,0.21480829,0.5058941
2946215164,0.4416415,0.295762,0.26259646
2946257704,0.6935701,0.12773113,0.17869872
2946341659,0.12459373,0.74093264,0.13447358
2946349522,0.5027441,0.26502126,0.23223461
2946393466,0.35414365,0.35570997,0.29014638
2946646616,0.27920988,0.38205126,0.33873892
2946692891,0.17566344,0.6447863,0.1795502
2946766120,0.7913387,0.083775826,0.12488552
2946781324,0.23208225,0.4796352,0.2882825
2946793791,0.21526764,0.44757596,0.33715636
2946825047,0.46374556,0.26001987,0.27623457
2946826146,0.23673743,0.1922748,0.5709877
2946889824,0.28368783,0.28994396,0.42636818
2946925102,0.54413295,0.220872,0.2349951
2947009259,0.23132505,0.5308106,0.23786442
2947402370,0.37222326,0.29682994,0.3309467
2947434219,0.49169114,0.2697573,0.2385515
2947436246,0.46173152,0.29278633,0.24548218
2947440405,0.27619854,0.46861848,0.25518307
2947549128,0.41879907,0.29366168,0.28753927
2947625623,0.24422467,0.4589669,0.29680845
2947660630,0.68560106,0.14067508,0.17372385
2947803007,0.36350212,0.34170595,0.29479197
2947818417,0.28101498,0.26941234,0.4495727
2947865013,0.3069764,0.33914676,0.35387683
2947882474,0.6040883,0.15383749,0.24207419
2947905789,0.23794407,0.46055844,0.3014974
2947933558,0.47126213,0.31129053,0.21744731
2948010507,0.39522144,0.37022784,0.23455076
2948064286,0.37246528,0.34985837,0.2776763
2948211265,0.08974022,0.0911545,0.81910527
2948228493,0.38349646,0.29678026,0.31972325
2948359274,0.4059771,0.27880472,0.31521815
2948360176,0.536887,0.26900727,0.19410582
2948468163,0.21344702,0.33577526,0.45077765
2948550637,0.2639977,0.3425484,0.39345387
2948874754,0.3791665,0.36189198,0.25894144
2948955956,0.37185317,0.19981334,0.4283335
2948968175,0.4832182,0.2518379,0.26494387
2949188011,0.19491567,0.18905146,0.6160329
2949213487,0.349142,0.31625995,0.33459815
2949259844,0.6106543,0.19229652,0.1970492
2949319933,0.24143119,0.26727837,0.49129036
2949335800,0.34696794,0.34464607,0.30838597
2949364649,0.4783564,0.28712934,0.23451427
2949467866,0.30273542,0.39980942,0.29745504
2949624832,0.22336553,0.18876395,0.5878705
2949708251,0.30016875,0.45714426,0.24268705
2949888596,0.5449666,0.2385468,0.21648663
2949965298,0.340756,0.38135207,0.27789196
2949984206,0.21491142,0.5687002,0.21638839
2950043495,0.44121945,0.29865196,0.26012862
2950167986,0.116721384,0.7598107,0.12346792
2950173317,0.34160906,0.37891328,0.27947775
2950261130,0.26054928,0.44913983,0.2903109
2950308905,0.09456548,0.784694,0.12074058
2950325792,0.42462394,0.34968838,0.22568767
2950397721,0.23510166,0.4834091,0.28148916
2950424013,0.44791627,0.28646493,0.26561877
2950513819,0.36765724,0.29175422,0.3405885
2950723246,0.27763745,0.34528568,0.37707683
2950741121,0.20645054,0.444528,0.34902155
2950785935,0.37992984,0.37626967,0.24380049
2950799515,0.3364523,0.3499858,0.31356195
2950890683,0.29615325,0.3531978,0.3506489
2950980582,0.45229682,0.26214394,0.28555924
2951022135,0.24680534,0.19157964,0.56161505
2951036670,0.17625779,0.5374442,0.28629795
2951128766,0.22280525,0.20540754,0.57178724
2951274512,0.2744699,0.45729047,0.2682396
2951284577,0.47058263,0.28947866,0.23993869
2951430845,0.434264,0.24781212,0.31792387
2951536700,0.3362923,0.3430342,0.32067353
2951578692,0.42106035,0.3090411,0.2698985
2951592512,0.34879994,0.34855062,0.3026494
2951709096,0.12962756,0.7131973,0.15717515
2951760635,0.3356684,0.3647704,0.29956117
2951829189,0.2588749,0.42249927,0.31862584
2951957563,0.17494166,0.19589251,0.6291659
2952032084,0.09304355,0.79113287,0.11582359
2952394971,0.47936052,0.3003776,0.22026183
2952477813,0.33352074,0.39173198,0.27474734
2952492182,0.2596591,0.42953372,0.31080717
2952660816,0.28218153,0.33880603,0.37901238
2952661989,0.35903868,0.3699215,0.27103984
2952728698,0.3116822,0.3478756,0.3404422
2952897270,0.20973577,0.53920555,0.25105867
2953070634,0.7504764,0.10100177,0.14852174
2953114951,0.48388627,0.28033674,0.23577699
2953609327,0.21677369,0.5511996,0.23202677
2953617666,0.5638899,0.24101222,0.19509791
2953628172,0.27377006,0.35962203,0.36660784
2953635451,0.22524594,0.5413294,0.23342468
2953635865,0.34943578,0.3894527,0.2611115
2953670816,0.4423382,0.30116,0.25650167
2953785634,0.28315976,0.33967924,0.37716103
2953797724,0.23122433,0.4635885,0.30518726
2953946256,0.23971434,0.51268566,0.24760005
2954016475,0.0561416,0.8595998,0.0842586
2954038785,0.21690378,0.48911774,0.2939784
2954064081,0.21608557,0.20517023,0.5787441
2954075533,0.33911404,0.3990286,0.2618574
2954182817,0.34743658,0.39182192,0.26074156
2954226352,0.5614912,0.21411805,0.2243907
2954306426,0.10730468,0.09247002,0.80022526
2954364895,0.31863585,0.40096486,0.28039926
2954494446,0.30086553,0.41575596,0.28337845
2954559248,0.4255858,0.30633646,0.2680777
2954642336,0.6527521,0.17921129,0.16803658
2954684152,0.3048726,0.47278154,0.2223459
2954907291,0.13666902,0.7038735,0.15945749
2954935410,0.17145517,0.6629857,0.16555917
2954957845,0.24687178,0.33085042,0.42227775
2954958612,0.40463203,0.254699,0.340669
2955007980,0.13884223,0.67035484,0.1908029
2955021807,0.3128808,0.28717348,0.39994568
2955148023,0.3048355,0.289393,0.40577152
2955172002,0.15901507,0.6667182,0.17426679
2955174242,0.103649646,0.08134363,0.8150068
2955197139,0.077062845,0.8334676,0.08946959
2955220545,0.06780161,0.06638215,0.8658162
2955476947,0.15477575,0.14720112,0.6980232
2955499252,0.101087876,0.77844167,0.1204705
2955588436,0.2576726,0.25119507,0.49113226
2955763989,0.16225488,0.6445589,0.19318622
2955817593,0.2970466,0.392818,0.3101354
2955846041,0.28655902,0.38323563,0.3302054
2955867127,0.26251036,0.298807,0.4386826
2955953447,0.28663686,0.4607054,0.2526577
2955995250,0.22299844,0.3240992,0.45290232
2956065062,0.19221127,0.19505313,0.6127356
2956065829,0.18718567,0.20140211,0.6114123
2956215638,0.27666736,0.270879,0.45245367
2956407284,0.40894425,0.30662763,0.28442815
2956408965,0.35552323,0.3915258,0.25295097
2956456722,0.15005113,0.6738295,0.17611931
2956522805,0.34998578,0.3451358,0.3048784
2956811572,0.2693209,0.26957512,0.46110398
2956822091,0.41727072,0.32038593,0.26234332
2956880320,0.29697,0.3567909,0.34623918
2957037210,0.46845135,0.32611778,0.20543087
2957114524,0.2264283,0.48720646,0.28636524
2957134344,0.32603052,0.3754115,0.29855785
2957214393,0.2917027,0.37344384,0.33485347
2957348768,0.41638157,0.3191642,0.26445425
2957381608,0.31680706,0.4298335,0.2533595
2957574797,0.23207195,0.2453567,0.52257127
2957583249,0.5700484,0.1968107,0.23314089
2957689877,0.18224429,0.6045821,0.21317373
2957695237,0.20061366,0.5622672,0.23711915
2957754036,0.5518676,0.1990954,0.24903704
2957850230,0.38825244,0.32211956,0.28962797
2957909369,0.2862718,0.39268127,0.3210469
2957912840,0.2405039,0.5192141,0.24028194
2957949550,0.24858011,0.27722645,0.47419342
2958087857,0.25354224,0.5093949,0.23706295
2958247325,0.30701938,0.32030502,0.3726756
2958264117,0.3230156,0.3047329,0.37225148
2958514484,0.3346944,0.3132414,0.35206422
2958530874,0.4782218,0.29142392,0.2303543
2958611541,0.24048673,0.41000625,0.34950706
2958701522,0.59478766,0.1772909,0.22792146
2958754458,0.6706623,0.14671025,0.18262751
2958797656,0.4818498,0.27980515,0.23834503
2958820056,0.75360566,0.089076005,0.15731831
2959174902,0.39311883,0.29823643,0.30864474
2959268875,0.19764909,0.20801714,0.5943338
2959341412,0.27254874,0.3881092,0.3393421
2959390338,0.19120423,0.58968246,0.21911338
2959398924,0.3214695,0.35858497,0.31994557
2959437942,0.27358693,0.4112146,0.3151985
2959518771,0.33508852,0.33643448,0.32847705
2959539109,0.23182675,0.24901235,0.5191609
2959657315,0.15620105,0.6576902,0.18610872
2959805423,0.26602018,0.4010403,0.3329396
2959946116,0.3364075,0.3411888,0.32240376
2960058155,0.31074056,0.39422423,0.29503518
2960179933,0.31920353,0.35517684,0.3256197
2960209505,0.19256696,0.55584306,0.25158998
2960251247,0.11786981,0.7349002,0.14723001
2960273311,0.6367916,0.16959253,0.19361587
2960291138,0.32959923,0.38874072,0.2816601
2960389599,0.06807154,0.8298404,0.10208806
2960420869,0.28288212,0.33530644,0.38181147
2960632413,0.42392597,0.215827,0.36024705
2960749992,0.28224185,0.26970252,0.44805565
2960866929,0.20916969,0.28929138,0.5015389
2960962163,0.31695598,0.40187034,0.28117365
2961012682,0.10813089,0.09575172,0.7961174
2961097561,0.2617997,0.41836274,0.31983757
2961116484,0.17593275,0.6299339,0.19413336
2961162320,0.20581348,0.19308975,0.60109675
2961337156,0.17158738,0.6135722,0.21484041
2961364697,0.5431213,0.22700919,0.2298695
2961402376,0.38278705,0.32686475,0.2903482
2961512398,0.30935776,0.3870806,0.30356172
2961545446,0.62517446,0.18439291,0.19043265
2961566230,0.39343855,0.33831778,0.26824367
2961612694,0.14044133,0.70213646,0.15742226
2961970144,0.4198417,0.32009137,0.2600669
2962026952,0.20439303,0.20538832,0.5902186
2962028821,0.7243274,0.116428696,0.15924393
2962075607,0.3187937,0.3742246,0.3069817
2962106615,0.43211317,0.34342554,0.22446124
2962111714,0.16563584,0.65750396,0.17686017
2962317741,0.2172128,0.4718979,0.31088927
2962673754,0.26103845,0.36166564,0.3772959
2962748025,0.38222829,0.24311899,0.3746527
2962835750,0.1874266,0.49951857,0.31305483
2962950412,0.20827624,0.58857733,0.20314647
2962961478,0.34195182,0.38044062,0.2776075
2963174711,0.35843626,0.31720763,0.32435608
2963194190,0.575406,0.20298733,0.22160666
2963246339,0.79401815,0.08040286,0.12557897
2963409301,0.3294216,0.38408977,0.28648865
2963430035,0.17467977,0.588135,0.23718524
2963589269,0.46150497,0.25946403,0.27903095
2963625502,0.541843,0.2406471,0.21750991
2963683993,0.32555905,0.33732718,0.3371138
2963709907,0.8199902,0.08106898,0.09894088
2963735365,0.19527146,0.5650889,0.23963962
2963771219,0.3496273,0.3622808,0.28809193
2963873230,0.59878606,0.15298653,0.24822739
2963876834,0.36885864,0.34668356,0.2844578
2963898490,0.1990687,0.28764975,0.5132815
2963951776,0.42450932,0.2701528,0.30533797
2964073283,0.7008021,0.12326558,0.1759323
2964082947,0.29426226,0.22082202,0.4849157
2964092860,0.4869921,0.27750432,0.23550363
2964100883,0.09174722,0.08840965,0.81984305
2964221662,0.1690862,0.14777973,0.683134
2964239783,0.44077316,0.28275487,0.27647188
2964256716,0.15702625,0.13659759,0.70637614
2964416493,0.3303793,0.2407409,0.42887977
2964563985,0.3627307,0.36680278,0.27046648
2964569299,0.45922017,0.28019577,0.26058403
2964798308,0.3511621,0.303989,0.3448489
2964918283,0.3127592,0.2558744,0.43136644
2964940643,0.16158456,0.49560973,0.3428057
2964960933,0.2138488,0.488972,0.29717928
2965014126,0.24371015,0.47256792,0.28372186
2965474263,0.37958965,0.34226,0.27815032
2965635479,0.38946706,0.29625386,0.31427908
2965700193,0.59685355,0.16068262,0.24246381
2965791233,0.28140825,0.41044116,0.30815062
2965852517,0.50119084,0.20631029,0.29249883
2965893963,0.46765414,0.2474895,0.28485632
2966207841,0.31948054,0.38091904,0.29960045
2966377561,0.27070996,0.43706092,0.2922291
2966385524,0.56789464,0.2078471,0.22425824
2966401462,0.36330175,0.29496378,0.3417344
2966499573,0.45687497,0.28446102,0.25866404
2966505762,0.3166914,0.38582334,0.29748523
2966605899,0.38374323,0.31313536,0.30312142
2966613285,0.38411567,0.25077152,0.36511287
2966739115,0.18059781,0.30461773,0.51478446
2966770406,0.5375964,0.2574366,0.20496696
2966774248,0.24170698,0.44576874,0.31252438
2966799262,0.37017423,0.2760399,0.35378584
2966851524,0.2049918,0.55399853,0.24100962
2967014901,0.16668656,0.661275,0.17203845
2967041211,0.32251078,0.3669142,0.31057498
2967283686,0.34890538,0.3246289,0.3264657
2967308428,0.4084031,0.2890311,0.30256575
2967341732,0.3331222,0.3616934,0.3051843
2967397120,0.20443498,0.49418637,0.3013787
2967552194,0.67026687,0.147591,0.18214212
2967600249,0.4882427,0.21832307,0.29343426
2967622285,0.35351112,0.37283128,0.27365756
2967641933,0.29732352,0.37700376,0.3256727
2967728446,0.50421065,0.25582543,0.2399639
2967860851,0.061740983,0.8488902,0.08936882
2967861217,0.21138188,0.5773924,0.2112257
2967883707,0.4019588,0.34680444,0.25123677
2967920656,0.30268103,0.3958562,0.30146274
2968089195,0.31638533,0.36513662,0.31847808
2968146062,0.24472493,0.19594032,0.5593348
2968162472,0.3091243,0.28813976,0.40273604
2968206638,0.11899737,0.10875319,0.77224934
2968314620,0.5698075,0.19409817,0.23609428
2968393875,0.70734143,0.12840143,0.1642572
2968403084,0.46169207,0.23887435,0.2994336
2968479208,0.52367324,0.21114884,0.2651779
2968521638,0.3470206,0.30354843,0.349431
2968792081,0.35944358,0.3494949,0.29106152
2968799641,0.38695285,0.20613366,0.40691346
2968838327,0.62003744,0.17873007,0.2012325
2968845931,0.402712,0.32435167,0.2729364
2969078052,0.49265754,0.28913215,0.21821037
2969158309,0.26008278,0.2969888,0.4429284
2969168899,0.3315253,0.38419563,0.2842791
2969171973,0.23292449,0.23718712,0.52988833
2969376890,0.37401137,0.3657018,0.26028693
2969385999,0.22731818,0.22054541,0.55213636
2969388291,0.23855563,0.30430976,0.45713457
2969439210,0.25587124,0.35267264,0.39145616
2969455504,0.28344014,0.304076,0.41248393
2969494719,0.42765313,0.28015295,0.29219386
2969517293,0.6555567,0.13365431,0.21078898
2969547578,0.2891062,0.39825124,0.31264257
2969650118,0.203483,0.31074238,0.48577464
2969650158,0.25489905,0.3174225,0.42767844
2969697224,0.30193317,0.38111147,0.31695542
2969769267,0.5279581,0.20322672,0.26881516
2969780739,0.45086494,0.30080426,0.2483308
2969835689,0.2904715,0.39665765,0.31287083
2969960669,0.37988016,0.29018855,0.3299313
2970173251,0.18948056,0.49595848,0.31456092
2970193879,0.30827248,0.21524893,0.4764786
2970198583,0.40653586,0.31268385,0.28078026
2970276059,0.30873284,0.40157732,0.28968993
2970291413,0.45888326,0.25700557,0.2841112
2970319661,0.29066417,0.32942152,0.37991437
2970458348,0.31177425,0.34029207,0.34793368
2970746192,0.27067,0.29783893,0.4314911
2970754666,0.6103052,0.1761331,0.2135617
2970807200,0.3437927,0.3488584,0.30734897
2970861380,0.5117898,0.23054221,0.25766805
2971085788,0.6391793,0.18124673,0.179574
2971117787,0.09587616,0.09327965,0.8108442
2971134321,0.29663587,0.4060013,0.29736283
2971155441,0.19047675,0.17545965,0.6340636
2971157418,0.31741318,0.27786154,0.4047253
2971213181,0.3346993,0.35707146,0.3082292
2971247503,0.5082641,0.22240002,0.26933587
2971373243,0.18554081,0.561545,0.25291416
2971406735,0.32009813,0.32775423,0.35214767
2971446049,0.5058578,0.26906064,0.22508149
2971510035,0.09109053,0.7923693,0.11654015
2971524151,0.4511704,0.2626105,0.28621903
2971583183,0.48455796,0.2951804,0.22026166
2971608334,0.29375872,0.26278093,0.44346038
2971764308,0.08826546,0.80637765,0.10535692
2972129780,0.43223017,0.32134464,0.24642523
2972138709,0.21498764,0.45618182,0.3288305
2972197169,0.28184885,0.27257907,0.44557208
2972330297,0.29180798,0.33337536,0.37481666
2972402684,0.35530508,0.30344388,0.34125108
2972717938,0.62004244,0.18307239,0.19688518
2972747841,0.37250176,0.38018438,0.24731386
2972753617,0.16810836,0.6359276,0.19596408
2972779034,0.5168636,0.24036671,0.24276964
2972781156,0.43512493,0.32484806,0.2400271
2972783772,0.2930226,0.4134866,0.29349083
2972846835,0.5268344,0.22983426,0.24333125
2972927980,0.38717452,0.36147636,0.25134918
2972945353,0.39806828,0.30088186,0.30104992
2973159393,0.42489615,0.3002873,0.27481657
2973196262,0.49731553,0.26672664,0.2359578
2973218898,0.33298853,0.34386155,0.3231499
2973239905,0.38680103,0.31761715,0.29558182
2973345333,0.18399185,0.58289504,0.23311308
2973424128,0.44721788,0.2777936,0.27498853
2973621515,0.22112544,0.4622765,0.3165981
2973658658,0.27398586,0.34010583,0.38590837
2973693197,0.5300506,0.24561892,0.22433051
2973836195,0.48393285,0.2545925,0.26147467
2973874830,0.15457615,0.67742664,0.1679972
2974059007,0.24598432,0.24038295,0.5136328
2974064631,0.2694691,0.28484964,0.44568124
2974173897,0.46614897,0.28829393,0.2455571
2974223617,0.38442552,0.34412867,0.27144584
2974358037,0.34021032,0.3150997,0.34469002
2974388099,0.1913655,0.5368096,0.27182493
2974456972,0.16652603,0.4948529,0.33862102
2974467823,0.34119973,0.38423315,0.27456713
2974560835,0.32867885,0.28658965,0.38473153
2974575967,0.41980952,0.3219374,0.25825307
2974583708,0.114771,0.10560417,0.7796248
2974661002,0.39514086,0.30993038,0.29492873
2974770254,0.3310218,0.345492,0.32348627
2974799674,0.4742677,0.25487375,0.2708586
2974926320,0.44641212,0.26053587,0.293052
2974937881,0.6072637,0.1973247,0.1954117
2975084799,0.2616502,0.4016888,0.336661
2975110993,0.34741312,0.3307947,0.3217922
2975152416,0.5140678,0.22497648,0.26095572
2975228955,0.700704,0.123657115,0.17563888
2975277086,0.26502705,0.38090935,0.35406363
2975298701,0.6208752,0.1757099,0.20341493
2975446705,0.56513244,0.18966247,0.24520512
2975532518,0.41333777,0.33566183,0.25100046
2975741906,0.22627476,0.31069228,0.4630329
2975752322,0.18969414,0.59910077,0.2112051
2975880318,0.4511324,0.2579238,0.29094386
2975963388,0.68562156,0.13321148,0.18116692
2976107523,0.5850652,0.2259916,0.18894319
2976293019,0.38002828,0.30250987,0.31746188
2976977441,0.16564953,0.16279759,0.6715529
2977039334,0.24965045,0.4575022,0.29284742
2977296794,0.46979612,0.2839012,0.24630262
2977300130,0.4024411,0.3532482,0.24431066
2977335107,0.26380298,0.32188803,0.4143089
2977337098,0.29914623,0.4596987,0.24115497
2977426181,0.2971308,0.3247735,0.37809572
2977488638,0.7652381,0.08410231,0.15065958
2977524550,0.29702586,0.2818822,0.42109194
2977571178,0.61672795,0.17762914,0.2056429
2977594361,0.27505335,0.343756,0.3811907
2977717590,0.26806414,0.28232014,0.44961572
2977767236,0.3209729,0.29463443,0.3843927
2977800229,0.5960743,0.19488792,0.20903775
2977858381,0.46554646,0.29907283,0.23538075
2977984584,0.32895187,0.37020916,0.3008389
2978010923,0.10076873,0.098757654,0.80047363
2978025582,0.22799963,0.46711197,0.30488843
2978098077,0.37108475,0.32662174,0.3022935
2978156796,0.51450765,0.22995152,0.2555409
2978340000,0.34114385,0.3283939,0.3304622
2978424442,0.12910776,0.11358369,0.75730854
2978440603,0.4194188,0.28409386,0.29648727
2978501017,0.3423693,0.3359939,0.32163683
2978542046,0.36425278,0.35668147,0.2790658
2978577876,0.19530989,0.5223862,0.28230393
2978808448,0.48433468,0.28060544,0.23505983
2978884823,0.38900694,0.30489066,0.30610242
2979014956,0.34448004,0.38759002,0.26792994
2979055456,0.29539895,0.37535408,0.329247
2979130087,0.26246625,0.33385026,0.4036835
2979225800,0.23816074,0.37805945,0.3837798
2979304209,0.38054964,0.30053473,0.31891567
2979385172,0.3452853,0.330467,0.32424775
2979393263,0.23211133,0.50351906,0.26436964
2979396627,0.4503375,0.2478612,0.3018012
2979463809,0.1531625,0.16557486,0.6812627
2979499817,0.21118063,0.57360655,0.21521287
2979508122,0.2987407,0.39873308,0.30252618
2979547332,0.32082477,0.4047898,0.27438548
2979559424,0.65085053,0.15136304,0.1977864
2979577167,0.26439837,0.33713013,0.39847156
2979584770,0.19284795,0.20690086,0.60025114
2979732971,0.23777236,0.43426713,0.32796046
2979751183,0.4281647,0.28996068,0.28187454
2979854448,0.2776219,0.25310874,0.4692694
2979918859,0.32422057,0.3439182,0.33186117
2979964428,0.25311282,0.44636846,0.30051863
2980014630,0.42516264,0.34834385,0.22649352
2980224086,0.33033165,0.41636726,0.25330114
2980278926,0.3797938,0.29260302,0.3276032
2980296621,0.13756272,0.70399696,0.15844029
2980434387,0.37426627,0.28540438,0.34032938
2980452396,0.4103369,0.27685928,0.31280375
2980456082,0.17189622,0.17172144,0.6563824
2980486316,0.35266173,0.40287042,0.24446785
2980508547,0.5485172,0.21570605,0.23577671
2980595916,0.22770081,0.47359028,0.29870883
2980643862,0.19847798,0.5611394,0.24038261
2980651113,0.27907836,0.40885144,0.31207013
2980686279,0.39399916,0.24736728,0.35863355
2980704397,0.33090577,0.34126937,0.3278249
2980726796,0.13064636,0.14573902,0.72361463
2980756377,0.30064574,0.33655065,0.36280358
2980769410,0.18676424,0.18898939,0.6242464
2980854341,0.23150116,0.39992523,0.36857355
2980890951,0.33447683,0.30721936,0.3583038
2980993870,0.53450817,0.23960891,0.2258829
2981131733,0.4204364,0.29318357,0.28637993
2981174144,0.35976613,0.3072695,0.3329643
2981218310,0.14165078,0.14135717,0.716992
2981249951,0.7723565,0.08363752,0.14400598
2981289597,0.12644176,0.7139627,0.15959555
2981337188,0.4696971,0.30043185,0.229871
2981401983,0.24730965,0.39448297,0.35820743
2981413266,0.41653425,0.30066502,0.2828008
2981599344,0.28334826,0.44762552,0.26902625
2981608270,0.6109256,0.16646194,0.22261241
2981791891,0.24042954,0.46298578,0.2965847
2981817780,0.41466433,0.301214,0.28412163
2981923310,0.48190418,0.24194369,0.27615207
2981923996,0.41928303,0.3134215,0.2672955
2982021968,0.5137526,0.19712307,0.28912434
2982038531,0.27632028,0.3886506,0.33502918
2982040661,0.3646712,0.33396697,0.30136183
2982049823,0.36553538,0.29662997,0.33783463
2982121620,0.34285557,0.29757175,0.35957268
2982125671,0.38914737,0.3350458,0.2758068
2982126224,0.37829965,0.33530393,0.2863964
2982154379,0.40926996,0.33796716,0.25276285
2982185722,0.51929694,0.1524538,0.32824928
2982197636,0.25443056,0.19767858,0.54789084
2982224558,0.32110226,0.42115715,0.25774056
2982277105,0.34875438,0.35078973,0.3004559
2982319202,0.20278382,0.52469355,0.27252263
2982368972,0.38989267,0.3717546,0.23835278
2982504563,0.27200976,0.28692693,0.44106337
2982573926,0.39212865,0.30941486,0.29845652
2982631321,0.34224874,0.32262486,0.3351264
2982772546,0.32632542,0.353547,0.32012752
2982865225,0.48323596,0.24997512,0.26678887
2982937676,0.2949567,0.34431198,0.3607313
2983020268,0.4587586,0.2918905,0.24935097
2983074876,0.4359754,0.30759573,0.25642896
2983076417,0.4247534,0.2576492,0.31759733
2983105209,0.31238186,0.42346042,0.26415774
2983257051,0.60802656,0.19694716,0.19502623
2983265305,0.41119292,0.1727085,0.41609862
2983306332,0.37095964,0.23975898,0.38928142
2983344306,0.27537367,0.29331657,0.43130976
2983470651,0.15495656,0.15105727,0.6939861
2983474940,0.36580405,0.3605207,0.27367532
2983579427,0.3321357,0.37363118,0.29423317
2983594452,0.20221499,0.18942513,0.6083598
2983607533,0.34711808,0.2619771,0.39090475
2983704495,0.20132907,0.49340144,0.30526942
2983821079,0.35299742,0.3202751,0.3267275
2983910271,0.34738153,0.31230086,0.34031758
2983984629,0.23689075,0.34564063,0.41746858
2984095050,0.3719059,0.19915482,0.4289393
2984121189,0.37664887,0.27532607,0.34802502
2984255407,0.404915,0.32511142,0.2699736
2984325781,0.735163,0.08483684,0.18000017
2984481870,0.14285833,0.6781121,0.1790296
2984496528,0.7487933,0.10504512,0.14616162
2984502857,0.33600765,0.26037288,0.4036194
2984765341,0.33823073,0.3839158,0.27785352
2984784922,0.22674543,0.2632596,0.5099949
2985031309,0.4546321,0.24990751,0.2954604
2985117741,0.39034554,0.39426923,0.2153851
2985119588,0.30152062,0.3037434,0.39473602
2985141475,0.37476686,0.30334297,0.3218902
2985158509,0.19189599,0.3433013,0.4648027
2985205569,0.36543363,0.2442651,0.3903013
2985224569,0.27819148,0.4487413,0.27306727
2985393124,0.27399987,0.36097473,0.36502534
2985492429,0.31248915,0.32704696,0.36046386
2985717658,0.6180738,0.17440748,0.20751862
2985779709,0.16670595,0.5575148,0.27577922
2985825554,0.34130266,0.2815034,0.37719393
2985872013,0.3301055,0.35778028,0.3121142
2985896255,0.30534768,0.34439218,0.35026014
2985965233,0.31049958,0.3902223,0.29927814
2985978683,0.36850002,0.33936352,0.2921365
2985979732,0.5864219,0.19089338,0.22268474
2986026561,0.7360871,0.10525221,0.1586607
2986059033,0.22966002,0.25508168,0.5152583
2986360546,0.39941058,0.24880232,0.3517871
2986364651,0.19110896,0.57833403,0.23055698
2986558050,0.18598601,0.5098889,0.30412516
2986581090,0.3892715,0.29275236,0.3179761
2986616336,0.43079597,0.27072972,0.29847434
2986756798,0.3808151,0.38114437,0.2380406
2986782612,0.110148646,0.7252175,0.1646338
2986845684,0.3372537,0.31333485,0.34941143
2986938727,0.30572754,0.34846038,0.34581214
2986992542,0.41883144,0.3070568,0.27411184
2987089864,0.16472286,0.64134836,0.19392881
2987383809,0.23405594,0.40236676,0.3635773
2987387384,0.19564672,0.19699235,0.60736096
2987548795,0.33705205,0.3470721,0.3158759
2987564556,0.36116073,0.32848403,0.3103553
2987630192,0.36327547,0.30208296,0.3346416
2987749109,0.47639862,0.30064148,0.22295989
2987849252,0.34423643,0.37548003,0.28028357
2987974751,0.0790284,0.8124696,0.10850202
2988508274,0.2540692,0.29543808,0.45049268
2988533787,0.2642759,0.3824519,0.3532722
2988567993,0.50684583,0.23417649,0.25897768
2988580438,0.33038566,0.3822418,0.28737256
2988680031,0.36494878,0.26844504,0.36660618
2988821944,0.2540233,0.22422263,0.5217541
2988870727,0.21593465,0.28650695,0.49755841
2988900727,0.57075274,0.2007469,0.22850034
2988918851,0.3544121,0.35571098,0.28987694
2988928566,0.26729804,0.29725796,0.43544394
2988930249,0.1511906,0.67338765,0.17542182
2989122566,0.6232494,0.18530968,0.19144085
2989207811,0.40463832,0.26017064,0.335191
2989448739,0.28820932,0.35363215,0.3581585
2989552069,0.2523398,0.27855533,0.46910492
2989558776,0.2969936,0.32383242,0.379174
2989795435,0.35767505,0.3342659,0.30805904
2989803821,0.30800822,0.34832895,0.34366286
2989914746,0.29398745,0.35433814,0.3516744
2990122243,0.29627466,0.427621,0.27610436
2990154073,0.26629132,0.41951975,0.31418893
2990165858,0.45902127,0.29424328,0.24673551
2990176255,0.3130424,0.30973312,0.37722448
2990272224,0.22632164,0.29270577,0.48097268
2990306620,0.414315,0.3364194,0.24926564
2990423822,0.36386332,0.3481629,0.28797385
2990605336,0.39738086,0.33303025,0.2695889
2990761195,0.49329177,0.26416558,0.2425426
2990768440,0.09718958,0.79457116,0.10823925
2990785786,0.39015615,0.29308125,0.31676254
2990823923,0.46154204,0.3082439,0.23021398
2990848240,0.41636038,0.31820706,0.2654326
2990848982,0.24326424,0.20698345,0.5497523
2991031240,0.32002044,0.31942198,0.36055762
2991074177,0.47503397,0.29998264,0.22498338
2991102583,0.07951991,0.81200653,0.10847359
2991309983,0.2494587,0.21924171,0.53129965
2991366599,0.17645045,0.60285026,0.22069943
2991426422,0.34882262,0.34186584,0.30931157
2991523857,0.6143929,0.17328414,0.21232294
2991542364,0.75544417,0.10908242,0.13547336
2991690994,0.36130863,0.3637748,0.27491656
2992138301,0.35850278,0.26443562,0.3770616
2992143926,0.3910202,0.25813153,0.35084832
2992269125,0.4890146,0.25901178,0.25197363
2992292911,0.3165815,0.2339273,0.4494912
2992293532,0.4448659,0.26689047,0.28824356
2992301822,0.32240143,0.34701282,0.33058578
2992307760,0.21738726,0.37543488,0.4071778
2992458032,0.2691571,0.31831372,0.4125292
2992560121,0.34588113,0.37886342,0.27525544
2992659931,0.15535031,0.15931681,0.68533295
2992737410,0.13694768,0.14235161,0.7207007
2993171835,0.46043247,0.24367315,0.29589447
2993297850,0.255549,0.24131833,0.50313264
2993334010,0.30942607,0.37536666,0.31520724
2993437483,0.24907525,0.39860904,0.35231572
2993451087,0.25274268,0.43264028,0.31461704
2993465606,0.31430933,0.34093332,0.3447574
2993562776,0.5741622,0.2044563,0.2213816
2993629400,0.3478097,0.32897204,0.32321826
2993686823,0.30574936,0.4066131,0.28763756
2993773233,0.31000108,0.2909242,0.39907476
2993841982,0.6942579,0.13603881,0.16970333
2993895695,0.3918471,0.3652304,0.24292246
2993923680,0.15291975,0.6698151,0.17726505
2993926501,0.31115547,0.34736735,0.3414772
2994032790,0.30115157,0.27719525,0.4216531
2994044375,0.15270777,0.67521936,0.17207281
2994079696,0.38444707,0.31367958,0.30187336
2994133796,0.53655636,0.18796957,0.27547413
2994460697,0.4287056,0.29196185,0.27933246
2994560433,0.595298,0.18671241,0.21798964
2994570959,0.2362442,0.4600726,0.30368316
2994635721,0.6476113,0.13846509,0.21392351
2994695380,0.2368133,0.2234863,0.53970045
2994747648,0.36989933,0.29216403,0.33793667
2994757508,0.32827264,0.409572,0.26215538
2994821494,0.6469182,0.17692153,0.17616026
2994824401,0.25673214,0.40045017,0.34281766
2994832745,0.66237,0.16376388,0.17386606
2995009732,0.39728338,0.35306838,0.24964832
2995048986,0.48134598,0.29877678,0.2198772
2995198009,0.3367269,0.38696742,0.27630562
2995326675,0.22941655,0.50558215,0.26500133
2995328031,0.3531604,0.27178332,0.37505618
2995350053,0.26811576,0.5038477,0.22803648
2995564529,0.29815248,0.26292208,0.43892545
2995634363,0.31953263,0.2520175,0.42844987
2995765289,0.24043989,0.22477017,0.5347899
2995795537,0.37372956,0.3084411,0.31782934
2995850263,0.23201314,0.4306445,0.33734235
2995877729,0.592455,0.20507436,0.2024706
2995899749,0.3964178,0.36286798,0.24071418
2995950761,0.6311056,0.17439339,0.19450094
2996125226,0.5684105,0.23368396,0.19790559
2996189229,0.21905027,0.20708637,0.5738634
2996205307,0.29541183,0.30939704,0.3951912
2996257587,0.38857272,0.30474618,0.30668113
2996414310,0.11903866,0.7523257,0.1286356
2996586417,0.37664434,0.3892484,0.23410724
2996687371,0.3791229,0.37505886,0.24581821
2996749502,0.19845036,0.56409484,0.23745479
2997002337,0.27757412,0.4448622,0.27756366
2997290976,0.23397745,0.54716945,0.21885306
2997333749,0.6126534,0.17025642,0.21709017
2997395718,0.337012,0.34275886,0.32022914
2997785061,0.34420598,0.306953,0.34884095
2997898590,0.4647321,0.30010062,0.2351672
2997976185,0.43634352,0.2798494,0.28380713
2997981780,0.68036616,0.12949808,0.1901357
2998309558,0.3413838,0.35132954,0.30728662
2998321577,0.54063845,0.24885578,0.21050577
2998326543,0.24049768,0.281558,0.47794425
2998327976,0.33991924,0.3319873,0.32809347
2998410881,0.20867385,0.4743104,0.3170157
2998485498,0.2822422,0.4330003,0.28475752
2998583817,0.21698505,0.38187772,0.40113726
2998730144,0.2339862,0.5441273,0.22188647
2998781680,0.32852605,0.36480853,0.3066654
2998852371,0.2760995,0.2814648,0.44243574
2998884865,0.35217237,0.31540716,0.3324204
2998939857,0.30893543,0.34295794,0.34810656
2999060009,0.26929328,0.316123,0.41458374
2999091578,0.36755854,0.36565787,0.26678357
2999099378,0.19339812,0.46572453,0.34087738
2999114091,0.14030741,0.6768225,0.1828701
2999135845,0.26686212,0.4345866,0.29855123
2999176906,0.4827787,0.28865135,0.22857001
2999228297,0.16993284,0.15671968,0.6733475
2999270358,0.34863722,0.3334784,0.31788433
2999294809,0.48003122,0.26048195,0.25948685
2999309466,0.19724053,0.18506931,0.61769015
2999326721,0.48550388,0.29428872,0.22020747
2999369234,0.30924827,0.33196634,0.3587854
2999384364,0.26092345,0.3951816,0.343895
2999433879,0.11975468,0.11020736,0.7700379
2999435300,0.5504687,0.24060115,0.2089302
2999481914,0.30126894,0.33589584,0.36283523
2999496681,0.44076836,0.33214772,0.22708397
2999505291,0.23141201,0.2076245,0.56096345
2999516291,0.13768472,0.71867687,0.14363836
2999604001,0.2883205,0.3597674,0.35191208
2999646223,0.2591172,0.39391118,0.3469717
2999650646,0.21774569,0.21891642,0.56333786
2999688177,0.39021704,0.26842695,0.34135598
2999930181,0.09677135,0.77506673,0.12816189
3000370945,0.10458912,0.09590636,0.7995046
3000387505,0.42385215,0.3304494,0.24569845
3000403797,0.21156219,0.5352515,0.25318637
3000543453,0.41598088,0.3222336,0.26178554
3000734251,0.3375333,0.320485,0.34198174
3000745489,0.52458745,0.24164239,0.2337702
3000747240,0.35025373,0.27999553,0.36975077
3000766008,0.31587476,0.30929977,0.37482545
3000876028,0.33884877,0.31899673,0.3421545
3000916335,0.4776369,0.24267082,0.2796923
3001090178,0.29663306,0.3538604,0.3495065
3001103376,0.30619198,0.40788978,0.28591827
3001216107,0.3595869,0.3552583,0.28515482
3001372484,0.33344012,0.375746,0.2908139
3001458773,0.2788483,0.32991347,0.39123824
3001585404,0.3725247,0.32831773,0.29915762
3001622192,0.1145099,0.74303854,0.1424515
3001632276,0.22857022,0.20723592,0.56419384
3001778505,0.2529992,0.2919893,0.45501158
3001894318,0.36040217,0.3128494,0.32674837
3001910802,0.3324951,0.36173484,0.30577007
3001914254,0.1971855,0.58016646,0.22264808
3002032318,0.46255118,0.2968592,0.24058971
3002138532,0.2642169,0.40579495,0.32998818
3002189508,0.24931541,0.44071546,0.3099692
3002393542,0.28065506,0.24793512,0.47140983
3002465877,0.22443783,0.5060404,0.26952177
3002479813,0.31432393,0.3725803,0.31309578
3002540876,0.47417745,0.23770589,0.28811663
3002554819,0.19094124,0.57925034,0.22980843
3002559220,0.49682072,0.2668977,0.23628159
3002677011,0.18464655,0.57086486,0.24448857
3002726122,0.34730455,0.272487,0.3802084
3002858022,0.18270548,0.5820624,0.2352321
3002880025,0.22464909,0.43422586,0.34112498
3002945215,0.11462335,0.7663791,0.11899758
3003109402,0.47721362,0.29101425,0.23177207
3003201296,0.33421347,0.3588059,0.30698064
3003291429,0.39937225,0.27838972,0.322238
3003332514,0.3502564,0.40062866,0.249115
3003383155,0.3347646,0.32818425,0.33705115
3003434290,0.19967942,0.21145461,0.588866
3003503007,0.2743884,0.3908499,0.3347618
3003543621,0.3036015,0.32705048,0.369348
3003648123,0.2302168,0.20082235,0.5689608
3003693313,0.6371319,0.16579197,0.19707607
3003704683,0.3450394,0.39908266,0.25587797
3003970943,0.39573047,0.270956,0.33331352
3004006420,0.1927419,0.59995806,0.2073001
3004070609,0.21968794,0.48542207,0.29488996
3004074592,0.2761528,0.38317257,0.3406746
3004209128,0.31835586,0.39381912,0.28782502
3004238712,0.07369,0.8271266,0.099183425
3004423511,0.3754167,0.32111377,0.3034695
3004466845,0.4152162,0.24049455,0.34428924
3004530656,0.10400319,0.096830726,0.79916614
3004713202,0.257929,0.41450056,0.3275705
3004716829,0.30738792,0.3030366,0.3895756
3004739653,0.35803047,0.34836397,0.29360557
3004769244,0.43320635,0.32354853,0.24324511
3004922873,0.42425546,0.3183543,0.25739017
3004937970,0.44021907,0.31774667,0.24203424
3005129377,0.5021988,0.22108316,0.27671805
3005224192,0.5647284,0.23025283,0.20501879
3005232086,0.2986574,0.37720394,0.32413867
3005282001,0.53672284,0.24858712,0.21469003
3005376503,0.24419709,0.2480893,0.5077136
3005495848,0.31287795,0.33201727,0.35510477
3005512817,0.34210104,0.34185132,0.3160477
3005521570,0.31044516,0.41938034,0.27017456
3005666068,0.5621911,0.19689251,0.24091639
3005689511,0.22505721,0.5263083,0.24863443
3005982573,0.19833833,0.4408475,0.36081427
3006067199,0.2329613,0.25654805,0.5104907
3006195736,0.25864726,0.42602476,0.31532797
3006230437,0.31693703,0.4208817,0.2621812
3006250490,0.78368914,0.09113961,0.12517123
3006295021,0.2422771,0.24286944,0.5148534
3006319171,0.107285984,0.09932995,0.7933841
3006325202,0.4530404,0.2785414,0.26841822
3006361630,0.29575065,0.3472342,0.3570152
3006403073,0.44001523,0.31882355,0.24116123
3006554749,0.28551808,0.24784265,0.46663928
3006584754,0.39829323,0.33077902,0.2709278
3006615672,0.40580633,0.34975305,0.24444063
3006674031,0.32876948,0.34933314,0.32189742
3006817672,0.4044502,0.32163516,0.27391458
3007000161,0.23579141,0.17360456,0.59060407
3007049811,0.5354756,0.24943174,0.21509263
3007156924,0.5927802,0.20540464,0.2018152
3007167700,0.26943374,0.46159768,0.26896864
3007174393,0.3921712,0.3838677,0.22396114
3007193843,0.31553522,0.3029106,0.38155413
3007277850,0.22621016,0.48137984,0.2924099
3007316153,0.36258873,0.319027,0.3183843
3007376645,0.29521176,0.34732252,0.3574657
3007466196,0.35389796,0.37972426,0.26637778
3007491774,0.3986427,0.35214427,0.24921297
3007607223,0.12895924,0.73084795,0.14019278
3007631604,0.28814036,0.40242743,0.3094322
3007640322,0.56780285,0.21299586,0.2192013
3007668382,0.11715625,0.7304845,0.15235922
3007672399,0.53552145,0.1957025,0.26877603
3007889164,0.52551633,0.25813255,0.21635115
3007918264,0.18734176,0.59839463,0.21426363
3007921948,0.14306642,0.6937091,0.16322458
3007938444,0.36767063,0.29756883,0.33476052
3007987509,0.18009019,0.60719913,0.21271066
3008002975,0.3908205,0.33278814,0.27639133
3008080992,0.39603513,0.28200436,0.32196048
3008111640,0.38565615,0.23330763,0.38103625
3008115403,0.24125776,0.47016838,0.2885739
3008181081,0.3147933,0.3337575,0.35144916
3008259768,0.28708348,0.42913425,0.28378227
3008360810,0.34403962,0.28786266,0.3680977
3008373534,0.22010033,0.55294454,0.2269551
3008501287,0.2558727,0.50294656,0.24118079
3008628912,0.27952868,0.26373854,0.45673278
3008741359,0.6680378,0.13099647,0.2009657
3008754185,0.27526784,0.30286083,0.42187133
3008840934,0.12999631,0.7363602,0.13364355
3008986891,0.37922353,0.25863966,0.3621368
3009074265,0.25752488,0.44086727,0.3016079
3009132491,0.11210807,0.75108194,0.13680999
3009172714,0.2623489,0.42618993,0.31146115
3009244751,0.29413205,0.26537496,0.44049293
3009286862,0.49511075,0.24790163,0.25698763
3009324052,0.32453212,0.3438334,0.3316345
3009431214,0.4882963,0.20358527,0.3081185
3009555017,0.10671791,0.124283396,0.76899874
3009604910,0.38642034,0.31792998,0.2956497
3010132903,0.5108673,0.253806,0.2353267
3010141692,0.5179292,0.2231109,0.25895986
3010294398,0.0888102,0.8043501,0.10683971
3010342754,0.39981133,0.30258635,0.29760236
3010357040,0.15687916,0.14071223,0.7024087
3010631909,0.5819288,0.18126301,0.23680817
3010691397,0.29353034,0.31030267,0.39616695
3010868694,0.27679607,0.28959507,0.4336089
3010884777,0.2153545,0.4870528,0.29759264
3010902618,0.20685299,0.52919805,0.26394907
3010932800,0.3227249,0.37467223,0.30260283
3011000128,0.23781277,0.20717405,0.55501324
3011004760,0.32269555,0.34532452,0.33197984
3011110634,0.3959156,0.29900914,0.30507526
3011118471,0.36071375,0.23944232,0.39984393
3011201986,0.4446165,0.3081451,0.24723841
3011260430,0.64169383,0.16446242,0.19384375
3011292378,0.7431253,0.1250997,0.13177499
3011325230,0.1669451,0.53864676,0.29440805
3011363213,0.35862824,0.31180608,0.32956567
3011458776,0.29937238,0.2724842,0.4281434
3011532110,0.3141317,0.35882145,0.32704684
3011599421,0.64128536,0.1889966,0.16971807
3011703768,0.07418322,0.8133331,0.11248364
3011705533,0.26198506,0.4619881,0.27602676
3011718015,0.42910513,0.30471143,0.26618347
3011811889,0.4152392,0.29016244,0.29459828
3011882725,0.3339508,0.36773592,0.29831332
3011907901,0.2644326,0.3747837,0.36078373
3011922901,0.20276877,0.18525077,0.61198044
3011970269,0.6074064,0.19570851,0.19688511
3012093693,0.30873153,0.36501014,0.32625836
3012104353,0.2868086,0.35337588,0.35981545
3012132262,0.6174054,0.19417536,0.18841918
3012172789,0.19990587,0.19425052,0.60584366
3012201214,0.21748635,0.17343016,0.60908353
3012251205,0.23982249,0.4855528,0.27462476
3012339666,0.30574596,0.3386242,0.3556298
3012471770,0.29152682,0.3594326,0.3490405
3012486678,0.3887287,0.27303216,0.3382391
3012503584,0.4230187,0.3245447,0.2524366
3012670085,0.32439244,0.39786735,0.27774027
3012685079,0.18682767,0.17490144,0.63827085
3012730735,0.5376179,0.2345766,0.22780551
3012738730,0.29757804,0.4188714,0.28355056
3012885679,0.43060046,0.28796494,0.2814346
3012892781,0.611699,0.18265542,0.20564562
3012948378,0.42578277,0.30446208,0.26975513
3013018418,0.23030268,0.3412999,0.4283974
3013055170,0.43239427,0.29922912,0.26837668
3013074383,0.24930999,0.27145988,0.47923017
3013203305,0.55125976,0.21001148,0.23872879
3013282620,0.24188764,0.24614576,0.51196665
3013495976,0.22347867,0.39263567,0.3838856
3013518275,0.49499196,0.27121288,0.23379518
3013626788,0.2702767,0.2771634,0.45255992
3013642833,0.3659061,0.38110322,0.25299075
3013761720,0.40857875,0.2945588,0.2968625
3013799287,0.44313923,0.29054093,0.2663198
3013893052,0.0961972,0.09485906,0.8089438
3013967628,0.30387872,0.3462007,0.3499206
3014128026,0.39976153,0.30631933,0.29391912
3014154665,0.19945446,0.21249089,0.58805466
3014283775,0.32649586,0.3648403,0.3086638
3014305180,0.72584605,0.11611882,0.15803511
3014464287,0.34282973,0.36475495,0.29241532
3014540523,0.2942352,0.44160852,0.26415625
3014635804,0.25557464,0.46005425,0.2843711
3015020750,0.21097186,0.20960096,0.5794272
3015023370,0.58360535,0.20740683,0.20898776
3015107235,0.35199097,0.33852872,0.30948037
3015213778,0.7766767,0.077056415,0.14626682
3015233766,0.26264188,0.4558183,0.2815399
3015451506,0.43719098,0.30566654,0.25714248
3015529708,0.34125245,0.3887846,0.269963
3015548186,0.26902238,0.33177218,0.39920545
3015566685,0.35270378,0.36303237,0.28426382
3015616195,0.32215166,0.36290547,0.3149429
3015700112,0.61491853,0.19110586,0.1939756
3015703970,0.34637955,0.31423232,0.3393881
3015749443,0.63020015,0.1837162,0.18608372
3015782275,0.23727249,0.44377637,0.31895116
3015805925,0.28279123,0.24271953,0.47448927
3016037244,0.57471085,0.21560805,0.20968114
3016129693,0.30917028,0.3045879,0.38624188
3016181228,0.24429935,0.19676428,0.5589363
3016221458,0.15711845,0.67154163,0.17133985
3016335986,0.59664965,0.19215998,0.21119042
3016363611,0.569295,0.21105988,0.21964525
3016597061,0.307116,0.32460958,0.3682744
3016638213,0.6081675,0.18525577,0.2065767
3016899035,0.36703563,0.3519687,0.28099576
3016910051,0.2721485,0.44265178,0.28519973
3016971713,0.28413525,0.3948989,0.32096592
3016974646,0.2116458,0.16303052,0.62532365
3017021928,0.2659759,0.3150808,0.41894335
3017098561,0.1519159,0.62642473,0.2216594
3017280402,0.39341348,0.33485752,0.27172893
3017374664,0.33392918,0.340285,0.32578576
3017405697,0.30113944,0.36494306,0.33391756
3017436549,0.1448963,0.6541656,0.20093803
3017454654,0.12917182,0.7214455,0.1493827
3017543123,0.72904557,0.12391434,0.14704008
3017580766,0.25030372,0.48995468,0.25974154
3017697245,0.3525092,0.34635296,0.30113775
3017697505,0.23096243,0.4753858,0.29365176
3017934990,0.53846073,0.24442892,0.21711032
3018043984,0.25370938,0.518458,0.22783251
3018067823,0.29635176,0.3116108,0.39203748
3018076629,0.45826358,0.26949477,0.27224165
3018133515,0.44185862,0.29137453,0.2667669
3018276609,0.392259,0.31731084,0.29043013
3018358452,0.43823773,0.29932567,0.26243663
3018364218,0.31442678,0.30612433,0.3794489
3018421348,0.30735263,0.3492477,0.34339976
3018455653,0.3547573,0.37194097,0.27330172
3018499169,0.28193638,0.30664462,0.411419
3018591812,0.21621026,0.5247791,0.25901064
3018613724,0.4820522,0.16986294,0.34808484
3018759698,0.24809302,0.4136494,0.33825764
3018770545,0.3122348,0.35163903,0.33612615
3018866390,0.24972415,0.33224973,0.4180261
3018904554,0.2708781,0.35801333,0.37110865
3019003853,0.3645651,0.34299457,0.29244035
3019061536,0.105703175,0.7589863,0.13531049
3019089295,0.25935435,0.42934087,0.3113048
3019304045,0.46133542,0.2463258,0.29233876
3019390663,0.36803195,0.34060836,0.29135972
3019403328,0.40551966,0.32342517,0.2710552
3019519726,0.15044966,0.14293401,0.7066163
3019649548,0.20683025,0.5010236,0.29214618
3019778790,0.26480824,0.26110977,0.474082
3019787220,0.56069136,0.21281631,0.22649224
3019845821,0.36535907,0.3343082,0.30033264
3019955026,0.3569397,0.27911183,0.36394846
3019981137,0.32591853,0.31049043,0.36359107
3019982920,0.3702821,0.32566229,0.30405563
3020017939,0.23618738,0.24134116,0.5224715
3020036095,0.459091,0.31513184,0.22577718
3020180338,0.2682457,0.3731737,0.3585806
3020274205,0.37218255,0.3672459,0.26057154
3020369113,0.3048476,0.30191314,0.3932392
3020470354,0.35308662,0.34542745,0.30148593
3020482537,0.3162705,0.388467,0.29526252
3020654458,0.19693647,0.5428043,0.2602593
3020723344,0.11894873,0.73063976,0.1504115
3020749968,0.30176547,0.33308166,0.3651529
3020790194,0.4409435,0.27280894,0.28624758
3020874469,0.19312829,0.17446001,0.6324117
3020987545,0.11607161,0.11739954,0.76652884
3020995406,0.57672584,0.23369265,0.1895815
3021187538,0.5277053,0.21893623,0.25335845
3021209140,0.6211128,0.16637968,0.21250749
3021225334,0.25516593,0.4385607,0.3062735
3021370035,0.40322816,0.31639498,0.28037685
3021564132,0.52643394,0.20419924,0.26936683
3021591162,0.26193962,0.38340828,0.35465208
3021592859,0.30195102,0.23353854,0.46451044
3021684210,0.2527132,0.26700827,0.48027852
3021767666,0.37584376,0.32503885,0.2991174
3021776518,0.20756613,0.2160782,0.57635564
3022020147,0.28967753,0.35408536,0.35623708
3022048415,0.35802567,0.40616974,0.23580463
3022153328,0.35530144,0.3760629,0.2686356
3022183355,0.27313957,0.3558145,0.37104595
3022187884,0.17544469,0.64377576,0.18077953
3022212860,0.34543246,0.27979568,0.37477183
3022410440,0.29893923,0.39090642,0.31015438
3022467323,0.2252281,0.31023028,0.4645416
3022505240,0.7104987,0.12889299,0.16060829
3022612778,0.12433246,0.72442126,0.15124623
3022615070,0.7523434,0.11174233,0.1359142
3022682508,0.34357178,0.3931891,0.2632391
3022727678,0.28192377,0.3230686,0.39500758
3022748850,0.506944,0.26141116,0.2316449
3022842370,0.30225483,0.3147521,0.3829931
3022988830,0.4226885,0.287683,0.28962845
3023143407,0.46634272,0.2877381,0.24591927
3023280394,0.6361466,0.17714894,0.1867045
3023411699,0.4031447,0.25244248,0.34441286
3023470369,0.23393832,0.41744685,0.34861472
3023575717,0.4495069,0.3087391,0.24175395
3023623439,0.43924573,0.2967512,0.264003
3023644858,0.16915116,0.62532467,0.20552415
3023733933,0.40586072,0.292428,0.30171132
3023917196,0.35905245,0.3615983,0.27934924
3023985740,0.19060092,0.17839411,0.63100487
3024051810,0.8259527,0.06753288,0.10651443
3024164658,0.44322348,0.27533975,0.28143677
3024195068,0.23878126,0.18957923,0.57163954
3024269005,0.48613098,0.26116398,0.25270498
3024301479,0.37224427,0.34811115,0.27964464
3024301895,0.39855066,0.363084,0.2383653
3024371024,0.4882261,0.28866425,0.22310966
3024381761,0.17788194,0.17121686,0.6509012
3024398836,0.37668642,0.27514124,0.34817234
3024438145,0.14362256,0.65170807,0.20466931
3024464144,0.31776342,0.37978613,0.30245045
3024471870,0.10875021,0.7147114,0.17653833
3024543503,0.42189616,0.30609545,0.27200836
3024703787,0.31545326,0.35272512,0.3318217
3024739625,0.38356218,0.3895909,0.22684693
3024787508,0.23461488,0.3105332,0.4548519
3024853709,0.26696044,0.23084998,0.5021896
3024863803,0.25282514,0.22999905,0.51717585
3024931329,0.080736965,0.82657653,0.092686474
3024937697,0.35790178,0.34213337,0.2999648
3024974502,0.31462097,0.3138628,0.37151617
3025060947,0.35476118,0.33256674,0.312672
3025186974,0.21894807,0.5117143,0.2693377
3025236523,0.31318006,0.25511235,0.43170765
3025311494,0.22157653,0.3100897,0.46833375
3025360294,0.32492438,0.2644363,0.41063926
3025393943,0.25627702,0.26829654,0.47542647
3025428518,0.23483339,0.43991736,0.3252492
3025463053,0.59305245,0.16275252,0.244195
3025517596,0.59470314,0.18593554,0.21936136
3025625592,0.15083772,0.68124485,0.16791746
3025764553,0.65623844,0.16170536,0.18205617
3025871962,0.40517333,0.33542633,0.25940034
3025943376,0.303874,0.38323957,0.31288654
3026009430,0.3087349,0.47438163,0.21688356
3026032327,0.46817803,0.29590154,0.2359204
3026039556,0.34272796,0.35973468,0.2975373
3026180148,0.49069133,0.23688723,0.27242136
3026192624,0.37685525,0.3602997,0.26284504
3026213138,0.4637658,0.27213377,0.26410046
3026236063,0.45152196,0.32098866,0.22748932
3026354303,0.401728,0.32938704,0.26888493
3026418460,0.3717389,0.32459742,0.30366367
3026512438,0.34851667,0.31308165,0.33840165
3026538072,0.29502288,0.3279947,0.37698245
3026564505,0.13904119,0.6716331,0.18932563
3026597187,0.21599688,0.18417174,0.5998314
3026625209,0.541994,0.21328804,0.24471803
3026695572,0.38734326,0.29435408,0.3183026
3026730565,0.21864218,0.23405552,0.54730237
3026969590,0.3209097,0.38815963,0.2909307
3026979578,0.25064385,0.45664167,0.29271454
3027034130,0.26658022,0.44621903,0.28720072
3027043826,0.38595417,0.35196942,0.26207647
3027047688,0.76427704,0.097481616,0.1382413
3027059157,0.2572866,0.27745664,0.4652567
3027083045,0.5290537,0.25025836,0.22068796
3027188145,0.2972232,0.35845688,0.34431994
3027226430,0.22756378,0.19985655,0.57257974
3027250126,0.41146234,0.33956474,0.24897294
3027322583,0.3662252,0.39074558,0.24302919
3027330866,0.367547,0.37136698,0.261086
3027346712,0.3218059,0.38922182,0.28897232
3027352509,0.314671,0.3137335,0.37159544
3027352835,0.23930408,0.5266338,0.23406208
3027377089,0.22906636,0.19899787,0.57193583
3027672252,0.73261607,0.10148408,0.16589984
3027875665,0.19047628,0.1797555,0.6297682
3027880254,0.15262912,0.40747896,0.43989187
3027956367,0.29091433,0.37461808,0.33446753
3028073438,0.50907886,0.24923058,0.24169049
3028110846,0.26132393,0.5420372,0.19663878
3028199149,0.33745703,0.38789788,0.27464512
3028456233,0.1253488,0.72811216,0.14653908
3028490439,0.124443956,0.12234652,0.7532096
3028499405,0.3162216,0.37613776,0.30764064
3028510994,0.2262913,0.26535216,0.50835663
3028544777,0.21697879,0.23497225,0.5480489
3028641636,0.33541954,0.36918738,0.29539305
3028831304,0.417488,0.35238823,0.23012383
3028851172,0.27694923,0.28836045,0.43469033
3028952142,0.49264795,0.27150196,0.23585014
3028953580,0.7819512,0.0956692,0.1223796
3029232330,0.20110184,0.18316692,0.61573124
3029353118,0.37545207,0.3764143,0.24813366
3029488961,0.7013465,0.111812666,0.18684077
3029510902,0.33763745,0.42470127,0.23766132
3029522789,0.45692676,0.22549327,0.31757998
3029556623,0.37292877,0.3143834,0.31268787
3029755165,0.3646605,0.3213197,0.31401983
3029831891,0.5541976,0.22090726,0.22489512
3029921395,0.29616588,0.3369136,0.36692044
3029956506,0.17684057,0.6016058,0.22155367
3030042738,0.3630731,0.355799,0.2811279
3030076600,0.22286995,0.39880803,0.37832195
3030251450,0.3312069,0.33200553,0.33678752
3030292005,0.23961589,0.42141467,0.33896947
3030535958,0.35641795,0.3187472,0.32483482
3030548396,0.29174486,0.45455652,0.25369865
3030685272,0.22048388,0.5167375,0.26277858
3030697858,0.26059276,0.24389495,0.4955123
3030879572,0.6078932,0.18669912,0.20540762
3030890543,0.3583929,0.40519056,0.23641662
3030918824,0.20982113,0.5280021,0.26217678
3030930222,0.3588577,0.3488477,0.29229456
3030959421,0.21882373,0.2831436,0.49803266
3030991144,0.6743492,0.15309106,0.17255968
3031049214,0.26107332,0.36991155,0.36901513
3031114175,0.26502326,0.35813522,0.37684155
3031141279,0.37897825,0.2527868,0.36823493
3031279923,0.24097724,0.20149852,0.55752426
3031326036,0.08396227,0.8113674,0.10467034
3031338742,0.5133027,0.22433369,0.26236355
3031398195,0.28719324,0.40490305,0.30790377
3031473799,0.36045593,0.2603448,0.37919933
3031475846,0.33806,0.2726252,0.38931483
3031480421,0.59124535,0.20075119,0.20800346
3031483676,0.46016362,0.22982895,0.31000748
3031483940,0.35840517,0.34740692,0.29418793
3031675568,0.24610817,0.450101,0.3037908
3031686587,0.54483557,0.25761187,0.19755264
3031721589,0.35709965,0.33779937,0.30510095
3031733204,0.3557468,0.29287627,0.35137686
3031926978,0.09642154,0.0787614,0.8248171
3031972318,0.32503194,0.42980996,0.24515809
3032362275,0.06780161,0.06638215,0.8658162
3032485493,0.35550165,0.26141474,0.3830836
3032561484,0.42712614,0.33283272,0.24004117
3032710241,0.18817656,0.58626753,0.2255559
3032713495,0.32637137,0.37416303,0.29946566
3032765534,0.2862875,0.36657727,0.34713528
3032859242,0.5193238,0.29269207,0.18798406
3033027913,0.3053142,0.36068764,0.33399805
3033073587,0.5121021,0.24770334,0.24019451
3033245814,0.18357539,0.6047762,0.21164837
3033346112,0.41262177,0.3213879,0.26599035
3033516085,0.2054381,0.5219756,0.27258635
3033732501,0.15902764,0.64760834,0.193364
3033740310,0.56215096,0.23568721,0.20216183
3033980202,0.2207459,0.41944495,0.35980916
3034022267,0.49695492,0.28587547,0.21716961
3034050421,0.53282154,0.23027557,0.23690294
3034096789,0.42429048,0.33575135,0.23995815
3034111309,0.26853955,0.41951942,0.31194106
3034128351,0.2954556,0.3781023,0.3264421
3034136354,0.44759542,0.28762344,0.26478115
3034261623,0.6360978,0.19242789,0.1714743
3034394651,0.2866897,0.45934796,0.25396234
3034444541,0.5400927,0.23395143,0.22595584
3034448562,0.4359233,0.19664459,0.3674321
3034493712,0.39213988,0.31847844,0.28938162
3034759980,0.24942894,0.48257893,0.26799217
3034773165,0.3625772,0.3636565,0.27376643
3034901605,0.13564233,0.7142656,0.15009205
3035059726,0.09315126,0.7825366,0.12431209
3035116041,0.36170065,0.3381638,0.3001355
3035177816,0.3399147,0.32879117,0.33129412
3035250425,0.1998712,0.21291941,0.58720946
3035423539,0.34817898,0.31457573,0.33724526
3035741877,0.62074286,0.13350923,0.24574786
3035768878,0.23877749,0.3547255,0.406497
3035770921,0.6124908,0.14815466,0.23935463
3035782789,0.29792437,0.25637656,0.445699
3036135325,0.33522534,0.14227769,0.52249694
3036266507,0.29515615,0.3601508,0.3446931
3036269605,0.10975512,0.7682899,0.121955
3036327789,0.2965063,0.33592972,0.367564
3036377112,0.36942002,0.32313028,0.30744973
3036653045,0.2284942,0.21903701,0.55246884
3036738915,0.16484037,0.1521707,0.68298894
3036750177,0.25788406,0.20416759,0.5379483
3036771053,0.19193272,0.5709962,0.23707102
3036779515,0.22889303,0.5039459,0.26716104
3036791451,0.102619626,0.09342964,0.8039508
3036812030,0.5520231,0.17572863,0.2722482
3037010389,0.659363,0.18216231,0.15847477
3037080904,0.15911491,0.6197508,0.22113423
3037141110,0.42603478,0.32949698,0.24446824
3037175729,0.41913667,0.3320478,0.2488155
3037200634,0.6559264,0.1596697,0.18440393
3037293723,0.5340757,0.23007025,0.2358541
3037369605,0.16661064,0.6217732,0.21161613
3037374247,0.16638029,0.17027368,0.66334605
3037450211,0.38782755,0.34307408,0.26909843
3037463089,0.4271011,0.29106408,0.28183487
3037576252,0.37818062,0.38295487,0.23886456
3037656552,0.46420297,0.27285135,0.2629457
3037709004,0.22561982,0.40908584,0.36529446
3037815765,0.32713503,0.40482387,0.26804104
3037964412,0.28492257,0.30593354,0.40914387
3038054808,0.41305438,0.30540752,0.2815381
3038407705,0.3714539,0.31762648,0.31091967
3038477274,0.35270858,0.33384648,0.3134449
3038485234,0.33131006,0.28540346,0.38328648
3038485396,0.31403336,0.36101568,0.32495096
3038541125,0.23038302,0.363766,0.40585104
3038693272,0.39813754,0.35859203,0.24327046
3038732725,0.15068124,0.14169389,0.70762485
3038755818,0.14746805,0.64625067,0.20628123
3038818426,0.2999004,0.32099932,0.3791003
3039022186,0.1220082,0.11437364,0.7636182
3039027370,0.3335967,0.21523543,0.45116788
3039115565,0.15671535,0.6789861,0.16429867
3039142251,0.47616702,0.22772045,0.29611254
3039154861,0.47216728,0.25738344,0.27044925
3039457931,0.37987226,0.35359845,0.26652935
3039491862,0.2784043,0.43955323,0.28204253
3039639573,0.25105438,0.3248183,0.42412737
3039729548,0.5547777,0.23069611,0.21452618
3039733878,0.08509506,0.7977588,0.11714614
3039775834,0.39115885,0.33460933,0.27423176
3039776585,0.37029588,0.3475293,0.2821749
3039876984,0.23941235,0.49272472,0.26786292
3039985918,0.7291061,0.10926011,0.16163377
3040012489,0.19130138,0.5795445,0.22915414
3040154257,0.51092875,0.22985993,0.25921133
3040222643,0.2856045,0.43629804,0.27809754
3040229149,0.3263289,0.3375988,0.33607224
3040284628,0.31380564,0.38109168,0.30510265
3040303474,0.28986195,0.3698746,0.34026346
3040384141,0.39674598,0.3049579,0.29829615
3040386830,0.6202379,0.18309115,0.19667096
3040400743,0.34957784,0.35510787,0.29531434
3040408025,0.41533437,0.2898542,0.2948115
3040428294,0.7732492,0.09539031,0.13136047
3040485583,0.54452085,0.22660723,0.22887199
3040549055,0.33384645,0.35517174,0.31098187
3040705391,0.08299765,0.8023526,0.11464972
3040754535,0.30016193,0.29070976,0.4091284
3040821052,0.1711044,0.6541435,0.17475215
3040845389,0.50222695,0.27610087,0.22167215
3040904748,0.54640496,0.23468657,0.21890844
3040960904,0.29915565,0.37841314,0.3224312
3041019637,0.29043934,0.38337427,0.32618642
3041037780,0.28819656,0.39315933,0.3186441
3041063391,0.37887552,0.34434542,0.27677903
3041082221,0.26396868,0.2535688,0.48246258
3041154362,0.26450768,0.48818365,0.24730876
3041230411,0.16436017,0.16650373,0.6691361
3041253351,0.483044,0.2887348,0.22822118
3041260535,0.35902238,0.3037346,0.33724302
3041301838,0.2109796,0.22140148,0.5676189
3041346466,0.3392419,0.32697105,0.33378708
3041418325,0.30709645,0.455126,0.2377776
3041426979,0.34935313,0.29934314,0.35130373
3041474352,0.58467907,0.16846998,0.24685095
3041544223,0.50390005,0.23268066,0.2634193
3041810390,0.4394206,0.28406376,0.27651563
3041822162,0.38133204,0.30513668,0.31353125
3042006924,0.14983243,0.67783093,0.1723367
3042070065,0.21006155,0.4896442,0.30029422
3042177518,0.40499648,0.30480754,0.29019597
3042209103,0.17976007,0.63183653,0.18840341
3042236674,0.56181175,0.2126464,0.22554189
3042364191,0.26639736,0.26740178,0.4662009
3042410554,0.23817854,0.34941137,0.41241008
3042455962,0.25450292,0.37938708,0.36611003
3042465489,0.1084735,0.76188296,0.12964353
3042504089,0.14961924,0.65698767,0.193393
3042509113,0.34394473,0.34690255,0.3091527
3042520481,0.35164106,0.35254464,0.29581437
3042528999,0.14920683,0.48823878,0.36255443
3042705460,0.33018473,0.4065545,0.26326078
3042790568,0.598104,0.20546547,0.1964305
3042790931,0.168009,0.64497745,0.18701345
3042821688,0.29222423,0.15366288,0.5541129
3042854657,0.45692343,0.23566808,0.3074085
3042907823,0.20689283,0.56457263,0.22853453
3042926800,0.4111751,0.31270072,0.27612415
3042968611,0.5363851,0.24130628,0.2223086
3043028831,0.35855037,0.37565112,0.26579845
3043053200,0.3166749,0.37820253,0.30512258
3043165810,0.2600614,0.48512003,0.25481865
3043206759,0.46377078,0.2965283,0.2397009
3043251092,0.114301585,0.11303577,0.77266264
3043260840,0.5663679,0.2025297,0.23110245
3043264765,0.29222354,0.26581633,0.44196013
3043332295,0.33067974,0.34143093,0.3278893
3043485339,0.2687978,0.43903664,0.29216555
3043624336,0.5266899,0.24020217,0.23310792
3043659584,0.33620256,0.28086272,0.38293472
3043673338,0.18243809,0.50071424,0.31684768
3043788190,0.2730402,0.2972894,0.4296704
3043953776,0.35323858,0.34685448,0.2999069
3043957412,0.41499215,0.3508401,0.23416775
3043969072,0.2582977,0.29974538,0.44195694
3043981444,0.56542635,0.20724234,0.22733128
3044249115,0.33045903,0.33819947,0.33134156
3044341921,0.2541073,0.38569802,0.36019477
3044348043,0.33645034,0.33500123,0.3285484
3044367089,0.25732943,0.46063542,0.28203514
3044473686,0.454682,0.30763704,0.23768099
3044514167,0.11234097,0.74865955,0.13899949
3044575948,0.22075523,0.5367757,0.24246907
3044618340,0.26599813,0.22661999,0.50738186
3044650857,0.31363145,0.372949,0.31341943
3044817194,0.47551987,0.26220766,0.2622725
3044903293,0.15796144,0.1492237,0.6928149
3044938437,0.38186973,0.29351038,0.32461995
3044939714,0.35847583,0.36628738,0.27523685
3044970802,0.26974964,0.35638568,0.37386474
3045050966,0.26944813,0.4339598,0.29659203
3045117868,0.4126497,0.26451042,0.32283983
3045186853,0.36763832,0.29024586,0.3421158
3045259677,0.26377517,0.3051489,0.431076
3045282713,0.32215336,0.31868804,0.35915858
3045384051,0.46208912,0.27500746,0.26290336
3045393831,0.20771185,0.52925235,0.26303583
3045437283,0.36196637,0.3149677,0.3230659
3045697723,0.34487292,0.35074195,0.30438522
3045742802,0.32652453,0.33224472,0.34123075
3045756881,0.25140265,0.5277561,0.22084127
3045931436,0.56808096,0.2045069,0.22741218
3045940321,0.20685522,0.196036,0.5971088
3045966006,0.07081793,0.83480805,0.09437398
3045982362,0.2990911,0.28332597,0.4175829
3046029059,0.47201058,0.27284455,0.2551448
3046072143,0.3052297,0.38080567,0.3139647
3046134414,0.4011684,0.34138414,0.25744742
3046238944,0.7371259,0.10412375,0.15875034
3046303013,0.106035754,0.11962962,0.77433467
3046334622,0.25556046,0.53361094,0.21082863
3046354131,0.3400432,0.34148926,0.31846756
3046466904,0.3340753,0.33241722,0.3335075
3046470913,0.35968,0.3253973,0.31492272
3046475404,0.4115213,0.29618245,0.2922962
3046535101,0.14314957,0.14934565,0.70750475
3046574124,0.24362998,0.22357522,0.53279483
3046769373,0.19247128,0.25600776,0.55152094
3046895736,0.09746384,0.7819428,0.120593384
3047075752,0.2664392,0.26898715,0.46457356
3047191182,0.3499772,0.3251754,0.32484746
3047237023,0.12035128,0.1033637,0.776285
3047334505,0.27379438,0.42033842,0.30586714
3047335867,0.3820659,0.36869448,0.24923962
3047380557,0.62954247,0.16631861,0.20413898
3047382117,0.33626494,0.4036821,0.26005298
3047592359,0.2806374,0.3075401,0.41182253
3047758125,0.22966908,0.54020286,0.2301281
3047793453,0.41077182,0.3209396,0.2682886
3047806358,0.23474546,0.46521896,0.30003557
3047872998,0.59502816,0.19195262,0.21301925
3048018072,0.32472494,0.297166,0.3781091
3048061448,0.28863412,0.39233613,0.31902978
3048218202,0.56707853,0.123204134,0.30971733
3048270700,0.2910018,0.390588,0.31841022
3048641695,0.07035675,0.0713197,0.8583235
3048652115,0.08242976,0.80688524,0.11068503
3048908577,0.41214293,0.35620028,0.23165677
3048994047,0.33470297,0.30065277,0.36464423
3049050639,0.74789566,0.12360833,0.12849598
3049098892,0.4097732,0.3208995,0.26932737
3049165168,0.37994823,0.34768847,0.27236333
3049230789,0.4314014,0.29792362,0.27067497
3049254359,0.5018938,0.17450207,0.32360408
3049254528,0.18015513,0.6063317,0.21351315
3049276549,0.25449058,0.40291205,0.34259742
3049296420,0.28554296,0.3491977,0.3652594
3049324777,0.6703377,0.14758727,0.18207511
3049379523,0.3033983,0.34953463,0.34706706
3049382203,0.12276865,0.7019818,0.17524959
3049795167,0.6510058,0.15313293,0.19586131
3049806251,0.36375055,0.35107848,0.28517097
3049904222,0.28087556,0.43370566,0.28541878
3049933943,0.29906136,0.39920098,0.30173773
3049961555,0.10640273,0.7602938,0.13330345
3050019781,0.44419563,0.25568348,0.3001209
3050110238,0.8048179,0.08011108,0.11507105
3050293988,0.57053083,0.18965903,0.23981017
3050324985,0.28398913,0.43120763,0.28480327
3050374865,0.49869117,0.2565904,0.24471836
3050443295,0.36695957,0.37528,0.25776047
3050461747,0.1889965,0.18010925,0.6308943
3050467797,0.39477983,0.32678738,0.27843276
3050497475,0.31129768,0.39648306,0.2922193
3050541087,0.46727178,0.25461778,0.27811044
3050548423,0.69779396,0.12411279,0.1780933
3050554828,0.41042003,0.34018973,0.24939018
3050636532,0.48583344,0.29025337,0.22391312
3050648700,0.5312883,0.13785768,0.33085397
3050725612,0.41356158,0.2373963,0.3490421
3050923793,0.4132781,0.30424327,0.2824786
3050997460,0.39575693,0.29468805,0.30955496
3051045974,0.18744597,0.61492836,0.19762564
3051110639,0.3488606,0.3666367,0.28450277
3051123514,0.36196637,0.3149677,0.3230659
3051182575,0.31927973,0.29450098,0.3862193
3051210899,0.4640516,0.2937455,0.24220291
3051312696,0.2018227,0.55080307,0.24737434
3051315031,0.43510786,0.32291752,0.24197458
3051501334,0.33143237,0.378963,0.2896047
3051564687,0.10111052,0.10380756,0.7950819
3051908615,0.21291374,0.21363221,0.5734541
3052088691,0.48647293,0.19212222,0.32140478
3052090797,0.4744674,0.18735044,0.33818218
3052114820,0.2650819,0.24513705,0.48978096
3052290244,0.26851702,0.4922124,0.23927052
3052301528,0.26472038,0.44758034,0.28769925
3052518859,0.40829235,0.338009,0.2536986
3052553322,0.32452267,0.3658934,0.30958396
3052758561,0.7999565,0.08164522,0.1183982
3052762691,0.29415745,0.40899616,0.29684636
3052837949,0.27025503,0.40114596,0.328599
3052885310,0.09796757,0.10377528,0.7982571
3052929547,0.06373568,0.8534393,0.08282501
3052959138,0.2132624,0.53041965,0.25631803
3053077321,0.45094177,0.3116535,0.23740482
3053176041,0.36591285,0.3460456,0.28804147
3053231371,0.6475211,0.17635705,0.1761219
3053231729,0.3755615,0.30451936,0.31991914
3053290530,0.5063277,0.25164345,0.24202888
3053303904,0.3609415,0.41220304,0.22685546
3053316300,0.39911884,0.33474854,0.2661326
3053333537,0.14066502,0.69522876,0.16410625
3053426885,0.22463949,0.2655083,0.5098522
3053485545,0.17097709,0.6007492,0.22827373
3053514563,0.25545377,0.47443905,0.27010715
3053516738,0.07988539,0.079308055,0.8408066
3053924597,0.08808277,0.7838588,0.12805846
3054068467,0.5544529,0.23525062,0.21029648
3054098418,0.25814965,0.38230547,0.3595449
3054164951,0.35614038,0.33330137,0.31055826
3054469926,0.20907277,0.57215637,0.21877085
3054499127,0.1831246,0.6066336,0.21024187
3054615355,0.37219465,0.30996978,0.31783557
3054661935,0.12846358,0.117328,0.75420845
3054766457,0.7669552,0.09809117,0.13495362
3054792416,0.5388977,0.25635377,0.20474856
3054949864,0.20938662,0.5604721,0.23014131
3055048904,0.35730115,0.3396503,0.30304858
3055215944,0.3744125,0.3290659,0.2965216
3055295255,0.40320852,0.32109714,0.27569443
3055328506,0.33094603,0.39282727,0.27622664
3055348763,0.4073195,0.31918862,0.2734919
3055584678,0.50859535,0.26748714,0.22391753
3055604154,0.33107126,0.3455425,0.3233862
3055612351,0.32812524,0.35596704,0.3159077
3055737370,0.25423318,0.412065,0.33370188
3055802432,0.3448291,0.40635747,0.24881342
3055833772,0.5595901,0.15883744,0.28157243
3055836149,0.27040395,0.416915,0.31268105
3055860648,0.3399069,0.30013186,0.35996124
3055929755,0.30151585,0.36315528,0.33532885
3056027325,0.43704742,0.3178013,0.2451513
3056033715,0.36139524,0.3382078,0.30039695
3056072515,0.093761005,0.08370851,0.8225305
3056193653,0.43392533,0.32803488,0.2380398
3056225277,0.32185337,0.37104374,0.30710295
3056286112,0.31333005,0.35505533,0.33161467
3056355542,0.5657422,0.19347881,0.24077892
3056376508,0.43483785,0.29311034,0.27205178
3056400365,0.30385932,0.35632944,0.3398112
3056415324,0.3797725,0.3270991,0.29312846
3056472429,0.15885922,0.69931674,0.14182408
3056485922,0.3347349,0.33838186,0.3268833
3056653487,0.23854153,0.23145398,0.53000444
3056696498,0.43831137,0.30797622,0.2537125
3056740017,0.46119848,0.27197945,0.266822
3056854544,0.43986186,0.2904668,0.26967132
3056862398,0.24717543,0.3008646,0.45196
3056875773,0.28715703,0.37817493,0.33466807
3057059516,0.3496945,0.3485915,0.30171394
3057103769,0.54861486,0.21296325,0.23842177
3057155011,0.40466154,0.32797214,0.2673663
3057207253,0.12246379,0.13230342,0.7452328
3057232885,0.08260583,0.80529624,0.11209789
3057288658,0.13268572,0.119078316,0.748236
3057346597,0.35274312,0.31186146,0.33539546
3057381848,0.16758566,0.6199872,0.21242721
3057404546,0.3247087,0.35580474,0.31948653
3057406791,0.33092046,0.34104073,0.3280388
3057467671,0.103572756,0.10322647,0.79320085
3057485223,0.32404447,0.44784787,0.22810766
3057491333,0.2300432,0.21274358,0.5572132
3057525759,0.36008424,0.36394793,0.27596784
3057529325,0.23269941,0.384952,0.38234866
3057546045,0.11566787,0.7394594,0.14487267
3057718805,0.3297463,0.34897885,0.32127482
3057783940,0.39205354,0.30797556,0.2999709
3057829970,0.4074238,0.26560917,0.32696712
3057840375,0.29696515,0.39656913,0.30646574
3057851728,0.46128115,0.30594432,0.23277462
3057928740,0.36416477,0.35454226,0.28129303
3058098156,0.2005295,0.15962155,0.639849
3058223727,0.18791127,0.5951193,0.21696936
3058314878,0.65139765,0.16017474,0.18842755
3058329814,0.4069808,0.3168458,0.27617338
3058414370,0.2870021,0.4078626,0.30513534
3058432036,0.33648163,0.31473133,0.34878707
3058459582,0.26494876,0.3134096,0.42164165
3058467930,0.37390915,0.3041132,0.32197765
3058601773,0.14799698,0.68955135,0.16245164
3058657558,0.5458803,0.19054842,0.26357132
3058765146,0.2460231,0.45126805,0.30270883
3058888150,0.16495249,0.14880866,0.6862389
3059130038,0.6235144,0.15365809,0.22282754
3059157659,0.34519243,0.33753854,0.31726906
3059250189,0.4998676,0.26075152,0.2393809
3059305357,0.4099144,0.29595262,0.29413295
3059350674,0.15947582,0.2953965,0.54512775
3059416456,0.34892195,0.40940678,0.2416713
3059474979,0.34212062,0.35341728,0.30446208
3059485477,0.28161573,0.39690566,0.32147864
3059496576,0.2381234,0.52895486,0.23292178
3059499506,0.6162134,0.19142875,0.19235788
3059523850,0.25195065,0.46431416,0.2837352
3059572729,0.24715176,0.2337874,0.51906085
3059587387,0.29555926,0.26808342,0.43635732
3059587510,0.42512926,0.29645365,0.2784171
3059663947,0.6454133,0.1580825,0.19650427
3059680487,0.09248356,0.07619281,0.8313237
3059734516,0.17735699,0.592598,0.23004493
3059770250,0.44920895,0.28313673,0.26765427
3059777309,0.21796127,0.26401836,0.51802033
3059827613,0.1383107,0.71085316,0.15083614
3059836865,0.18692729,0.18250607,0.63056654
3059838172,0.18982048,0.6178556,0.1923239
3059856688,0.27013397,0.45622692,0.27363914
3059931733,0.356133,0.3556706,0.28819638
3060045976,0.37028214,0.34288087,0.28683698
3060062633,0.10236134,0.09615017,0.8014885
3060194603,0.16174097,0.6565001,0.18175891
3060242283,0.4587291,0.19356138,0.34770954
3060633517,0.38989803,0.35162085,0.25848103
3060840237,0.1640322,0.65294164,0.18302621
3060910009,0.4221756,0.32395965,0.25386474
3061064238,0.5013549,0.23893997,0.2597052
3061074183,0.2754965,0.19068103,0.5338225
3061139470,0.24725309,0.43877804,0.3139688
3061211290,0.10964024,0.72942847,0.16093136
3061249819,0.32506162,0.39125493,0.28368345
3061264602,0.3016029,0.30171525,0.39668182
3061528240,0.25986743,0.2305615,0.5095711
3061620812,0.2193781,0.5354722,0.24514967
3061669195,0.08387679,0.8229758,0.09314743
3061706145,0.35735542,0.33205834,0.3105863
3061832325,0.3192861,0.35412362,0.3265902
3061887170,0.31877956,0.28115654,0.4000639
3062172626,0.18235317,0.18222313,0.6354237
3062382770,0.20287867,0.55596095,0.2411604
3062544916,0.20064905,0.5629595,0.2363914
3062667103,0.34433788,0.3563877,0.2992745
3062694312,0.36735767,0.25075853,0.38188386
3062761656,0.2539784,0.47637752,0.269644
3062769503,0.46450195,0.2593758,0.27612233
3063036142,0.37965423,0.28680998,0.33353582
3063044371,0.13170804,0.14099756,0.72729445
3063207735,0.58714193,0.21336041,0.19949766
3063461500,0.3544258,0.32721013,0.31836405
3063505562,0.13029206,0.12888308,0.7408249
3063737364,0.39012304,0.30853626,0.3013407
3063757415,0.24277823,0.24625146,0.5109704
3063836130,0.3960869,0.35686937,0.24704376
3063905279,0.5705837,0.20697473,0.22244155
3064147736,0.36073208,0.36850512,0.27076277
3064197473,0.37398285,0.31231824,0.31369892
3064324506,0.10482682,0.75389457,0.14127865
3064423256,0.600608,0.18935195,0.21004014
3064686523,0.3618725,0.377083,0.26104453
3064782084,0.34027213,0.3157392,0.34398866
3064893810,0.17838544,0.17990552,0.64170897
3065079042,0.16260223,0.59563416,0.24176359
3065131647,0.3793401,0.37274984,0.24791013
3065135114,0.30217555,0.36740595,0.33041856
3065223566,0.12823065,0.10528011,0.76648927
3065291375,0.13557646,0.7236932,0.14073034
3065385172,0.14774036,0.12000601,0.7322537
3065471345,0.32261735,0.33616644,0.34121624
3065498240,0.60778785,0.15789065,0.23432149
3065505587,0.58113337,0.19667512,0.22219153
3065545660,0.34673744,0.30578578,0.34747675
3065588705,0.2623119,0.3852805,0.3524076
3065715113,0.32514754,0.3234848,0.35136774
3065844885,0.2119884,0.5932047,0.19480687
3065872268,0.25934878,0.4467713,0.29388002
3065912311,0.3293081,0.34506753,0.3256244
3065914132,0.602081,0.17235297,0.22556597
3066031465,0.3046675,0.4940533,0.20127918
3066089553,0.22848383,0.18813576,0.5833804
3066131308,0.26222277,0.3834476,0.35432956
3066137082,0.5375863,0.2139741,0.24843962
3066175328,0.74468493,0.11309925,0.14221577
3066392647,0.43788978,0.31211445,0.2499958
3066400927,0.22192255,0.5418569,0.23622058
3066449418,0.15675159,0.6570949,0.18615352
3066556847,0.29997888,0.4744698,0.22555129
3066572192,0.25945395,0.25503728,0.48550877
3066713141,0.17426863,0.19723237,0.62849903
3066752299,0.2796573,0.24577759,0.4745652
3066758865,0.4594511,0.25589254,0.2846563
3066770563,0.22538157,0.40222305,0.37239534
3066820553,0.31535688,0.35157743,0.33306575
3067007969,0.18105692,0.17032495,0.6486181
3067141919,0.21006373,0.5308803,0.25905597
3067200650,0.40379608,0.28017315,0.31603083
3067379950,0.16537312,0.14617465,0.6884522
3067423278,0.1589972,0.13661419,0.70438856
3067476462,0.34388018,0.3925162,0.26360366
3067634970,0.30377516,0.39405712,0.30216768
3067772811,0.5333302,0.23819137,0.22847845
3067839325,0.48644823,0.25886753,0.2546842
3067927643,0.4211705,0.33560807,0.24322145
3067946842,0.42773923,0.3218095,0.2504512
3068064289,0.0847037,0.07111797,0.8441784
3068085469,0.43472084,0.31801096,0.24726824
3068128362,0.57634604,0.18339597,0.240258
3068145388,0.27556607,0.3882043,0.33622968
3068197570,0.07624805,0.07230913,0.8514428
3068273905,0.28814647,0.37988195,0.33197156
3068323347,0.30458352,0.24536617,0.45005038
3068453423,0.35644323,0.3917657,0.2517911
3068476305,0.37873542,0.3081729,0.3130916
3068711942,0.46979958,0.28452787,0.24567261
3068927495,0.33642527,0.28520024,0.3783745
3068987483,0.32786477,0.3082437,0.3638916
3068997852,0.110042684,0.7181238,0.17183354
3069015996,0.09658342,0.7660387,0.1373779
3069029997,0.47843224,0.2751334,0.24643435
3069038008,0.3565074,0.33550692,0.30798575
3069047261,0.22815244,0.4639684,0.30787912
3069107319,0.10945455,0.6425192,0.24802633
3069114497,0.5247721,0.22705582,0.24817201
3069126063,0.2965351,0.42331645,0.28014854
3069132706,0.2780615,0.25141153,0.47052693
3069199607,0.26975736,0.44522557,0.28501704
3069200122,0.11654327,0.7587024,0.124754414
3069255534,0.18103665,0.18243054,0.63653284
3069346156,0.388731,0.30190438,0.30936462
3069375861,0.3487349,0.36532283,0.2859423
3069415387,0.33941242,0.39455724,0.26603037
3069429382,0.46939832,0.24493411,0.28566757
3069556025,0.23500623,0.3906837,0.37431008
3069605698,0.3207948,0.30528736,0.3739179
3069787959,0.4959131,0.17119418,0.33289272
3069844183,0.29900748,0.4330966,0.26789582
3069934393,0.3555734,0.31644648,0.32798007
3069943935,0.5816303,0.20639485,0.21197484
3069999225,0.33503976,0.21221367,0.45274657
3070001296,0.5402507,0.18906888,0.27068034
3070029084,0.4672942,0.27938825,0.25331762
3070073428,0.3002994,0.28356114,0.41613945
3070098512,0.364951,0.323121,0.31192794
3070141443,0.31209108,0.38569668,0.3022122
3070146397,0.21945357,0.43690148,0.34364504
3070234979,0.43796125,0.31469828,0.24734053
3070257269,0.59271455,0.22067969,0.18660575
3070312805,0.35357654,0.33129248,0.31513092
3070400431,0.20514764,0.5014835,0.29336888
3070605918,0.11328249,0.1187108,0.76800674
3070626311,0.517096,0.21347272,0.26943123
3070674180,0.33008257,0.25713095,0.4127865
3070729587,0.095936984,0.08385601,0.820207
3070860837,0.38127133,0.30799192,0.31073684
3070946868,0.32063282,0.2897108,0.38965645
3071002312,0.177087,0.17491086,0.6480021
3071077112,0.22553776,0.2709014,0.50356084
3071086341,0.38039592,0.36270446,0.25689963
3071222257,0.41280514,0.30218616,0.28500867
3071276906,0.2270297,0.25328666,0.51968366
3071325689,0.23385492,0.33203644,0.43410861
3071343401,0.5522282,0.20672415,0.2410476
3071422999,0.3122195,0.426956,0.26082447
3071435908,0.08925381,0.8074414,0.103304766
3071469483,0.3476407,0.38381833,0.268541
3071471964,0.29013422,0.41470075,0.29516515
3071492286,0.09433863,0.7922753,0.11338604
3071548567,0.75969994,0.10018473,0.1401153
3071667490,0.35411307,0.24410307,0.40178385
3071796803,0.58596987,0.2073933,0.20663685
3071824095,0.32395464,0.3857478,0.29029757
3071925431,0.60866463,0.18828925,0.20304613
3072000259,0.34280136,0.34172484,0.3154738
3072029732,0.28038886,0.27346194,0.44614926
3072111739,0.14382586,0.14555712,0.710617
3072262089,0.38027233,0.28931662,0.33041108
3072264799,0.31944448,0.37031677,0.31023872
3072283491,0.2754125,0.43305072,0.29153672
3072319583,0.36838004,0.28262413,0.3489958
3072388000,0.07136686,0.83260566,0.09602742
3072524804,0.675519,0.12638806,0.198093
3072553825,0.1409371,0.13249391,0.726569
3072554880,0.34906206,0.34478244,0.3061554
3072654394,0.09860954,0.7716237,0.12976679
3072752665,0.14341195,0.6946378,0.1619503
3072780016,0.07062045,0.8289464,0.100433126
3072917778,0.3296976,0.35769773,0.31260464
3073212449,0.2999948,0.3640792,0.33592594
3073296229,0.34141195,0.27936208,0.37922594
3073315345,0.38458344,0.31976327,0.29565322
3073456964,0.21052808,0.23582852,0.5536434
3073482333,0.37755978,0.3164113,0.3060289
3073553293,0.3641282,0.20094082,0.43493104
3073607026,0.27394143,0.29262605,0.43343252
3073752994,0.32835963,0.37481186,0.29682848
3073860373,0.55825883,0.2250657,0.21667552
3074102769,0.40609127,0.36747083,0.22643785
3074143653,0.37270793,0.3074311,0.31986102
3074163896,0.39312455,0.29912022,0.30775526
3074199072,0.22475412,0.28904814,0.48619774
3074290132,0.29868573,0.42472628,0.27658802
3074360775,0.31883106,0.40055114,0.28061777
3074396140,0.24692698,0.239511,0.5135621
3074510442,0.40343523,0.3226926,0.2738722
3074518241,0.31630602,0.23884179,0.44485208
3074559286,0.41953102,0.29710943,0.28335956
3074625765,0.3746166,0.25076252,0.37462088
3074680355,0.19249901,0.59227335,0.21522768
3074718213,0.6462097,0.14629431,0.20749597
3074726099,0.20480315,0.510667,0.2845298
3074894555,0.25695598,0.48787338,0.25517067
3075114248,0.32023013,0.3564819,0.32328805
3075232181,0.5252762,0.21839808,0.2563257
3075324862,0.79779816,0.082921594,0.11928029
3075435719,0.3679604,0.35482562,0.277214
3075483183,0.3749871,0.3328244,0.29218856
3075528018,0.27176422,0.5020172,0.22621852
3075626294,0.45822456,0.29330966,0.24846579
3075720464,0.31141233,0.38886535,0.29972237
3075757209,0.33513445,0.42969206,0.23517355
3075910806,0.30307323,0.38474745,0.3121793
3075942620,0.48602283,0.24796973,0.26600754
3075973115,0.6731878,0.14617056,0.18064162
3075981215,0.4176411,0.3566761,0.22568278
3075987652,0.23867738,0.20408863,0.557234
3076016350,0.11969115,0.11136663,0.7689422
3076044745,0.6280245,0.12616444,0.24581113
3076137409,0.3374957,0.35831407,0.30419028
3076258185,0.34985033,0.4040324,0.24611728
3076271144,0.41187376,0.2566898,0.33143649
3076453552,0.32577962,0.4110081,0.26321223
3076457139,0.38099903,0.3326476,0.2863534
3076506847,0.23698102,0.4626128,0.3004062
3076517475,0.36865273,0.34864825,0.28269905
3076567529,0.25589317,0.45676982,0.28733703
3076584382,0.26630008,0.4294273,0.30427256
3076615227,0.40963724,0.32503915,0.26532367
3076642707,0.5640809,0.21615458,0.21976456
3076722765,0.37965137,0.29174966,0.32859892
3076832137,0.21543011,0.48049992,0.30406988
3076890596,0.171774,0.6377475,0.19047843
3076989601,0.18119915,0.20981874,0.6089821
3077013544,0.646711,0.15862285,0.19466618
3077035033,0.37633505,0.32158968,0.30207527
3077044743,0.6379172,0.16936769,0.19271503
3077129665,0.18139939,0.16298354,0.65561706
3077246547,0.26129395,0.39059228,0.34811386
3077265387,0.18708567,0.6237552,0.18915915
3077294965,0.4144053,0.29082304,0.2947717
3077351470,0.27201554,0.31612265,0.41186187
3077668002,0.056512382,0.8595384,0.083949246
3077801951,0.29266992,0.34483424,0.36249584
3077951288,0.1411214,0.6718324,0.18704619
3078003671,0.1281917,0.73460233,0.13720599
3078156964,0.7196137,0.10921064,0.17117569
3078157135,0.17328371,0.19491377,0.63180256
3078215006,0.26841557,0.29017505,0.44140935
3078335390,0.27622893,0.3859788,0.33779228
3078382090,0.36707082,0.36554,0.26738912
3078427450,0.42674714,0.30928928,0.26396358
3078467509,0.35894057,0.3571125,0.28394687
3078501533,0.32847783,0.3421254,0.3293968
3078545063,0.23111805,0.53760314,0.23127879
3078568142,0.44375998,0.3001915,0.25604847
3078702728,0.45724154,0.29946318,0.24329531
3078762842,0.45439097,0.2796217,0.26598728
3078849926,0.1240885,0.113180384,0.76273113
3078943555,0.2932794,0.2813462,0.42537442
3078948686,0.32055265,0.33292896,0.3465184
3078996493,0.33710474,0.33843118,0.32446408
3079009798,0.21706294,0.5320171,0.25091997
3079047142,0.42807236,0.2886752,0.28325245
3079049956,0.42160016,0.2234136,0.35498622
3079116755,0.1814972,0.18690519,0.63159764
3079143978,0.29987815,0.38186002,0.31826177
3079269963,0.18966512,0.5204854,0.28984943
3079280072,0.39839575,0.3443469,0.25725737
3079307787,0.4086403,0.33674657,0.25461316
3079354016,0.48335406,0.28651583,0.23013002
3079435464,0.5871044,0.2212174,0.19167824
3079442538,0.3759595,0.30931306,0.31472743
3079449080,0.16135024,0.6163895,0.22226033
3079530235,0.3987953,0.26693004,0.33427477
3079600421,0.30272502,0.3128271,0.3844479
3079622569,0.2025327,0.54835033,0.24911697
3079662753,0.27136403,0.40660736,0.3220286
3079773791,0.39912218,0.2696324,0.33124536
3079883005,0.66838664,0.13830966,0.19330372
3079886314,0.2452725,0.38826725,0.36646026
3079904429,0.18026552,0.5044506,0.31528386
3079951491,0.43698227,0.2618701,0.30114767
3079979828,0.2818261,0.36569223,0.3524816
3080054329,0.23648438,0.50634974,0.25716588
3080066520,0.40084526,0.30174538,0.2974094
3080123724,0.27873898,0.2500949,0.47116613
3080124195,0.4143193,0.31122687,0.27445382
3080219069,0.23288378,0.41662386,0.35049233
3080379058,0.574416,0.19350308,0.23208095
3080396431,0.37634453,0.34508112,0.2785744
3080487657,0.30171552,0.33172852,0.366556
3080557921,0.2142885,0.53416866,0.25154284
3080566121,0.3193041,0.3561504,0.3245456
3080587474,0.5610879,0.17490219,0.26400992
3080858026,0.45051035,0.30905145,0.24043825
3081004801,0.31450072,0.42607182,0.2594274
3081025101,0.27876344,0.3678815,0.353355
3081075934,0.3578168,0.3281816,0.31400162
3081159214,0.33807912,0.38581517,0.2761057
3081201866,0.6848691,0.13383101,0.18129985
3081213289,0.29228517,0.32257676,0.385138
3081235477,0.5306755,0.22192253,0.24740194
3081269762,0.07614406,0.067858055,0.85599786
3081366043,0.27741173,0.37304598,0.34954232
3081374345,0.24861479,0.47394776,0.27743742
3081419484,0.27037805,0.22275805,0.50686383
3081437608,0.40102944,0.34344843,0.25552216
3081809069,0.22544593,0.27212954,0.50242454
3081924742,0.37694025,0.3366229,0.28643683
3082116103,0.05910999,0.8538465,0.08704355
3082207966,0.35929817,0.3757704,0.2649315
3082311414,0.34547958,0.34368703,0.31083342
3082342023,0.5926233,0.19075447,0.21662222
3082350811,0.34421697,0.400043,0.25574008
3082750899,0.11470225,0.74795455,0.13734321
3082902780,0.37553608,0.29305312,0.3314108
3082905230,0.10952626,0.11134856,0.7791252
3082923178,0.32984456,0.3640075,0.306148
3083066022,0.5253539,0.2611386,0.2135075
3083085397,0.5588202,0.18790267,0.25327712
3083171021,0.32892284,0.37095577,0.30012137
3083277616,0.24054517,0.29968715,0.45976776
3083330215,0.4589268,0.3043813,0.23669188
3083341237,0.34790447,0.3507689,0.30132663
3083539562,0.30234915,0.29329348,0.40435734
3083609676,0.21651529,0.1981888,0.585296
3083670075,0.44472018,0.31063637,0.2446435
3083933354,0.3252335,0.34707424,0.32769227
3083982692,0.2451712,0.508286,0.24654281
3084008496,0.21986829,0.19206537,0.58806634
3084021416,0.24079974,0.2716799,0.4875203
3084033288,0.3072559,0.36036605,0.33237812
3084105970,0.21751906,0.5276218,0.25485918
3084220056,0.3282137,0.3612569,0.3105293
3084513551,0.6003984,0.19270375,0.20689778
3084564901,0.36773658,0.2974003,0.3348632
3084598297,0.20610592,0.20182492,0.5920691
3084615994,0.36596385,0.35978663,0.27424952
3084658938,0.3161222,0.33614546,0.3477323
3084659717,0.1313415,0.119988754,0.74866974
3084758527,0.2761167,0.45221615,0.27166703
3084873802,0.22316103,0.2733854,0.50345355
3084944646,0.53445375,0.222064,0.24348226
3084973894,0.540052,0.25236043,0.20758758
3085031188,0.34776053,0.35375762,0.29848182
3085202157,0.31656417,0.3205027,0.36293316
3085217752,0.21161559,0.61045724,0.17792709
3085233801,0.3362059,0.29359707,0.37019706
3085295000,0.12936111,0.10859253,0.7620463
3085409095,0.580966,0.21685895,0.20217513
3085482651,0.42528772,0.31057635,0.2641359
3085583190,0.42769343,0.29628262,0.27602386
3085589448,0.42387292,0.3220889,0.2540382
3085596661,0.45421466,0.27825758,0.2675278
3085637723,0.52711606,0.25641114,0.21647283
3085653498,0.36788914,0.3678445,0.26426643
3085803992,0.31576928,0.39868286,0.28554785
3085841476,0.45306838,0.24701169,0.29991993
3085870352,0.21821983,0.51604515,0.265735
3085908186,0.2781471,0.44292808,0.27892476
3085911180,0.35057336,0.37008116,0.27934545
3086067420,0.31210616,0.4316315,0.2562624
3086088239,0.261575,0.29414195,0.44428298
3086129346,0.39697564,0.2777717,0.32525265
3086185453,0.21865113,0.56138813,0.21996075
3086251167,0.26677814,0.4553994,0.27782252
3086443928,0.2701714,0.4674911,0.2623375
3086500943,0.33255053,0.3112671,0.35618243
3086558033,0.58569777,0.20221065,0.21209154
3086845272,0.7085487,0.093259536,0.1981917
3086862647,0.56158274,0.19318253,0.24523474
3086992094,0.30350357,0.3208202,0.37567618
3087143348,0.33796093,0.3390813,0.32295775
3087191337,0.2285173,0.36375314,0.40772954
3087222095,0.30612326,0.36009225,0.3337845
3087268927,0.6338615,0.14780797,0.21833049
3087297545,0.25483552,0.47003287,0.27513164
3087319746,0.46172547,0.3034845,0.23479004
3087375352,0.52134,0.20290752,0.27575243
3087434927,0.77217656,0.100870326,0.12695308
3087451766,0.3413709,0.38307175,0.27555737
3087686604,0.24498641,0.35461125,0.40040237
3087907846,0.35448587,0.38548753,0.2600266
3087929954,0.27304617,0.52393717,0.20301667
3088060202,0.27537996,0.42579755,0.29882243
3088163376,0.19285601,0.22904411,0.5780999
3088204513,0.1740557,0.6202151,0.20572922
3088253543,0.3365612,0.29266024,0.37077853
3088270804,0.40595096,0.29471016,0.2993389
3088300828,0.33975065,0.36984935,0.29040006
3088301452,0.19022173,0.5725414,0.23723684
3088340839,0.3797402,0.36420846,0.25605133
3088442512,0.33590165,0.3125097,0.3515887
3088459130,0.29327828,0.32224968,0.38447213
3088463771,0.28845784,0.38463262,0.3269095
3088513696,0.29025227,0.28953454,0.42021325
3088563252,0.39213607,0.33566335,0.27220052
3088783201,0.19124553,0.54944295,0.25931156
3088891531,0.5993295,0.171377,0.22929351
3088911270,0.3303272,0.35906914,0.31060362
3088947202,0.3593135,0.3375429,0.30314365
3088947385,0.5597132,0.17930663,0.26098025
3088978856,0.30030033,0.3635527,0.33614698
3089101616,0.6363735,0.16498995,0.1986365
3089157801,0.3697717,0.31726158,0.31296676
3089175330,0.34434864,0.36760736,0.28804398
3089214893,0.2690644,0.39958614,0.33134946
3089272142,0.30841634,0.39459616,0.29698747
3089313547,0.35409066,0.36001074,0.2858986
3089377938,0.31802255,0.2835048,0.39847258
3089420876,0.19837543,0.5517054,0.24991916
3089496608,0.4144309,0.30763608,0.27793303
3089529452,0.15270638,0.6756288,0.17166485
3089594862,0.2510569,0.351418,0.3975251
3089658022,0.419235,0.32350856,0.25725645
3089770632,0.08501546,0.07763152,0.83735305
3090000112,0.090109885,0.8066671,0.10322296
3090046073,0.35831472,0.39330456,0.24838072
3090076144,0.23828264,0.20293538,0.55878186
3090092744,0.18112384,0.62640464,0.1924715
3090109166,0.8117626,0.07356116,0.11467627
3090112966,0.2500865,0.41284966,0.33706388
3090213908,0.23253267,0.47886878,0.28859854
3090387607,0.5054421,0.27862895,0.21592897
3090509208,0.1991287,0.55929124,0.2415801
3090691482,0.3343454,0.34157205,0.32408258
3090869966,0.5525089,0.24403663,0.20345452
3090876077,0.5024161,0.24180426,0.25577968
3091013447,0.14875087,0.6935156,0.15773354
3091015415,0.16580504,0.5666541,0.26754084
3091068934,0.21553805,0.2198748,0.5645871
3091164532,0.17257962,0.18437266,0.64304775
3091183532,0.19868709,0.6122844,0.18902847
3091314310,0.36389542,0.35408548,0.2820191
3091425124,0.13324149,0.7228769,0.14388157
3091619447,0.24241228,0.38978383,0.36780387
3091621454,0.2052997,0.3705036,0.42419672
3091626780,0.30060476,0.39678577,0.3026095
3091718630,0.11683481,0.7401857,0.14297952
3091869317,0.34437025,0.16823974,0.48739
3092133907,0.58995974,0.1708149,0.2392254
3092160493,0.6214534,0.14033641,0.23821017
3092256333,0.07817662,0.8163076,0.1055158
3092269785,0.23128802,0.4608267,0.3078853
3092414999,0.44556227,0.2659468,0.28849098
3092606564,0.4499448,0.29630983,0.25374538
3092607731,0.113152735,0.7503023,0.13654493
3092626837,0.11887427,0.74345875,0.13766696
3092631527,0.2875565,0.45074162,0.26170185
3092901819,0.3014057,0.34034768,0.35824656
3092943643,0.17951342,0.18978661,0.63070005
3093053304,0.31911987,0.35416123,0.3267189
3093066633,0.28811467,0.44852188,0.26336348
3093182755,0.20878288,0.47246304,0.3187541
3093363632,0.21893553,0.58121115,0.19985326
3093443898,0.5129889,0.2437582,0.2432529
3093584317,0.22874755,0.5109929,0.26025957
3093619804,0.5020709,0.19313076,0.3047983
3093632111,0.17785454,0.64761156,0.17453396
3093699190,0.45578966,0.2594515,0.2847588
3093751502,0.16467282,0.1711731,0.6641541
3093904042,0.15237595,0.6227167,0.22490737
3093916061,0.13604675,0.70654833,0.15740497
3093926643,0.1326665,0.09988467,0.7674488
3094002205,0.09707284,0.76812816,0.13479899
3094002790,0.39066568,0.30792186,0.30141252
3094053538,0.28784603,0.30084816,0.41130587
3094078886,0.39037,0.2890775,0.32055256
3094149540,0.2625764,0.30611745,0.43130615
3094328503,0.103655,0.755296,0.14104898
3094381713,0.07319226,0.06385285,0.86295485
3094480463,0.2739404,0.38267758,0.34338197
3094504467,0.35889792,0.33180693,0.30929518
3094595890,0.24511422,0.44637492,0.30851087
3094784593,0.30324754,0.31076363,0.38598883
3094798631,0.6341074,0.17687757,0.18901506
3094843833,0.16930291,0.48033136,0.35036567
3094862692,0.2323891,0.4848039,0.282807
3094915719,0.25575715,0.2634462,0.4807967
3094983201,0.4748757,0.24676968,0.27835461
3095158052,0.16651212,0.18839563,0.6450922
3095204579,0.4415916,0.21986468,0.33854374
3095239484,0.3739204,0.2904164,0.3356632
3095478682,0.29248187,0.4256102,0.2819079
3095575979,0.1493228,0.15056682,0.7001104
3095808000,0.24335521,0.19710204,0.5595427
3095831562,0.14694482,0.15389931,0.6991558
3095840548,0.44807145,0.29613113,0.25579745
3095866924,0.111531764,0.7439738,0.14449453
3096108068,0.2433101,0.49095657,0.26573342
3096214989,0.19456048,0.57756627,0.2278733
3096219054,0.43815792,0.26328364,0.2985584
3096378858,0.08568605,0.8081677,0.10614619
3096588795,0.46742305,0.29498324,0.23759376
3096617085,0.16593446,0.60282314,0.23124236
3096903886,0.39103803,0.35661152,0.25235045
3096996390,0.34551662,0.2836769,0.3708065
3097064175,0.45932278,0.28158885,0.25908837
3097270151,0.21640082,0.55359966,0.22999953
3097313689,0.10581629,0.74984765,0.14433607
3097361978,0.52753294,0.240163,0.2323041
3097370119,0.29870707,0.37064514,0.3306478
3097391026,0.43154624,0.28127015,0.28718358
3097427500,0.1804687,0.6135019,0.20602946
3097461969,0.24036093,0.29250598,0.4671331
3097560377,0.3203204,0.40153426,0.27814534
3097609055,0.31266698,0.40787518,0.27945787
3097721062,0.7974864,0.078429185,0.12408438
3097809776,0.3537004,0.3493463,0.29695332
3097857965,0.30475083,0.4192524,0.27599677
3097961508,0.22480889,0.22832179,0.5468693
3098051344,0.45291612,0.29148278,0.25560114
3098064374,0.3379601,0.25669295,0.40534693
3098143032,0.2963942,0.4393598,0.264246
3098148572,0.16700973,0.62277097,0.21021928
3098242455,0.32100123,0.3268179,0.35218084
3098345292,0.48156124,0.27654096,0.2418979
3098371447,0.09497805,0.09645301,0.8085689
3098410193,0.67340416,0.10761348,0.21898235
3098432195,0.19086927,0.6160096,0.19312109
3098513522,0.39527252,0.34592462,0.25880286
3098518636,0.39753595,0.35309005,0.249374
3098604084,0.14382839,0.56700474,0.28916693
3098609347,0.3881704,0.26129028,0.35053933
3098825010,0.33351213,0.3601357,0.30635208
3098857308,0.14604309,0.6766704,0.17728655
3098862311,0.35667518,0.34492996,0.29839483
3098941122,0.35008505,0.3514678,0.29844722
3098956674,0.3927626,0.35032976,0.25690767
3099031139,0.23173043,0.26594195,0.5023276
3099090308,0.06780161,0.06638215,0.8658162
3099104524,0.64929104,0.15860127,0.19210762
3099174131,0.6640645,0.13998145,0.19595404
3099191281,0.114696495,0.7242645,0.16103905
3099241671,0.3531602,0.33122876,0.31561103
3099513809,0.3455495,0.35935125,0.2950992
3099521480,0.3954371,0.28435913,0.32020378
3099535415,0.28311187,0.41104364,0.30584463
3099631123,0.36869788,0.27315873,0.35814348
3099689885,0.48837548,0.26171342,0.2499111
3099780245,0.10714828,0.09492849,0.79792327
3099794645,0.13694768,0.14235161,0.7207007
3099843863,0.2194358,0.5454419,0.23512219
3099855586,0.59190243,0.1853494,0.22274815
3099886584,0.31312656,0.26047343,0.4264
3099966493,0.114114694,0.110519886,0.7753654
3099984013,0.4681311,0.26700845,0.2648604
3100352663,0.23386437,0.2655405,0.50059515
3100379264,0.46117404,0.28122407,0.2576019
3100461660,0.44147334,0.23257028,0.32595634
3100516126,0.6433274,0.13179049,0.22488208
3100540345,0.5919958,0.1665696,0.24143465
3100682988,0.22644185,0.4792835,0.2942746
3100684830,0.23169614,0.23763643,0.5306674
3100899104,0.13851155,0.69042164,0.17106679
3101128350,0.22023392,0.55083835,0.22892775
3101142789,0.33244056,0.3756742,0.2918852
3101359383,0.14050397,0.6950865,0.1644096
3101459329,0.39604175,0.28784734,0.31611082
3101472986,0.23076479,0.5527683,0.2164669
3101578865,0.7685744,0.08725101,0.14417458
3101586023,0.5731204,0.21832246,0.20855713
3101596132,0.12170374,0.12211461,0.7561816
3101600161,0.59734887,0.21388584,0.18876532
3101631425,0.14132982,0.6827195,0.17595068
3101718748,0.48761338,0.20408091,0.30830565
3101760267,0.399692,0.2653379,0.33497003
3101809545,0.34747776,0.33973736,0.31278485
3101848454,0.3194749,0.31761208,0.36291304
3101860307,0.2930496,0.3039247,0.40302572
3101969013,0.19960222,0.5998161,0.20058173
3101990951,0.12968573,0.1511687,0.71914554
3102002415,0.2341317,0.4860352,0.27983302
3102037657,0.35749528,0.3533049,0.28919986
3102288035,0.09338186,0.7840851,0.122533016
3102503369,0.37873158,0.32364792,0.2976205
3102605536,0.35361835,0.35001177,0.29636988
3102657186,0.18565278,0.49939373,0.31495348
3102676998,0.43957922,0.2952998,0.26512098
3103125684,0.6019105,0.19984552,0.19824402
3103197924,0.47913426,0.2798452,0.2410205
3103235232,0.21914381,0.18125482,0.5996014
3103253909,0.52008444,0.17847636,0.30143923
3103286260,0.39684165,0.32794815,0.27521014
3103290908,0.30063772,0.29797667,0.40138555
3103332337,0.3732936,0.3321941,0.29451227
3103387656,0.27723703,0.23798764,0.48477542
3103467041,0.7620049,0.09794344,0.14005168
3103478821,0.7434092,0.115056485,0.14153433
3103610995,0.23549603,0.3967538,0.36775023
3103614756,0.40879506,0.33761522,0.25358972
3103772742,0.35901773,0.34415558,0.29682666
3103789330,0.4424285,0.30695447,0.2506171
3103815484,0.22497801,0.38748989,0.38753217
3103818916,0.4284356,0.32374135,0.24782309
3103916330,0.10615949,0.08743487,0.80640554
3104105253,0.43134803,0.3271184,0.24153353
3104201540,0.13809781,0.69364864,0.16825359
3104226803,0.31790543,0.34907022,0.33302432
3104240192,0.42144388,0.3182847,0.26027146
3104293953,0.26563248,0.258496,0.47587153
3104325707,0.19261362,0.61575043,0.19163594
3104477059,0.54324764,0.25044695,0.20630549
3104494001,0.34740523,0.2915419,0.36105284
3104674448,0.45562667,0.29604444,0.2483289
3104840822,0.18364345,0.16920272,0.64715385
3104842073,0.3874762,0.28833807,0.32418573
3104915908,0.25081488,0.2813545,0.46783066
3104970871,0.3687151,0.32057723,0.3107077
3105191245,0.35534552,0.3570673,0.28758723
3105367246,0.49053514,0.27226287,0.23720205
3105493119,0.784068,0.0870931,0.12883887
3105504803,0.16928163,0.16791628,0.66280204
3105520786,0.16158171,0.15894355,0.6794748
3105528728,0.32128617,0.3956545,0.2830593
3105633569,0.5741811,0.21739143,0.20842737
3105680636,0.24269445,0.43094897,0.32635662
3105727943,0.38186857,0.28120688,0.33692455
3105795267,0.2617047,0.44878805,0.2895073
3105866995,0.31347594,0.32439318,0.36213094
3105902015,0.21493973,0.1661329,0.61892736
3106024360,0.4751668,0.27338904,0.25144416
3106050960,0.47898632,0.26408297,0.25693077
3106107126,0.2922835,0.40766802,0.30004838
3106179215,0.28316146,0.4330614,0.28377715
3106192553,0.5082752,0.27283752,0.21888721
3106198677,0.36291122,0.3163674,0.3207214
3106214473,0.43289858,0.2294758,0.33762562
3106229026,0.24616241,0.27704754,0.47679004
3106241304,0.43270546,0.2829341,0.28436047
3106313560,0.19077967,0.59411937,0.21510094
3106390386,0.30416584,0.2618644,0.43396968
3106420063,0.2124511,0.55590767,0.23164119
3106586309,0.11075128,0.76702493,0.12222384
3106653856,0.29254618,0.43935174,0.2681021
3106678392,0.4905894,0.2782401,0.23117048
3106686126,0.53020024,0.20176128,0.26803854
3106687065,0.24494676,0.4047144,0.35033876
3106744162,0.47963312,0.268858,0.2515089
3106758859,0.40660927,0.3314172,0.26197353
3106791978,0.30346277,0.37500405,0.32153326
3106917260,0.48933482,0.2794197,0.23124547
3107012975,0.5364908,0.23364215,0.22986704
3107245084,0.31848744,0.2940965,0.38741606
3107251341,0.27195692,0.4252039,0.30283925
3107262292,0.3133873,0.34079346,0.34581918
3107368367,0.25949594,0.2606777,0.4798264
3107412417,0.3172124,0.37590715,0.3068804
3107427156,0.095282495,0.11399268,0.7907248
3107427406,0.3063051,0.37195227,0.32174268
3107448377,0.25805947,0.33661845,0.4053221
3107720472,0.32363984,0.36799863,0.3083616
3107730846,0.25597444,0.4261686,0.31785697
3107834802,0.23783119,0.53865975,0.22350907
3107839649,0.12784325,0.6247208,0.24743593
3107923914,0.24244092,0.22272171,0.5348374
3108106421,0.289822,0.37582737,0.3343507
3108168833,0.093354315,0.081141315,0.8255043
3108441608,0.3054456,0.4412747,0.25327972
3108513784,0.3900872,0.3645842,0.24532863
3108517699,0.19153196,0.531624,0.27684405
3108598357,0.23445147,0.22129084,0.54425764
3108670727,0.3157247,0.3044642,0.37981108
3108802599,0.15248169,0.67945206,0.1680663
3109135652,0.52570826,0.18112886,0.29316288
3109380169,0.33042184,0.3448607,0.32471755
3109391233,0.106724136,0.75415987,0.13911597
3109422004,0.50418144,0.26646012,0.22935848
3109509752,0.13155177,0.11667173,0.7517765
3109532268,0.17047732,0.615188,0.21433471
3109604145,0.40558752,0.3339743,0.26043814
3109719287,0.38065347,0.27914003,0.3402066
3109772643,0.45066997,0.3000212,0.24930878
3109777101,0.22987886,0.4063834,0.36373776
3109790409,0.41877162,0.327074,0.25415432
3110012729,0.51323164,0.21755922,0.26920918
3110105182,0.5122751,0.23712675,0.25059816
3110144979,0.574117,0.18920967,0.2366733
3110268272,0.33461696,0.32506528,0.34031773
3110289679,0.3495823,0.27805012,0.37236753
3110375853,0.33068565,0.27993512,0.38937923
3110604328,0.2718194,0.47646183,0.25171876
3110692321,0.30923527,0.25846273,0.43230203
3110745981,0.35870305,0.34391344,0.29738352
3110846769,0.26964742,0.3212878,0.40906483
3110875412,0.54833716,0.23336577,0.218297
3110884608,0.6488835,0.14423093,0.20688558
3111051399,0.746361,0.09304359,0.16059542
3111057190,0.19766106,0.1763399,0.62599903
3111157437,0.37319896,0.35253382,0.2742672
3111232716,0.33681467,0.36901462,0.2941707
3111233774,0.1725588,0.19202282,0.6354184
3111254692,0.49199793,0.26793015,0.24007198
3111259906,0.28893596,0.27693257,0.43413147
3111320687,0.1496341,0.65777344,0.19259255
3111446318,0.4312107,0.34460428,0.22418506
3111466133,0.12782772,0.11982783,0.7523445
3111527516,0.103506826,0.092701614,0.8037915
3111553559,0.2479115,0.33024374,0.4218447
3111754994,0.47792748,0.27247763,0.24959491
3111796895,0.34876448,0.32738274,0.32385278
3111800102,0.739022,0.11194261,0.14903533
3111856940,0.551477,0.2157299,0.2327931
3111912460,0.59128094,0.207622,0.2010971
3111924196,0.46355346,0.25379774,0.2826487
3111979393,0.2990333,0.36957073,0.3313959
3112039367,0.31920964,0.3806576,0.30013284
3112368839,0.44050515,0.24541025,0.31408465
3112452243,0.385186,0.3139617,0.30085233
3112462652,0.41447273,0.31969902,0.2658282
3112490835,0.5341782,0.25030458,0.21551721
3112731369,0.0869278,0.07448342,0.8385888
3112846930,0.39720473,0.3227963,0.27999902
3112867168,0.3146077,0.29886326,0.38652897
3112985168,0.105035186,0.74918526,0.14577954
3113047672,0.05455021,0.8601622,0.08528762
3113073505,0.338765,0.40453646,0.2566985
3113137370,0.09782484,0.7742468,0.12792836
3113187617,0.3726436,0.35037833,0.2769781
3113188733,0.322134,0.357134,0.32073206
3113198560,0.3451582,0.30552807,0.3493137
3113219473,0.41350764,0.32517272,0.26131964
3113307428,0.41290486,0.2990258,0.2880694
3113395482,0.47662443,0.2935628,0.22981276
3113440334,0.2948197,0.30042154,0.40475878
3113462875,0.16570222,0.63948476,0.19481292
3113489287,0.6281024,0.17313379,0.19876374
3113540436,0.2406424,0.5153506,0.24400702
3113578438,0.4037494,0.32262278,0.27362773
3113585872,0.26040134,0.4490144,0.29058433
3113639083,0.4121538,0.27877083,0.3090754
3113727121,0.28400618,0.30181256,0.41418126
3114229518,0.27521574,0.3021116,0.42267263
3114233780,0.5471672,0.18455207,0.26828074
3114419244,0.36208436,0.3536059,0.28430983
3114521420,0.15123917,0.626059,0.22270179
3114749504,0.31923905,0.36293054,0.31783035
3114821119,0.14676365,0.6921381,0.16109836
3114841125,0.38284412,0.31008068,0.30707517
3114922513,0.21717258,0.20847441,0.57435304
3115055016,0.63401127,0.1621388,0.20384994
3115084000,0.31830275,0.24134746,0.44034976
3115211109,0.6182575,0.18126978,0.2004727
3115218807,0.32582107,0.35791174,0.31626722
3115223343,0.29390958,0.43179956,0.2742909
3115227947,0.24911053,0.4987228,0.25216666
3115289176,0.19954075,0.18054064,0.6199186
3115394963,0.3377117,0.32071218,0.34157613
3115443280,0.36172366,0.3251313,0.31314507
3115455159,0.08444627,0.80328447,0.112269245
3115520364,0.4065706,0.3118162,0.2816132
3115670617,0.32584324,0.15727927,0.5168775
3115718677,0.59296435,0.20616825,0.20086737
3115725723,0.15078256,0.6793778,0.16983965
3115782267,0.18895864,0.59915656,0.21188466
3115807241,0.46459648,0.2946515,0.24075203
3115823626,0.24637446,0.41646582,0.33715972
3115834412,0.14192468,0.7182889,0.1397864
3116014529,0.4207672,0.32376635,0.2554665
3116140543,0.54352117,0.23359928,0.22287965
3116237247,0.47392794,0.24553725,0.28053483
3116423749,0.43716988,0.2449991,0.31783104
3116470320,0.3143078,0.31895944,0.36673275
3116547749,0.24700831,0.24084641,0.5121453
3116680977,0.14758298,0.6735729,0.17884418
3116717831,0.25598854,0.27043617,0.4735753
3116722092,0.22385195,0.55935585,0.21679224
3116726125,0.395089,0.36047658,0.24443439
3116729160,0.16336885,0.16007262,0.6765586
3116734159,0.2034247,0.21863703,0.57793826
3117091946,0.631819,0.17990816,0.18827285
3117122035,0.30601433,0.3575938,0.33639184
3117189194,0.34572142,0.3236919,0.33058673
3117190919,0.63129514,0.15123756,0.21746728
3117299475,0.38476154,0.2986727,0.31656578
3117319064,0.28212067,0.33100167,0.3868776
3117343453,0.30867055,0.43470922,0.25662023
3117346498,0.47328958,0.23424268,0.29246783
3117383076,0.4584921,0.29597571,0.24553227
3117438367,0.26030368,0.25355837,0.48613796
3117440397,0.24908596,0.44226283,0.30865118
3117504458,0.49561465,0.2445958,0.25978962
3117612221,0.4988715,0.2643923,0.23673628
3117652776,0.18339723,0.6000862,0.21651654
3117702480,0.37465873,0.31397232,0.31136894
3117729208,0.44914657,0.29688612,0.25396737
3117744046,0.11482527,0.7542779,0.13089687
3117915796,0.4179141,0.32778767,0.2542983
3117972442,0.16403688,0.6610849,0.17487821
3118065757,0.18767145,0.19810356,0.6142251
3118227850,0.40310684,0.32018736,0.27670586
3118238567,0.1843274,0.54319,0.27248254
3118254456,0.34305733,0.26588997,0.3910527
3118365366,0.30621156,0.32616472,0.36762384
3118381298,0.40883172,0.32604647,0.2651218
3118390274,0.3557528,0.36916688,0.27508032
3118417154,0.55433846,0.17812371,0.26753777
3118470191,0.25922602,0.48561913,0.25515482
3118589532,0.18570378,0.56566423,0.24863194
3118612757,0.26729262,0.3478133,0.38489413
3118707841,0.4224751,0.277875,0.29964992
3118716643,0.7555426,0.10407773,0.14037971
3118985823,0.34005198,0.37329465,0.2866533
3119122409,0.12933649,0.105918005,0.7647454
3119179688,0.14361265,0.106170535,0.75021684
3119265615,0.27085054,0.27954155,0.4496079
3119269929,0.27954578,0.3549408,0.36551344
3119297099,0.37422773,0.35018727,0.275585
3119298581,0.41297778,0.28635746,0.30066472
3119331267,0.17183134,0.642229,0.1859396
3119345720,0.35051325,0.3905213,0.2589654
3119395072,0.35401675,0.3784221,0.26756117
3119444497,0.23873097,0.47379005,0.28747892
3119447669,0.32737088,0.35123283,0.3213963
3119467173,0.3743991,0.31834325,0.3072576
3119565999,0.21743979,0.5473677,0.23519255
3119702711,0.28213882,0.4273334,0.29052773
3119762531,0.14227976,0.15668243,0.70103776
3119906185,0.37410513,0.2859527,0.3399422
3119934809,0.5771963,0.16431403,0.2584897
3119963331,0.09948351,0.09080242,0.809714
3120105776,0.45910466,0.2974074,0.24348797
3120197394,0.24146786,0.40444955,0.35408264
3120263175,0.2696832,0.4470731,0.28324363
3120291721,0.19282056,0.59484357,0.21233591
3120380889,0.4259881,0.31106904,0.26294285
3120525292,0.45624173,0.27463603,0.26912233
3120555866,0.21496944,0.37184343,0.41318706
3120593783,0.398348,0.33484226,0.26680982
3120624465,0.2632844,0.33313107,0.4035845
3120800619,0.45021933,0.2912236,0.25855708
3120826500,0.30527407,0.3016612,0.3930647
3120880553,0.36825237,0.3383486,0.293399
3121062050,0.7622524,0.07944609,0.15830153
3121170710,0.38009894,0.2902825,0.32961854
3121212272,0.24337263,0.46611893,0.29050842
3121223262,0.32262203,0.2450487,0.4323293
3121230925,0.089631766,0.8038897,0.106478594
3121278068,0.092191234,0.7936111,0.11419769
3121296367,0.3225827,0.3680085,0.3094088
3121464084,0.1285597,0.12184565,0.74959457
3121557502,0.320128,0.36372265,0.31614938
3121672215,0.22305094,0.21909516,0.55785394
3121709526,0.523765,0.24777287,0.22846214
3121888392,0.29530016,0.43508354,0.26961634
3121943818,0.318521,0.40003166,0.28144735
3121980389,0.42180416,0.2999575,0.27823836
3122001001,0.36889243,0.3853295,0.24577804
3122001820,0.24543655,0.4028835,0.35167998
3122042208,0.39334458,0.35012066,0.25653479
3122156389,0.31920964,0.43732768,0.24346277
3122162418,0.07001572,0.0661795,0.8638048
3122230696,0.27394778,0.42874137,0.29731083
3122593842,0.29052392,0.39626783,0.31320828
3122601877,0.27639464,0.39361128,0.32999414
3122628137,0.24992387,0.43128532,0.31879085
3122654430,0.41188225,0.30443573,0.28368205
3122656712,0.22512376,0.29740718,0.47746912
3122756146,0.31590867,0.2994647,0.38462663
3122951792,0.4096245,0.30715021,0.28322533
3122983559,0.4146617,0.2733378,0.31200045
3123030166,0.22330272,0.5284564,0.24824093
3123202315,0.25459942,0.45881835,0.28658223
3123291840,0.5233999,0.25624764,0.22035249
3123345378,0.5243746,0.20990725,0.26571816
3123381052,0.2340233,0.47799164,0.28798512
3123501433,0.57321316,0.21032378,0.21646303
3123657491,0.29821172,0.24882782,0.4529605
3123663743,0.24739367,0.24667291,0.5059334
3123678397,0.19887322,0.52872056,0.2724062
3123680772,0.55993366,0.2291725,0.21089382
3123763257,0.34694576,0.38723844,0.26581576
3123811784,0.20009239,0.2565217,0.54338586
3123962082,0.4640835,0.28329155,0.2526249
3123980230,0.32381353,0.2913895,0.38479698
3124062242,0.2807912,0.32632437,0.39288446
3124182442,0.3346324,0.36440775,0.30095986
3124221261,0.5199281,0.21436955,0.26570237
3124234427,0.39850003,0.32161495,0.279885
3124419674,0.22837307,0.5091947,0.26243234
3124436103,0.25590116,0.24045485,0.503644
3124445642,0.41665745,0.27360764,0.30973497
3124492090,0.31193507,0.44217667,0.24588831
3124673399,0.12147271,0.09837478,0.7801525
3124673444,0.5466056,0.23995325,0.21344121
3124701733,0.14290947,0.13882187,0.7182687
3124768680,0.33815247,0.40964577,0.2522017
3124874036,0.31535757,0.35082385,0.3338186
3124949156,0.45754254,0.28044188,0.26201558
3124970366,0.4031982,0.27788472,0.3189171
3125075861,0.20628585,0.26745033,0.5262638
3125194034,0.382428,0.3070607,0.31051126
3125416036,0.4215869,0.34038773,0.23802537
3125432525,0.39436918,0.21514733,0.39048347
3125557184,0.38953006,0.28453755,0.3259324
3125558595,0.30683884,0.34266114,0.35050002
3125589327,0.38548803,0.37725368,0.23725827
3125659584,0.33151034,0.3137445,0.35474524
3125791465,0.33584684,0.33122897,0.33292413
3125802968,0.43163353,0.23505926,0.3333072
3125841475,0.10029484,0.09210621,0.80759895
3125938197,0.09948882,0.79333127,0.10717987
3126038295,0.26110306,0.38914424,0.3497527
3126050522,0.26644376,0.19920692,0.5343493
3126106024,0.13864394,0.13881783,0.7225383
3126130166,0.28030723,0.36660612,0.35308665
3126161786,0.4424896,0.31826025,0.23925015
3126204522,0.3591451,0.34283668,0.29801822
3126269430,0.24081653,0.22054909,0.5386343
3126291522,0.25721034,0.3802686,0.36252108
3126359635,0.3858427,0.2967809,0.31737643
3126403093,0.43617246,0.2995258,0.26430175
3126431846,0.38315636,0.2805729,0.3362707
3126507428,0.32616696,0.31712344,0.35670963
3126626033,0.1781336,0.18780498,0.6340614
3126634493,0.33114445,0.3877275,0.28112802
3126636564,0.30675703,0.40630433,0.28693864
3126804982,0.31201884,0.39448324,0.29349795
3126953145,0.1539605,0.6380533,0.2079862
3126978425,0.29699662,0.32978866,0.37321472
3127089121,0.3381358,0.3755273,0.28633687
3127131578,0.47228357,0.22713517,0.3005813
3127136283,0.40343797,0.322844,0.27371803
3127141108,0.42734033,0.21322958,0.35943007
3127173775,0.31766272,0.36422578,0.31811145
3127189048,0.3273026,0.39111048,0.28158686
3127238840,0.23369426,0.50233394,0.26397184
3127277799,0.14386615,0.5245791,0.33155474
3127299770,0.28424072,0.29640156,0.4193577
3127364899,0.24408574,0.29724273,0.4586716
3127421284,0.3570364,0.32209998,0.32086363
3127429461,0.3259005,0.25467572,0.41942382
3127434776,0.31106833,0.29041967,0.39851198
3127462025,0.16388036,0.14344437,0.69267535
3127468805,0.503592,0.2837198,0.21268818
3127477227,0.2539138,0.2737468,0.4723394
3127687919,0.3527497,0.3404167,0.30683362
3127719292,0.35891137,0.3438667,0.2972219
3127766303,0.39157066,0.38750857,0.22092077
3127902019,0.13042071,0.7220067,0.14757259
3127975893,0.5551507,0.23440476,0.2104446
3128001044,0.35939148,0.2876077,0.3530009
3128138069,0.11069302,0.76083857,0.1284684
3128179535,0.31485713,0.42069975,0.26444322
3128245310,0.2160771,0.507928,0.27599487
3128361922,0.2629942,0.46885294,0.26815298
3128382860,0.4160367,0.2356779,0.34828535
3128417118,0.41658753,0.29366136,0.28975108
3128461655,0.1877462,0.624789,0.1874648
3128495466,0.41010702,0.31106713,0.27882588
3128503467,0.2567502,0.50095093,0.24229884
3128513861,0.16894813,0.16284136,0.66821045
3128629294,0.15477502,0.18738557,0.65783936
3128690995,0.19400856,0.5799323,0.22605921
3128854159,0.3274765,0.35319468,0.3193288
3128968318,0.30416596,0.35766777,0.33816633
3128979269,0.2850856,0.23624279,0.47867155
3129051494,0.26466906,0.2722186,0.46311226
3129239382,0.40028897,0.29478478,0.30492625
3129409467,0.22969933,0.18808664,0.582214
3129414343,0.10040113,0.7836156,0.11598325
3129537599,0.64654183,0.15403236,0.19942582
3129568360,0.23470764,0.43374264,0.33154967
3129675693,0.26843762,0.29216188,0.4394005
3129954536,0.24856165,0.33186767,0.4195707
3129970254,0.30957726,0.3778357,0.31258705
3130028850,0.43854037,0.29396498,0.26749462
3130256076,0.09727533,0.09731166,0.80541307
3130354171,0.23789084,0.26187214,0.500237
3130380509,0.58286464,0.21653302,0.20060226
3130434492,0.20498013,0.30657035,0.4884496
3130449317,0.08158263,0.81996167,0.098455705
3130496322,0.24219063,0.47048625,0.2873231
3130638102,0.46747458,0.24987778,0.2826476
3130645471,0.204746,0.57799315,0.21726082
3130731450,0.30498463,0.3737509,0.32126445
3130752851,0.17965224,0.18187751,0.63847023
3130764272,0.24664272,0.2946967,0.4586606
3130842562,0.3186791,0.3607822,0.32053867
3130871701,0.4274172,0.27471223,0.29787058
3131004547,0.47103566,0.2533093,0.275655
3131037074,0.65574545,0.16583511,0.17841941
3131161078,0.252529,0.511921,0.23555003
3131176472,0.47203693,0.29733106,0.23063195
3131238175,0.2542956,0.47836405,0.26734042
3131280903,0.38488263,0.28588232,0.32923493
3131629095,0.35575715,0.36393726,0.28030562
3131742962,0.4966782,0.2709125,0.23240927
3131767571,0.26644802,0.32478058,0.40877143
3131806717,0.6797104,0.17306837,0.14722122
3131886639,0.22147316,0.3103331,0.4681937
3132260018,0.15920165,0.16382758,0.6769707
3132318604,0.18563123,0.19034901,0.6240198
3132415645,0.29158536,0.37242725,0.3359873
3132458420,0.6240795,0.1796602,0.19626023
3132520181,0.32090613,0.36876062,0.31033322
3132599248,0.39933285,0.32005557,0.28061154
3132783575,0.20932868,0.24109824,0.549573
3132810475,0.50507015,0.25772575,0.23720403
3132993142,0.31072834,0.2904494,0.39882222
3133197572,0.47191966,0.2625752,0.2655051
3133235971,0.26151788,0.29466113,0.44382098
3133268896,0.35272905,0.33783853,0.3094324
3133288267,0.3825619,0.30359778,0.31384036
3133387001,0.7224504,0.11339499,0.1641547
3133539954,0.55046207,0.23313807,0.2163999
3133692258,0.3848417,0.26677495,0.34838334
3133741857,0.72965515,0.11895321,0.1513917
3133793950,0.5446796,0.22879767,0.22652274
3133947688,0.3049097,0.41202968,0.28306058
3133953815,0.5848123,0.20604606,0.2091416
3133961931,0.3301625,0.36407238,0.30576512
3133985960,0.2819883,0.3725875,0.34542423
3134027041,0.3860839,0.3092865,0.30462962
3134143027,0.26412657,0.48791817,0.24795526
3134214200,0.50227773,0.26118258,0.23653965
3134295633,0.7720991,0.0869747,0.14092626
3134377056,0.112504825,0.7552482,0.13224696
3134391356,0.31808272,0.3464005,0.33551684
3134547860,0.26449504,0.30284548,0.43265954
3134551974,0.2304623,0.42600366,0.34353396
3134877002,0.3385159,0.2824597,0.3790244
3134896213,0.37130103,0.34032783,0.2883712
3134921111,0.366421,0.33010152,0.3034775
3134929985,0.1542462,0.63581246,0.20994139
3134984933,0.34106576,0.34808853,0.3108457
3135014373,0.22553904,0.500506,0.27395502
3135035366,0.40581772,0.29936898,0.29481328
3135049907,0.35727733,0.30026445,0.34245822
3135073279,0.11144567,0.10228771,0.7862666
3135158524,0.35211018,0.3012889,0.34660098
3135235841,0.3776945,0.3340522,0.2882533
3135238352,0.13604726,0.7034317,0.16052108
3135284628,0.090812296,0.088025495,0.8211622
3135329532,0.26645866,0.3909511,0.3425902
3135367776,0.25918728,0.49012172,0.2506909
3135372090,0.16127811,0.65359294,0.18512896
3135422751,0.25057814,0.3977224,0.35169947
3135436594,0.16345543,0.66168207,0.1748626
3135493112,0.14436579,0.6989887,0.15664552
3135518613,0.56956196,0.20297214,0.22746593
3135521413,0.3326959,0.40119544,0.26610863
3135597227,0.3164979,0.3365706,0.34693146
3135601918,0.27807194,0.3924373,0.3294908
3135773592,0.4607209,0.2665953,0.2726838
3135840932,0.2847927,0.38467973,0.33052757
3135871519,0.6430248,0.15424928,0.20272587
3135936182,0.42502633,0.31157064,0.263403
3135960956,0.4021569,0.30118006,0.2966631
3136011472,0.4679432,0.27534497,0.2567118
3136102386,0.2916631,0.41232514,0.29601178
3136345811,0.2861237,0.45295447,0.26092184
3136352539,0.4313854,0.229227,0.33938763
3136490294,0.4322128,0.17765903,0.39012814
3136495870,0.26170537,0.4253966,0.3128981
3136512273,0.24486572,0.36914217,0.38599214
3136600167,0.2468298,0.31711066,0.43605947
3136639721,0.3333293,0.3795864,0.28708434
3136644673,0.29463825,0.42006284,0.28529894
3136705430,0.20455211,0.19555798,0.5998899
3136740653,0.34117302,0.36758658,0.2912404
3136741155,0.35711947,0.35328618,0.28959435
3136754729,0.44986063,0.27245948,0.27767992
3136842693,0.14122583,0.17458723,0.68418694
3137191065,0.2617824,0.25908592,0.47913158
3137240487,0.5052957,0.2727155,0.22198881
3137303515,0.33427948,0.37764966,0.28807095
3137305744,0.51073766,0.24087943,0.24838285
3137397839,0.37802756,0.34262067,0.27935177
3137552787,0.5817391,0.22226165,0.1959993
3137662257,0.47924802,0.21573927,0.30501258
3137684263,0.371034,0.30505317,0.32391283
3137898956,0.36684573,0.27926946,0.35388482
3137954246,0.36904547,0.33430323,0.29665127
3137989468,0.35065535,0.3420834,0.3072613
3137990947,0.26806462,0.2531545,0.4787809
3138136927,0.36670122,0.33530495,0.29799384
3138194603,0.3342651,0.2634628,0.40227214
3138245936,0.24979423,0.21650505,0.5337007
3138257656,0.3025831,0.43960336,0.25781348
3138305703,0.28514498,0.4182281,0.29662699
3138526750,0.64928055,0.1573878,0.19333161
3138617629,0.3037617,0.36080995,0.3354283
3138667899,0.63492626,0.1720755,0.19299828
3138681567,0.4161318,0.30854696,0.27532122
3138700469,0.2706102,0.3111723,0.4182174
3138765303,0.2816724,0.37450314,0.34382445
3138882544,0.50023514,0.250516,0.2492489
3139144826,0.356497,0.3334793,0.31002375
3139202326,0.27837086,0.45381516,0.26781395
3139227583,0.49068102,0.20783834,0.30148065
3139263737,0.39943555,0.3388955,0.26166892
3139310925,0.432756,0.30415908,0.26308495
3139327708,0.3885163,0.34768543,0.2637983
3139460568,0.25473228,0.45902428,0.2862435
3139465094,0.40462255,0.22785832,0.36751914
3139560623,0.28287405,0.4412511,0.27587482
3139567592,0.38425982,0.36737984,0.24836029
3139634062,0.3087598,0.2887824,0.40245774
3139716818,0.36137354,0.32754207,0.31108442
3139720474,0.10729857,0.1138329,0.77886856
3139972603,0.2552894,0.4340208,0.31068978
3140112133,0.29105407,0.29321828,0.41572773
3140140555,0.7509677,0.10712873,0.14190352
3140178633,0.32773164,0.24589491,0.4263735
3140270455,0.20665167,0.511373,0.2819754
3140319484,0.42675436,0.31590426,0.2573414
3140481622,0.2861198,0.30664057,0.40723965
3140519843,0.34189838,0.35375917,0.30434242
3140639297,0.36258873,0.319027,0.3183843
3140641722,0.17717242,0.5850521,0.23777552
3140646704,0.6025695,0.18470782,0.21272264
3140763219,0.12714899,0.12505971,0.74779135
3140793515,0.122332394,0.21213518,0.66553247
3140807902,0.25309607,0.27228618,0.47461778
3140863691,0.4454278,0.2744205,0.28015172
3140989039,0.2631049,0.2786852,0.45820984
3141096567,0.56824875,0.23052013,0.20123108
3141155728,0.32818708,0.32427937,0.34753358
3141285983,0.1091578,0.7572672,0.13357507
3141418597,0.09526869,0.77868646,0.12604481
3141447629,0.29368377,0.37248942,0.33382684
3141467727,0.500288,0.27920535,0.22050667
3141501701,0.24290961,0.2892499,0.46784046
3141550738,0.12248228,0.73371863,0.14379913
3141809073,0.2643228,0.27288842,0.46278882
3141847161,0.41313598,0.3393353,0.2475287
3141975792,0.41018888,0.26133233,0.32847878
3142024356,0.42972225,0.31449717,0.25578058
3142340893,0.2509391,0.4703325,0.27872837
3142349994,0.25368962,0.41425556,0.33205485
3142392955,0.48066312,0.27025938,0.24907753
3142453744,0.1825346,0.18293172,0.6345337
3142625345,0.22537301,0.5261493,0.24847765
3142639150,0.37133607,0.308628,0.3200359
3142658674,0.31800222,0.39372414,0.28827366
3142788758,0.3908181,0.34350985,0.265672
3142859207,0.22178245,0.17577378,0.6024438
3143017271,0.30944124,0.37160054,0.3189582
3143072315,0.24743602,0.5116091,0.240955
3143204990,0.20608531,0.57889926,0.2150154
3143207562,0.2614099,0.36383718,0.3747529
3143317308,0.5001935,0.2735401,0.2262664
3143333105,0.3199086,0.32124868,0.35884273
3143374960,0.36197123,0.29187363,0.34615514
3143430536,0.20284304,0.18761736,0.6095396
3143442327,0.4855821,0.27514467,0.23927316
3143483897,0.31371212,0.4078227,0.2784651
3143556385,0.49806187,0.27225608,0.22968204
3143570332,0.17667827,0.2176052,0.6057165
3143580160,0.14585033,0.7101607,0.143989
3143630536,0.32307628,0.2811205,0.39580315
3143834309,0.47181603,0.29537135,0.23281258
3143872499,0.19848211,0.5206525,0.28086537
3143940229,0.29038522,0.33507475,0.37453997
3143941811,0.32728183,0.29210776,0.38061035
3144105497,0.07564322,0.8264123,0.09794446
3144112588,0.3119316,0.3123095,0.3757588
3144171480,0.11694943,0.14207627,0.7409743
3144230286,0.283512,0.39635634,0.32013166
3144321884,0.3352531,0.3313656,0.33338135
3144326077,0.45493016,0.2932684,0.25180143
3144631269,0.29012838,0.42021316,0.2896584
3144700298,0.29180223,0.37697524,0.3312225
3144709602,0.1486779,0.69158673,0.1597354
3144727755,0.24169268,0.14767687,0.6106304
3144827818,0.31523308,0.36040294,0.32436398
3144887836,0.48935935,0.26811543,0.24252522
3144941870,0.30811337,0.25247586,0.43941075
3145091057,0.20430924,0.5998074,0.19588338
3145139755,0.5779218,0.20446059,0.21761762
3145198649,0.52909994,0.16150203,0.30939794
3145243621,0.67993236,0.13471115,0.18535645
3145501600,0.348371,0.44784537,0.20378357
3145616533,0.40160343,0.30320767,0.29518893
3145752512,0.47006175,0.30308336,0.2268549
3145755583,0.08852836,0.79431134,0.11716025
3145755720,0.43449152,0.286903,0.27860552
3145861839,0.2343467,0.37031654,0.39533675
3145897006,0.3772411,0.37236267,0.25039622
3145971877,0.5640105,0.19057606,0.24541336
3145976977,0.23663329,0.27309984,0.49026686
3146072681,0.28595963,0.33309478,0.38094556
3146106552,0.42700496,0.28636885,0.2866262
3146336964,0.09933998,0.09480214,0.80585796
3146364904,0.101784594,0.097509734,0.8007057
3146458567,0.44187266,0.27908278,0.27904457
3146482772,0.33587435,0.3772529,0.28687268
3146500987,0.4017387,0.341325,0.25693628
3146561527,0.16805714,0.6527621,0.17918082
3146694970,0.67111176,0.15221682,0.17667137
3146721997,0.35681,0.360671,0.28251907
3146736413,0.10493155,0.77063596,0.124432474
3146939356,0.30471793,0.44389793,0.25138414
3147025128,0.6213631,0.19190124,0.18673567
3147129569,0.32120597,0.2676504,0.4111436
3147131053,0.3478818,0.33420882,0.3179094
3147136220,0.65515596,0.16650522,0.17833881
3147229327,0.20875669,0.20942952,0.5818138
3147272494,0.3740554,0.30636176,0.3195828
3147368785,0.3539084,0.34814635,0.29794523
3147395021,0.26477402,0.24167788,0.49354804
3147444750,0.13544615,0.71988213,0.14467172
3147571473,0.37867972,0.3070089,0.31431136
3147572478,0.3557783,0.3855184,0.25870332
3147743795,0.09724224,0.10196147,0.8007962
3147938099,0.18233518,0.5582367,0.2594281
3147939056,0.45376596,0.26428202,0.281952
3148028396,0.28359532,0.41452566,0.3018791
3148136760,0.40740803,0.3265774,0.2660146
3148154933,0.27175486,0.46765384,0.2605914
3148231392,0.22057132,0.44846842,0.33096027
3148414308,0.39623812,0.28826734,0.3154945
3148430272,0.37753132,0.27125922,0.35120943
3148450888,0.23194045,0.33958262,0.42847696
3148480134,0.5003512,0.27295345,0.22669536
3148531304,0.21874402,0.18525445,0.59600157
3148575965,0.5921232,0.19120075,0.21667609
3148596852,0.5661012,0.23765644,0.19624236
3148752667,0.08727625,0.7930539,0.11966981
3148992817,0.29802638,0.31381747,0.38815612
3148993353,0.2526741,0.4866889,0.260637
3149103005,0.31239325,0.33555156,0.35205516
3149197997,0.13000536,0.7216073,0.1483873
3149203779,0.3353485,0.33742347,0.32722807
3149250801,0.5365339,0.23185593,0.2316102
3149266846,0.15805513,0.1530222,0.68892264
3149389330,0.25694275,0.40389475,0.33916244
3149419802,0.38880685,0.30401582,0.3071773
3149474427,0.11990897,0.72727674,0.1528143
3149762028,0.4086187,0.34336242,0.24801892
3149773255,0.49479017,0.2477591,0.25745073
3149860020,0.44375807,0.29905125,0.25719067
3149865571,0.2582023,0.48541495,0.25638276
3149909127,0.6182844,0.18733858,0.1943771
3149977107,0.38835055,0.29999873,0.31165072
3150049068,0.17774811,0.60680693,0.21544491
3150155618,0.47659945,0.1585131,0.36488745
3150175339,0.38548622,0.34095097,0.27356282
3150209257,0.19458634,0.61779845,0.18761523
3150253271,0.28150895,0.27943903,0.439052
3150496179,0.24786064,0.38507047,0.36706883
3150511487,0.4611684,0.27728438,0.2615472
3150591422,0.3406497,0.35038424,0.30896613
3150854522,0.07012726,0.831253,0.09861978
3150907130,0.42282295,0.296349,0.28082806
3150956596,0.27181107,0.26471126,0.46347764
3150991271,0.29200965,0.38019744,0.3277929
3151283626,0.21128485,0.34269667,0.4460185
3151363915,0.35914955,0.36739215,0.27345827
3151506490,0.33293217,0.32432944,0.3427384
3151523688,0.34768456,0.3645099,0.28780553
3151651525,0.45241624,0.23452158,0.31306222
3151830108,0.09376888,0.79683274,0.10939834
3152048564,0.6138035,0.19037752,0.19581896
3152076683,0.3294605,0.3252947,0.34524482
3152191285,0.49453935,0.20630978,0.29915082
3152246920,0.25320622,0.32396734,0.42282647
3152251936,0.5697916,0.19385457,0.23635387
3152418175,0.11510188,0.7401196,0.14477849
3152469915,0.70568234,0.15006873,0.14424904
3152538603,0.35303625,0.32682657,0.3201372
3152541550,0.3182034,0.41974917,0.26204747
3152543438,0.57529515,0.2300227,0.19468217
3152580090,0.34692153,0.34008852,0.31298998
3152623407,0.41305083,0.26553515,0.32141396
3152672209,0.23552436,0.50226325,0.2622124
3152737619,0.7290916,0.11247246,0.15843591
3152967660,0.5047864,0.2617522,0.23346141
3153114059,0.30438983,0.3690766,0.32653362
3153328671,0.3866075,0.34547067,0.26792184
3153361518,0.41035107,0.31051856,0.27913043
3153421296,0.27991882,0.40696585,0.31311527
3153546661,0.66319954,0.15679753,0.18000293
3153612856,0.4125852,0.27324325,0.31417155
3153644769,0.25373363,0.3702481,0.37601823
3153695400,0.33221167,0.34429055,0.3234977
3153715259,0.4310823,0.26662517,0.3022925
3153745208,0.40472004,0.30713633,0.2881436
3153887855,0.24747835,0.48298588,0.26953578
3153956489,0.29333612,0.3910437,0.3156203
3153958236,0.29556233,0.30477983,0.39965785
3154031076,0.105058126,0.77280116,0.12214073
3154036691,0.10639162,0.7762242,0.11738422
3154064663,0.18869299,0.5832313,0.22807568
3154099170,0.15271206,0.67040235,0.1768856
3154115627,0.28322947,0.367616,0.34915453
3154146096,0.33226115,0.2779711,0.38976774
3154289007,0.103195824,0.7804998,0.1163044
3154401889,0.22352284,0.5170849,0.25939226
3154531661,0.34000078,0.37903333,0.28096583
3154644118,0.19971505,0.41865137,0.38163352
3154672295,0.26352152,0.25943083,0.47704765
3154746136,0.25474578,0.25209078,0.4931634
3154814767,0.30929986,0.25980157,0.43089864
3154960222,0.23990843,0.47312734,0.28696424
3155272430,0.27740178,0.16076484,0.56183344
3155343441,0.2875776,0.44124344,0.271179
3155371541,0.15395036,0.61888117,0.22716844
3155792494,0.44952232,0.27428606,0.27619165
3155827929,0.14003758,0.114534736,0.7454277
3155945229,0.2504239,0.23838411,0.5111919
3155998954,0.36241302,0.3323584,0.30522856
3156104953,0.51541305,0.23134783,0.2532391
3156145621,0.35623455,0.3292458,0.31451964
3156337698,0.3452093,0.28620234,0.36858842
3156527426,0.31468448,0.36437163,0.32094386
3156569253,0.343334,0.30809903,0.34856695
3156604307,0.24856706,0.38194215,0.36949074
3156790535,0.5177267,0.20904699,0.27322626
3156903985,0.06780161,0.06638215,0.8658162
3156959575,0.2572759,0.47200495,0.27071914
3157042907,0.2626173,0.36576226,0.3716204
3157105320,0.14025553,0.71325463,0.14648978
3157144291,0.29710135,0.32211924,0.38077942
3157455036,0.1523669,0.16462387,0.68300915
3157534008,0.3853129,0.3260141,0.28867295
3157669566,0.328499,0.32008588,0.35141507
3157831575,0.3911312,0.26885843,0.3400104
3157898090,0.23945685,0.51245046,0.24809271
3157923798,0.11980529,0.11126061,0.7689341
3157927464,0.25161308,0.48558843,0.26279846
3157994534,0.16390638,0.6551726,0.18092106
3158090437,0.4215491,0.29614693,0.28230393
3158107144,0.23747519,0.47465315,0.28787157
3158347948,0.32454705,0.2708103,0.40464264
3158363630,0.3623693,0.3043347,0.33329597
3158391763,0.3587552,0.3531201,0.2881247
3158431490,0.54451025,0.15518263,0.30030712
3158497131,0.36929744,0.36513057,0.26557198
3158534263,0.15491754,0.66072506,0.18435746
3158551585,0.06780161,0.06638215,0.8658162
3158571212,0.33587277,0.3895106,0.27461663
3158658725,0.24932592,0.2527296,0.4979445
3158694360,0.6528984,0.15144706,0.19565459
3158702181,0.38562596,0.3060278,0.30834618
3158831658,0.18693714,0.3022494,0.5108134
3158861161,0.2975305,0.3335537,0.36891574
3158880787,0.49361536,0.2657569,0.24062768
3159201057,0.207037,0.22096835,0.57199466
3159281494,0.06780161,0.06638215,0.8658162
3159336985,0.33358163,0.41384473,0.2525737
3159509756,0.3707678,0.22317529,0.4060569
3159557003,0.22375011,0.5056479,0.27060196
3159716894,0.09006724,0.79922277,0.11071001
3159771224,0.3506124,0.33397928,0.31540835
3160086106,0.08282527,0.8074579,0.10971673
3160139880,0.18510336,0.35216606,0.4627306
3160183299,0.22297306,0.46519974,0.3118273
3160281443,0.33283055,0.33752304,0.3296464
3160386486,0.64652574,0.1413888,0.21208543
3160387391,0.2900269,0.35090417,0.35906896
3160426362,0.084309466,0.07712604,0.83856446
3160562372,0.5644577,0.2356704,0.19987194
3160724499,0.46446174,0.28903377,0.24650456
3160759258,0.45600358,0.3073025,0.2366939
3160808280,0.3706679,0.37915134,0.25018078
3160811124,0.28329042,0.4541556,0.26255396
3160830372,0.3532983,0.42911774,0.21758398
3161012622,0.38111526,0.33511755,0.28376722
3161158285,0.22281915,0.2042481,0.5729327
3161309877,0.5054791,0.205924,0.28859693
3161331018,0.32904357,0.34076604,0.3301904
3161515714,0.11775514,0.7423296,0.13991529
3161728750,0.326743,0.3596533,0.31360373
3161870076,0.4290381,0.23862745,0.3323345
3162157678,0.35164487,0.23873843,0.40961668
3162339548,0.28480136,0.35306644,0.36213222
3162376476,0.245785,0.4878789,0.2663361
3162444767,0.41064233,0.28918618,0.3001715
3162480935,0.73414487,0.11525998,0.15059514
3162488164,0.6448892,0.16290227,0.19220856
3162516600,0.23702592,0.432002,0.33097205
3162681519,0.31500503,0.33045626,0.35453868
3162740920,0.36226347,0.31471142,0.3230251
3162753262,0.3348261,0.35883045,0.30634338
3163032616,0.111982405,0.76367813,0.12433944
3163273199,0.45413962,0.31059188,0.2352685
3163320292,0.09808673,0.10202209,0.7998911
3163590534,0.36896795,0.3357704,0.29526168
3163591881,0.5556971,0.17992327,0.26437956
3163618745,0.34315827,0.31664926,0.34019244
3163659689,0.581146,0.20918868,0.20966531
3163701632,0.24602133,0.29202777,0.46195084
3163887586,0.36717385,0.326718,0.30610818
3163956249,0.18856533,0.17706716,0.6343675
3163971951,0.27633792,0.3936465,0.33001554
3163978458,0.14938793,0.14635266,0.70425946
3163987642,0.3051955,0.37731966,0.31748477
3164227135,0.28083026,0.26423314,0.45493662
3164417504,0.26489508,0.27491623,0.46018866
3164460276,0.3919523,0.3309077,0.27714
3164472988,0.42720842,0.27148035,0.3013113
3164508893,0.27653205,0.36271095,0.36075693
3164641298,0.38511017,0.39224866,0.22264118
3164690141,0.26043788,0.36593673,0.37362543
3164692104,0.2768299,0.48007885,0.24309124
3164791755,0.19665077,0.2801708,0.52317846
3164894455,0.19479081,0.19698006,0.60822916
3164903931,0.4836687,0.27331704,0.24301426
3165169892,0.24551146,0.47413763,0.28035086
3165218911,0.16252977,0.64237595,0.1950943
3165242937,0.43443558,0.31804508,0.24751928
3165414211,0.26382253,0.29163757,0.44453987
3165546521,0.34966984,0.29562244,0.3547077
3165633969,0.42090446,0.25997305,0.3191225
3165645434,0.6119208,0.14169843,0.24638082
3165686690,0.2523921,0.40729806,0.34030992
3165801328,0.4086741,0.31182882,0.2794971
3165822918,0.28859225,0.3282621,0.38314566
3166016206,0.2420406,0.4495266,0.3084328
3166044672,0.4532532,0.26546735,0.28127947
3166078009,0.40558773,0.29105312,0.30335915
3166194087,0.23737839,0.41927183,0.3433497
3166312500,0.3798465,0.32650146,0.29365206
3166346374,0.15104537,0.6771821,0.17177252
3166352819,0.4252533,0.29206678,0.28267992
3166367832,0.14503372,0.15473276,0.7002336
3166375684,0.19640799,0.50953805,0.29405388
3166707500,0.35396734,0.3541096,0.29192308
3166793621,0.36206415,0.34748194,0.29045385
3166911464,0.33131617,0.342321,0.32636288
3166918560,0.2996142,0.219099,0.48128682
3167023587,0.5276518,0.22769539,0.24465281
3167045159,0.3025189,0.32284155,0.37463948
3167193442,0.32780212,0.34785938,0.32433847
3167270274,0.5412923,0.23808753,0.22062014
3167280772,0.25492033,0.45624772,0.28883195
3167356751,0.11579399,0.106517896,0.7776881
3167359145,0.2073724,0.5894407,0.20318694
3167380795,0.13319683,0.6937085,0.17309467
3167433163,0.26348615,0.19627374,0.54024017
3167438898,0.21220407,0.5842561,0.20353985
3167458777,0.45501873,0.3023689,0.24261236
3167521866,0.1047009,0.75796795,0.13733116
3167548732,0.13559915,0.13962968,0.7247712
3167564064,0.5122866,0.25165215,0.23606126
3167602651,0.24957061,0.24585015,0.50457925
3167665192,0.4227095,0.2466086,0.3306819
3167686134,0.4792697,0.29511878,0.22561148
3167711830,0.2363354,0.47639796,0.28726658
3167740410,0.17535186,0.6157786,0.20886958
3167764273,0.38177943,0.35658252,0.26163805
3167779578,0.2605861,0.38865313,0.35076085
3167869222,0.3168209,0.31648502,0.3666942
3167880030,0.16553198,0.61842746,0.21604058
3167881073,0.35995686,0.3455959,0.29444727
3167885496,0.49305478,0.25586292,0.2510824
3167953966,0.50777817,0.208385,0.2838369
3167991102,0.1681377,0.5248675,0.30699477
3168066318,0.28890723,0.42794585,0.28314695
3168194795,0.21044284,0.45543936,0.33411783
3168378161,0.25822675,0.37079152,0.37098172
3168492817,0.38580072,0.39396942,0.22022985
3168866804,0.4665308,0.27182794,0.2616413
3168909592,0.30749625,0.21031582,0.48218793
3169031188,0.70409805,0.13192773,0.1639742
3169172778,0.231251,0.4678174,0.3009316
3169242870,0.29717574,0.39834705,0.30447724
3169291160,0.6301578,0.19878954,0.17105265
3169432118,0.39143857,0.31809613,0.2904653
3169476539,0.15899697,0.65508765,0.1859153
3169510936,0.35020375,0.2206107,0.42918557
3169589202,0.33676323,0.35748675,0.3057501
3169604517,0.42706758,0.28318247,0.28974998
3169747055,0.5443186,0.21022895,0.24545243
3169805531,0.1660805,0.17213824,0.66178125
3169849587,0.24460834,0.47333384,0.2820579
3169882560,0.16445278,0.18738137,0.6481659
3170025881,0.29133087,0.31707045,0.3915986
3170046941,0.21580312,0.5212364,0.26296046
3170056450,0.18342307,0.1771848,0.6393921
3170113432,0.22756499,0.26350462,0.50893044
3170123146,0.12252789,0.6916826,0.18578951
3170243447,0.24388412,0.2845481,0.47156772
3170246113,0.15959536,0.13735789,0.7030468
3170274922,0.31913796,0.3201794,0.36068267
3170666515,0.5194337,0.26353195,0.21703438
3170792586,0.24710166,0.23660469,0.5162936
3170894243,0.21759936,0.5329168,0.24948393
3170969320,0.16292383,0.6632887,0.17378742
3171006026,0.3292162,0.34774977,0.32303396
3171023414,0.37092072,0.2789493,0.35012993
3171249488,0.3439642,0.39513966,0.2608961
3171287727,0.47368902,0.30725977,0.21905123
3171338067,0.27191532,0.42386702,0.30421767
3171391168,0.4992078,0.29388776,0.20690434
3171427398,0.360543,0.38364556,0.2558114
3171482968,0.16465591,0.5651409,0.2702032
3171513504,0.22909658,0.34997943,0.420924
3171642841,0.4564134,0.24281114,0.3007754
3171746160,0.2679829,0.3255117,0.40650532
3171760569,0.315809,0.39378563,0.2904054
3171763486,0.30191696,0.443921,0.254162
3171869129,0.46829376,0.27820116,0.2535051
3171903376,0.22912407,0.45859575,0.31228018
3171952596,0.33197483,0.42888948,0.23913574
3172295449,0.19528012,0.56229967,0.24242026
3172379857,0.061362162,0.8537224,0.084915414
3172491781,0.7851276,0.082964644,0.13190779
3172535541,0.49959067,0.21123348,0.28917578
3172609814,0.23074651,0.5019764,0.26727712
3172634803,0.3000938,0.35544547,0.3444607
3172838105,0.5480727,0.24597348,0.20595385
3172885285,0.2233842,0.21367237,0.56294346
3172885351,0.44896853,0.32577327,0.2252582
3172922496,0.4340923,0.28698847,0.27891922
3172925793,0.2988454,0.38144898,0.31970558
3173029024,0.5084584,0.23804633,0.25349534
3173055602,0.29709023,0.38209248,0.32081726
3173096856,0.41472295,0.32401055,0.26126644
3173153347,0.45992848,0.26044703,0.27962452
3173249921,0.46504214,0.2612341,0.27372372
3173276147,0.19089933,0.54116565,0.26793504
3173327754,0.2521923,0.33121502,0.4165927
3173488530,0.30638495,0.38835004,0.305265
3173492657,0.6307267,0.17646055,0.1928128
3173582171,0.32835302,0.2757584,0.39588866
3173935456,0.14990802,0.6628591,0.18723282
3173968407,0.33657053,0.33927676,0.3241527
3174032950,0.27070698,0.13859884,0.5906942
3174067103,0.3112629,0.20652372,0.48221344
3174071510,0.25091293,0.39497185,0.35411525
3174292795,0.32710838,0.22962232,0.44326934
3174308010,0.42552736,0.3166162,0.25785646
3174355108,0.6344505,0.15405898,0.21149056
3174376648,0.1982105,0.5946136,0.2071758
3174392771,0.48717898,0.23198888,0.28083223
3174500072,0.08620131,0.07023824,0.84356046
3174516022,0.57257295,0.1825286,0.24489851
3174552288,0.53650916,0.22738856,0.23610233
3174578167,0.53378886,0.2252294,0.2409817
3174602044,0.15330829,0.49332613,0.35336566
3174679785,0.35104454,0.35984725,0.2891082
3174835171,0.402456,0.22778212,0.3697619
3174888362,0.46003205,0.30566794,0.23430002
3174919496,0.3420761,0.31927383,0.3386501
3174968596,0.7074341,0.14187382,0.15069206
3175078195,0.12719518,0.72857875,0.14422603
3175139811,0.5287534,0.24885774,0.22238894
3175251768,0.34443,0.32761922,0.3279508
3175305321,0.25550646,0.44940874,0.29508474
3175324327,0.24253395,0.20166606,0.5558
3175355383,0.23683499,0.22900544,0.53415954
3175417030,0.38401556,0.35064274,0.26534164
3175449578,0.36188596,0.19751316,0.44060093
3175472881,0.36124888,0.37567392,0.26307717
3175500847,0.3719469,0.30047035,0.32758272
3175518636,0.33582714,0.3926465,0.27152634
3175524743,0.33444828,0.33253974,0.33301196
3175644410,0.090690956,0.08959271,0.8197164
3175698081,0.11389297,0.7436191,0.14248787
3175701665,0.2288062,0.26591182,0.505282
3175729849,0.52403116,0.25429747,0.22167139
3175821665,0.22321592,0.49833348,0.2784506
3175827825,0.22403774,0.2665247,0.50943756
3176050225,0.56248814,0.20869957,0.22881226
3176094987,0.2851705,0.43118572,0.28364384
3176099618,0.27903858,0.45946065,0.26150087
3176156594,0.35168493,0.34627208,0.30204305
3176184202,0.38831878,0.3453308,0.26635048
3176429953,0.4820237,0.27067465,0.24730171
3176488905,0.09630171,0.10129118,0.80240715
3176551437,0.25361836,0.38460207,0.3617796
3176573310,0.31814802,0.38312906,0.29872286
3176863829,0.5927737,0.18825755,0.21896887
3176868629,0.17748575,0.61543566,0.20707864
3176890964,0.3388894,0.31596878,0.34514183
3177109326,0.6024902,0.13781728,0.25969255
3177140661,0.2763196,0.26631838,0.45736206
3177171691,0.7444341,0.114114106,0.14145175
3177270435,0.33059815,0.37572905,0.29367274
3177433713,0.30650935,0.3950498,0.29844078
3177440683,0.78160274,0.09036231,0.12803487
3177662094,0.29400665,0.33894134,0.36705208
3177742790,0.8073429,0.075804636,0.116852485
3177815736,0.39294466,0.3344933,0.27256203
3178054189,0.44850442,0.24841768,0.30307782
3178214079,0.49664053,0.22331952,0.28003997
3178350266,0.19325384,0.20655422,0.60019195
3178407936,0.6334876,0.17465587,0.19185662
3178457665,0.30301446,0.34031066,0.35667488
3178784528,0.36402315,0.3603253,0.27565148
3178801687,0.18054098,0.16573462,0.6537245
3178827444,0.54916143,0.23599154,0.21484703
3179062224,0.23397666,0.4552327,0.31079054
3179143317,0.34539306,0.29743767,0.35716927
3179148254,0.35105222,0.36136672,0.2875811
3179160017,0.5892278,0.21079466,0.19997753
3179162686,0.12630858,0.74031997,0.13337144
3179210200,0.19949982,0.22808811,0.5724121
3179274518,0.2371971,0.43329152,0.32951137
3179291101,0.2682484,0.4203534,0.3113982
3179651204,0.13703655,0.12778272,0.7351807
3179716452,0.15616547,0.65052193,0.19331256
3179726619,0.3362906,0.37915504,0.28455436
3179894829,0.63116395,0.17909482,0.18974112
3179907374,0.19245136,0.21559677,0.59195185
3179919065,0.766847,0.1051494,0.1280035
3179927355,0.27398363,0.28499582,0.4410206
3180085124,0.3344675,0.37198168,0.29355085
3180091687,0.6267322,0.18842852,0.1848393
3180111963,0.2511234,0.2638536,0.48502308
3180182003,0.2714679,0.4505677,0.27796447
3180254407,0.3170997,0.28916723,0.39373308
3180308649,0.33407307,0.40814194,0.25778508
3180341401,0.23104535,0.46686634,0.30208823
3180457611,0.30451354,0.38807625,0.30741024
3180661137,0.084930316,0.79769814,0.117371544
3180710257,0.37357843,0.28529993,0.3411217
3180757353,0.40784207,0.3296713,0.26248667
3180804255,0.34697586,0.3698414,0.2831827
3180960234,0.3772708,0.31573105,0.30699807
3180962839,0.217795,0.21252015,0.5696849
3181014387,0.26350972,0.4629931,0.2734972
3181078671,0.37644288,0.31745404,0.30610305
3181377078,0.35436377,0.2984517,0.34718457
3181379954,0.39062625,0.3065831,0.3027907
3181486886,0.34797263,0.36286598,0.2891614
3181489675,0.22124769,0.17286965,0.60588264
3181506989,0.28612056,0.40717027,0.30670923
3181512526,0.37798572,0.3455873,0.2764269
3181830253,0.15617344,0.6806909,0.16313562
3181837491,0.38601246,0.31267533,0.30131224
3181865483,0.39190766,0.31859124,0.2895011
3182054919,0.3328011,0.34006453,0.32713443
3182280780,0.23277085,0.27046174,0.49676734
3182293348,0.2676272,0.263124,0.4692488
3182328021,0.22007698,0.48391476,0.29600826
3182330394,0.26100016,0.2892466,0.4497533
3182516950,0.4432651,0.28458774,0.27214718
3182530569,0.1649522,0.119120866,0.7159269
3182586651,0.37524813,0.36699447,0.25775748
3182644921,0.39886224,0.29425836,0.30687943
3182707949,0.37155652,0.33100647,0.29743704
3182732749,0.28711018,0.31723282,0.39565703
3183049041,0.43497252,0.33985573,0.22517173
3183193252,0.39754763,0.35307115,0.24938123
3183223173,0.293408,0.47104105,0.23555098
3183255576,0.2770914,0.24399407,0.47891444
3183261237,0.39600947,0.32136154,0.28262898
3183322717,0.45829472,0.24897723,0.2927281
3183427831,0.21648496,0.45847625,0.32503882
3183581151,0.2414601,0.2962539,0.46228603
3183615639,0.5628682,0.21556295,0.22156884
3183777370,0.49080297,0.27848285,0.23071413
3183848856,0.19213344,0.13388917,0.67397743
3183850443,0.26172277,0.33026934,0.4080078
3183868028,0.21665375,0.5171382,0.266208
3183958474,0.27615044,0.24473226,0.4791173
3184118038,0.067159496,0.83381057,0.099029936
3184235497,0.43177468,0.30236083,0.2658645
3184249168,0.29405558,0.37060797,0.33533645
3184275676,0.08595564,0.086601496,0.82744294
3184348218,0.44782272,0.27518424,0.27699304
3184462970,0.1965578,0.4643407,0.33910143
3184667761,0.28124326,0.35641384,0.36234292
3184814840,0.64218,0.16916104,0.18865891
3184822818,0.64482075,0.16750248,0.1876767
3184847670,0.28528368,0.3459073,0.368809
3185022489,0.16226766,0.17376119,0.6639711
3185087828,0.23071404,0.43607172,0.3332142
3185105267,0.31611365,0.41807726,0.26580912
3185240930,0.23182338,0.36664858,0.40152803
3185272344,0.51353335,0.24372157,0.24274504
3185279271,0.41569784,0.2700862,0.314216
3185290171,0.29035503,0.26946783,0.44017708
3185307067,0.31991854,0.37080136,0.30928016
3185316753,0.38080263,0.32434466,0.29485273
3185450823,0.37859175,0.35713518,0.2642731
3185786029,0.48567715,0.30961785,0.20470503
3185859574,0.40198937,0.33582225,0.26218837
3185889193,0.14112818,0.12840521,0.73046654
3185907136,0.1847006,0.575529,0.23977044
3185987883,0.4439145,0.27327803,0.2828074
3186190604,0.25689548,0.4029917,0.3401128
3186400254,0.30777037,0.37808776,0.3141419
3186547282,0.42893198,0.3219005,0.24916755
3186625285,0.14472707,0.12365766,0.7316153
3186642294,0.22344136,0.4490032,0.32755548
3186651503,0.76309097,0.104661874,0.13224718
3187065045,0.16899402,0.6544166,0.17658933
3187110058,0.44502446,0.28383857,0.27113697
3187223864,0.2853164,0.39969757,0.314986
3187483429,0.61336696,0.175562,0.21107097
3187538396,0.41937047,0.3435236,0.23710594
3187543836,0.5161391,0.26137492,0.222486
3187866866,0.41892558,0.28093758,0.30013686
3188139876,0.10044282,0.7899383,0.109618954
3188266406,0.4548516,0.2771046,0.26804382
3188273938,0.4794148,0.25893843,0.26164687
3188619810,0.4167678,0.30951664,0.2737156
3188706572,0.40277016,0.34757787,0.24965198
3188884981,0.43829438,0.31122148,0.25048417
3189018929,0.31516504,0.35329548,0.3315395
3189122670,0.37964782,0.37730938,0.24304275
3189187250,0.50632906,0.2473162,0.24635474
3189407875,0.41472316,0.3276977,0.25757906
3189586088,0.3200861,0.3347621,0.3451518
3189590825,0.17528246,0.21558182,0.6091356
3189668497,0.45898807,0.30003157,0.2409804
3189701448,0.4071,0.31513968,0.2777603
3189730740,0.24011853,0.55654883,0.20333257
3189765580,0.22668467,0.21588224,0.5574331
3189896702,0.35499498,0.38052562,0.26447946
3190059184,0.26996943,0.3049687,0.42506188
3190112824,0.39758486,0.36562574,0.23678939
3190280299,0.25938204,0.4081548,0.33246315
3190287416,0.21739219,0.25494614,0.5276617
3190326540,0.5448395,0.23418929,0.22097126
3190701614,0.49782327,0.20394155,0.2982352
3190786680,0.113012664,0.7577493,0.12923795
3190824706,0.3028775,0.3440956,0.35302696
3190958109,0.3123149,0.35681394,0.33087113
3191007554,0.36600935,0.34183955,0.29215106
3191278291,0.2995651,0.3682109,0.33222398
3191343021,0.36643323,0.37376606,0.25980073
3191376017,0.25936726,0.43823424,0.30239844
3191397528,0.32914987,0.40563443,0.2652157
3191683912,0.39527768,0.3079834,0.29673892
3191693827,0.52883565,0.24830769,0.22285667
3191694482,0.44367212,0.2597811,0.29654685
3191698214,0.21607417,0.46141523,0.32251063
3191771919,0.18537264,0.5978373,0.21679008
3191804930,0.43876767,0.30092865,0.26030365
3191827764,0.40093324,0.2183354,0.38073134
3191969103,0.46591076,0.26287848,0.2712107
3191991150,0.24209575,0.2809538,0.47695044
3192089305,0.2176101,0.23984358,0.54254633
3192215806,0.09634029,0.090058476,0.81360126
3192235215,0.5934014,0.22247693,0.18412167
3192307991,0.38072658,0.30101216,0.3182613
3192365782,0.41499537,0.30678794,0.2782166
3192382918,0.5240698,0.26090696,0.2150232
3192413671,0.70066696,0.12674998,0.172583
3192483949,0.6036074,0.19831288,0.19807968
3192508422,0.5353753,0.18911125,0.2755134
3192512527,0.14807218,0.4661631,0.3857647
3192732739,0.40409026,0.29338926,0.30252045
3192735463,0.2997074,0.36467546,0.33561713
3192755124,0.36283892,0.20530301,0.43185806
3192762766,0.20461139,0.55027723,0.24511132
3192802487,0.20906013,0.5738606,0.21707928
3192806040,0.3362307,0.40428233,0.259487
3192884995,0.2649314,0.4394557,0.2956128
3192905169,0.65225595,0.14734805,0.20039597
3193046992,0.604122,0.16929634,0.22658168
3193089602,0.33215186,0.32226852,0.34557968
3193173204,0.23708129,0.23773187,0.5251868
3193235795,0.58869606,0.20447996,0.20682397
3193306622,0.10518908,0.772301,0.12250989
3193520013,0.35949147,0.3244858,0.31602272
3193539818,0.19791813,0.5884152,0.2136666
3193555596,0.30755007,0.2800935,0.41235647
3193583280,0.29204234,0.3929202,0.31503746
3193596494,0.46690834,0.249366,0.28372565
3193598860,0.3223581,0.2786225,0.3990194
3193706182,0.16592261,0.6498289,0.18424843
3193963354,0.6518054,0.122790664,0.2254039
3193976058,0.38295117,0.33143255,0.28561637
3194299709,0.18197264,0.6189849,0.19904254
3194460509,0.471394,0.27949288,0.24911314
3194662020,0.22020486,0.5073928,0.2724023
3194665929,0.41462865,0.280029,0.30534226
3194667611,0.32003826,0.3316414,0.34832036
3194746899,0.26494506,0.53327876,0.20177625
3194784947,0.27213144,0.24813767,0.47973096
3194877158,0.15089862,0.112529576,0.7365717
3195029516,0.27101818,0.45683774,0.272144
3195106709,0.24614929,0.24600993,0.50784075
3195196270,0.73825526,0.10681073,0.15493405
3195202868,0.28678435,0.3255914,0.38762423
3195231090,0.32323465,0.33004102,0.3467244
3195364288,0.3828149,0.35926142,0.25792372
3195402673,0.54768896,0.2230283,0.22928269
3195534296,0.14776741,0.123503074,0.7287295
3195571176,0.33029807,0.3700017,0.2997002
3195597578,0.18844865,0.1867116,0.6248397
3195704041,0.07144358,0.8330919,0.09546455
3195910069,0.27035213,0.46255434,0.26709354
3195991043,0.32767132,0.3292274,0.34310132
3196030165,0.26475063,0.24538378,0.4898655
3196198035,0.26371387,0.18328598,0.5530002
3196340874,0.23137195,0.23192161,0.5367065
3196403254,0.49818018,0.22305354,0.27876627
3196472129,0.39488345,0.31582925,0.28928727
3196482923,0.19071236,0.17461267,0.63467497
3196723749,0.35735136,0.32201037,0.3206383
3196761939,0.47654185,0.26657826,0.25687996
3196793410,0.27341852,0.35516074,0.37142077
3196843329,0.08469032,0.80466634,0.11064331
3197100555,0.13436624,0.12900665,0.7366271
3197544354,0.28234085,0.42730704,0.29035217
3197582372,0.7246544,0.13127643,0.14406915
3197645139,0.31097132,0.3744009,0.3146278
3197663500,0.1815786,0.60184985,0.21657154
3197820589,0.3896194,0.36935067,0.24102998
3197825313,0.33978245,0.36945698,0.29076058
3197890822,0.35717136,0.29328927,0.34953928
3197905145,0.1651347,0.60852945,0.22633578
3197982707,0.4275972,0.31552175,0.25688106
3198090959,0.2465456,0.39566988,0.3577845
3198148232,0.29920202,0.34365308,0.3571449
3198150454,0.30314508,0.46587405,0.23098081
3198253901,0.22347346,0.2292288,0.5472977
3198280854,0.07715302,0.82386345,0.09898355
3198294578,0.3818752,0.32243723,0.29568765
3198321643,0.54673696,0.21883969,0.23442338
3198322327,0.36396766,0.28543365,0.35059866
3198365599,0.28602013,0.21778668,0.49619317
3198397424,0.27483088,0.21069983,0.5144693
3198456614,0.11504776,0.7607619,0.124190316
3198491556,0.489681,0.29783285,0.21248618
3198529978,0.28427333,0.30182517,0.41390145
3198542491,0.18237998,0.65206176,0.16555832
3198729063,0.4337911,0.2458715,0.32033744
3198848145,0.7894777,0.08909685,0.12142548
3198877858,0.31990755,0.4131327,0.2669598
3198881756,0.58008707,0.19252723,0.2273857
3198907608,0.2650262,0.25888494,0.47608882
3198913704,0.30403152,0.41809368,0.27787483
3198926011,0.33916175,0.388158,0.27268025
3198946873,0.39938304,0.34760094,0.25301608
3199004238,0.3364713,0.38705325,0.27647546
3199070557,0.089394905,0.07678495,0.83382016
3199092728,0.1402799,0.6772722,0.18244793
3199136716,0.4190886,0.2953114,0.2856001
3199170632,0.4415489,0.30651,0.25194106
3199309165,0.32031137,0.35069233,0.32899636
3199309716,0.21201026,0.5721525,0.21583731
3199355046,0.41926098,0.28256416,0.29817486
3199434726,0.4653468,0.26540005,0.26925322
3199435900,0.20155837,0.597925,0.20051667
3199603539,0.60335815,0.1704617,0.22618012
3199803753,0.42510366,0.30370086,0.27119547
3199877783,0.19530392,0.53414214,0.27055395
3199943648,0.18283156,0.6044012,0.21276724
3200018484,0.28958106,0.3370707,0.37334824
3200053718,0.59640425,0.17270003,0.23089562
3200062489,0.330249,0.36110267,0.30864832
3200077641,0.45600215,0.28211498,0.26188296
3200082868,0.5444816,0.21571583,0.23980261
3200088648,0.31583083,0.35793376,0.32623544
3200158581,0.40639296,0.33477825,0.25882885
3200349991,0.38808733,0.31238475,0.29952785
3200372600,0.20404413,0.4932632,0.3026926
3200384282,0.29973713,0.31172535,0.38853747
3200434361,0.25995877,0.37758625,0.36245498
3200452178,0.56459254,0.2317828,0.2036246
3200459012,0.2463543,0.41607764,0.33756813
3200509386,0.3581362,0.3595967,0.28226703
3200512434,0.600922,0.17857234,0.22050565
3200608539,0.24700396,0.5024135,0.25058252
3200624731,0.81177604,0.07679862,0.11142535
3200662782,0.0949093,0.09484538,0.81024534
3201025622,0.75353533,0.11102208,0.1354426
3201026969,0.33132485,0.35768446,0.3109907
3201207446,0.50533074,0.2681957,0.22647355
3201210198,0.54648596,0.23297958,0.2205345
3201227210,0.22828415,0.18914755,0.5825683
3201504550,0.5021533,0.24538703,0.25245968
3201579049,0.21564442,0.5124521,0.27190337
3201608045,0.40598223,0.32880268,0.265215
3201646259,0.1996101,0.59010726,0.21028265
3201662895,0.38665432,0.3212805,0.29206517
3201722173,0.46900272,0.22551309,0.30548418
3201789358,0.3930936,0.35929307,0.24761334
3202153099,0.22964494,0.31133297,0.45902207
3202176241,0.32499933,0.3089493,0.36605138
3202183801,0.112943135,0.7417217,0.14533515
3202362765,0.33754325,0.29452837,0.36792845
3202406659,0.098329715,0.78862584,0.1130445
3202474235,0.19861843,0.49815357,0.30322805
3202499698,0.23470795,0.46955472,0.29573733
3202573841,0.30531666,0.3115374,0.3831459
3203031089,0.20828101,0.19020979,0.60150915
3203059949,0.24745864,0.30874828,0.44379303
3203077346,0.38355014,0.3171978,0.2992521
3203083679,0.74062604,0.10808809,0.15128595
3203094003,0.20280497,0.1864567,0.61073834
3203132845,0.77607405,0.09192565,0.13200031
3203227743,0.37874463,0.30523902,0.31601638
3203247225,0.2493032,0.38814706,0.36254972
3203443621,0.09889874,0.090932906,0.8101684
3203602583,0.3569934,0.31982726,0.32317936
3203647301,0.29076087,0.40605542,0.3031837
3203746811,0.51352686,0.26854095,0.21793216
3203783073,0.25563103,0.49775186,0.24661717
3203911315,0.31183946,0.3909598,0.2972007
3204009065,0.19105278,0.61109453,0.19785278
3204037820,0.11169619,0.09534399,0.79295987
3204103272,0.432289,0.309186,0.25852492
3204104040,0.101940416,0.7736488,0.1244108
3204149250,0.20189507,0.20276484,0.5953401
3204154244,0.3560527,0.33702362,0.3069237
3204163478,0.382586,0.29645023,0.3209638
3204174379,0.25286695,0.37159324,0.37553978
3204174667,0.3628616,0.327764,0.3093744
3204252926,0.3258227,0.37981778,0.29435948
3204291420,0.38486406,0.36595055,0.24918538
3204639862,0.36429417,0.26460108,0.37110475
3204777506,0.33713135,0.2948156,0.36805302
3204842543,0.15430431,0.14186077,0.703835
3204912801,0.315175,0.4350472,0.24977785
3204966185,0.3930536,0.28246742,0.32447895
3204995138,0.39112356,0.2805692,0.32830724
3205071416,0.59045005,0.2047282,0.2048217
3205147099,0.5538577,0.21848375,0.22765857
3205166270,0.18450649,0.57685655,0.2386369
3205256517,0.3834501,0.31639445,0.30015543
3205269292,0.36594948,0.36698058,0.26707
3205289558,0.29447094,0.3479477,0.3575814
3205313254,0.48867735,0.28981218,0.22151047
3205355780,0.23655958,0.37723255,0.38620788
3205356899,0.38080898,0.2983156,0.32087547
3205358250,0.8126027,0.082237855,0.10515945
3205423009,0.3961571,0.282806,0.32103693
3205582729,0.31704584,0.3376008,0.34535336
3205590233,0.33146766,0.36604673,0.3024856
3205614298,0.21911983,0.3615378,0.41934243
3205755852,0.33549058,0.362951,0.30155843
3205943362,0.5947998,0.19401234,0.21118781
3206061878,0.33338508,0.43256748,0.23404747
3206152483,0.37858868,0.34669644,0.27471492
3206177865,0.26297697,0.40416506,0.33285803
3206209297,0.18342054,0.5855194,0.23106013
3206366652,0.3317596,0.2995945,0.36864588
3206528917,0.35273847,0.38496098,0.2623005
3206536952,0.52531177,0.23027538,0.24441282
3206576532,0.2659161,0.2771123,0.45697153
3206588886,0.33744687,0.4084885,0.25406462
3206604224,0.34217393,0.36445042,0.2933756
3206629129,0.39872774,0.31817597,0.2830963
3206690403,0.100103825,0.082797304,0.81709886
3206862646,0.5296887,0.2538505,0.21646075
3206899326,0.40563858,0.31580746,0.278554
3206961685,0.13457906,0.115902066,0.7495188
3207103538,0.47239515,0.27682135,0.25078356
3207106696,0.5226792,0.23234707,0.24497376
3207230332,0.19251221,0.17028184,0.637206
3207242010,0.24408633,0.17601098,0.57990277
3207248594,0.3006246,0.382097,0.31727844
3207281416,0.5073962,0.27242938,0.2201744
3207461573,0.5466471,0.18149664,0.2718563
3207539124,0.3372349,0.3024338,0.36033124
3207582767,0.43536448,0.2899381,0.27469745
3207611030,0.26660344,0.27980006,0.45359656
3207729174,0.28901118,0.19601014,0.5149786
3207730446,0.25153697,0.4894392,0.25902387
3207757736,0.28863284,0.25129712,0.46007004
3207922686,0.38322785,0.35232827,0.2644438
3207964447,0.0988473,0.09471044,0.8064422
3208012786,0.5658111,0.1658414,0.2683476
3208029922,0.3403388,0.369121,0.29054028
3208077793,0.21187674,0.1715775,0.61654574
3208102840,0.25175792,0.44555357,0.3026886
3208163720,0.34702918,0.36777666,0.2851942
3208286494,0.420608,0.32332152,0.25607044
3208302457,0.6961993,0.12425499,0.17954561
3208339504,0.4225316,0.2737271,0.30374137
3208391076,0.15088508,0.6743008,0.17481412
3208489089,0.11019807,0.098634176,0.7911678
3208503094,0.23208626,0.20289601,0.5650177
3208513553,0.2679065,0.3649274,0.36716607
3208655760,0.29886374,0.37541547,0.3257207
3208688033,0.24715512,0.4993781,0.25346678
3208691733,0.53597635,0.24288891,0.22113466
3208940875,0.35117152,0.22661583,0.42221266
3208944842,0.4983172,0.2626126,0.23907015
3208953402,0.07624974,0.07214295,0.8516072
3208998358,0.439113,0.30961895,0.25126806
3209017341,0.29022214,0.2951741,0.4146038
3209027091,0.13113718,0.7098636,0.15899922
3209083107,0.1908907,0.58202136,0.22708796
3209128815,0.5025325,0.23993644,0.25753108
3209143209,0.49357435,0.27621233,0.23021328
3209200015,0.45637208,0.25264665,0.29098132
3209205960,0.1638746,0.46418083,0.3719446
3209240092,0.35083872,0.33975118,0.30941007
3209325351,0.34775433,0.301966,0.35027966
3209332353,0.5625855,0.2153551,0.2220594
3209369694,0.33243486,0.39248976,0.27507547
3209445744,0.7969961,0.083318956,0.11968498
3209528657,0.32794344,0.36778617,0.30427036
3209559530,0.33213562,0.3650515,0.30281293
3209595533,0.20202045,0.56132007,0.23665953
3209878472,0.4677879,0.2942453,0.23796685
3209977557,0.19843724,0.4771219,0.32444093
3210007923,0.41094968,0.2809362,0.30811408
3210149658,0.20776705,0.23747024,0.5547627
3210283778,0.24278715,0.20144865,0.5557642
3210433261,0.31516773,0.36490345,0.31992882
3210443509,0.32185337,0.37104374,0.30710295
3210559294,0.24450843,0.2308661,0.5246255
3210612222,0.32114404,0.42170888,0.25714707
3210642129,0.25131407,0.23010454,0.51858145
3210645078,0.33423436,0.35883403,0.3069316
3210648494,0.30501896,0.26241,0.43257105
3210824432,0.3128856,0.3183733,0.36874104
3211003075,0.36561885,0.36809543,0.26628566
3211117262,0.63914317,0.16756703,0.19328974
3211125506,0.3033409,0.35478887,0.34187025
3211314432,0.3164347,0.348625,0.33494034
3211448297,0.28656334,0.35380813,0.3596285
3211532786,0.32749215,0.33498338,0.3375244
3211553280,0.28603956,0.3275855,0.38637498
3211576100,0.5659632,0.22880985,0.2052269
3211579290,0.26253685,0.23248446,0.50497866
3211639358,0.28258538,0.3539208,0.36349386
3211645314,0.36539054,0.29123572,0.34337372
3211651088,0.44003958,0.28201094,0.27794948
3211720746,0.31704345,0.38790742,0.29504913
3211788718,0.16046897,0.18876585,0.6507651
3212003495,0.32131487,0.375355,0.3033301
3212133013,0.3304656,0.31968436,0.34985003
3212429718,0.31058177,0.3692838,0.32013443
3212432991,0.4674884,0.30164164,0.23086998
3212532777,0.12545848,0.72679424,0.14774731
3212550996,0.32264313,0.34172934,0.3356275
3212554418,0.2992031,0.37260628,0.32819068
3212556256,0.13413489,0.1053713,0.7604939
3212637987,0.32007104,0.38573626,0.29419267
3212712104,0.19743465,0.57081306,0.23175238
3212717237,0.30458644,0.3682872,0.32712638
3213122838,0.2951527,0.3960674,0.30877984
3213167022,0.47049257,0.28940716,0.24010015
3213229438,0.46777847,0.26846826,0.26375324
3213289713,0.23960233,0.44824666,0.3121511
3213413781,0.58113086,0.19157854,0.22729066
3213488373,0.42725646,0.3124358,0.26030776
3213538434,0.2764365,0.33992866,0.38363478
3213600440,0.121935666,0.69395405,0.18411031
3213686764,0.3054115,0.3598708,0.33471772
3213759343,0.20641693,0.52308244,0.27050063
3213765962,0.5162769,0.2587126,0.22501054
3213882971,0.3573323,0.309093,0.33357465
3214289871,0.16221626,0.6891882,0.1485955
3214403130,0.18413778,0.15560833,0.66025394
3214415633,0.36355343,0.33245474,0.30399185
3214435175,0.25906307,0.4848051,0.25613177
3214520850,0.20660612,0.20624493,0.58714896
3214642620,0.39202344,0.326827,0.28114957
3214761921,0.25496837,0.19837552,0.54665613
3214790047,0.09227364,0.08653395,0.8211923
3214839137,0.25415757,0.14309119,0.6027513
3215065458,0.7838711,0.09484644,0.121282406
3215202887,0.3425937,0.3406175,0.3167888
3215230045,0.28506914,0.2845315,0.4303994
3215362749,0.3942322,0.29961124,0.30615655
3215469929,0.21629283,0.54205275,0.24165438
3215539168,0.19395462,0.32809126,0.47795412
3215561540,0.37445527,0.31971842,0.30582625
3215579753,0.26095366,0.34285915,0.39618713
3215718318,0.4515694,0.31964615,0.2287844
3215736725,0.52849376,0.25689307,0.2146132
3215813153,0.3670267,0.3642968,0.26867655
3215973830,0.7183075,0.11733655,0.16435596
3216189656,0.33437094,0.34267923,0.32294986
3216241314,0.33624318,0.29047245,0.3732844
3216244001,0.24696185,0.4760918,0.27694646
3216319263,0.49403572,0.26990297,0.23606133
3216323916,0.34366584,0.3733035,0.28303063
3216385278,0.4490748,0.26901424,0.281911
3216405681,0.31418514,0.39316618,0.29264867
3216437563,0.26822668,0.26142097,0.4703523
3216524305,0.32894614,0.371966,0.2990879
3216560520,0.09531763,0.10006198,0.80462044
3216585235,0.36027792,0.26377434,0.37594774
3216637998,0.11403729,0.7435757,0.14238706
3216678431,0.2989941,0.4507919,0.25021395
3216752230,0.3813958,0.3011137,0.3174905
3216786217,0.2027282,0.5398797,0.25739214
3217013472,0.19832791,0.6018786,0.19979347
3217095391,0.6180987,0.2076775,0.17422378
3217201769,0.35748476,0.3019199,0.34059528
3217318611,0.40233225,0.33587265,0.2617951
3217364457,0.22860888,0.2376294,0.53376174
3217505099,0.29434305,0.38862807,0.31702894
3217594484,0.30667725,0.3108201,0.38250265
3217604938,0.34266338,0.30059278,0.35674387
3217664018,0.445052,0.2930399,0.26190808
3217669574,0.44654724,0.32486826,0.22858453
3217682404,0.36777085,0.33513406,0.2970951
3217742609,0.23428933,0.19707766,0.56863296
3217830376,0.29634732,0.41039923,0.29325342
3217911451,0.51881945,0.26524472,0.21593584
3218055250,0.07472364,0.8296634,0.09561296
3218065687,0.30684808,0.26131314,0.43183887
3218209786,0.09280913,0.7991988,0.10799201
3218256938,0.7919903,0.082577504,0.12543224
3218483984,0.34602946,0.3383148,0.31565577
3218522083,0.5147006,0.27091318,0.21438614
3218564974,0.35023525,0.38282618,0.26693866
3218565975,0.34627897,0.33373237,0.31998867
3218632163,0.33577418,0.33184674,0.33237904
3218636065,0.18745683,0.6033009,0.20924225
3218699619,0.16673213,0.6155216,0.2177462
3218875509,0.37048456,0.3434032,0.28611228
3219001802,0.31627104,0.37384287,0.3098861
3219083421,0.111899994,0.7659328,0.122167245
3219341151,0.28998888,0.23724452,0.47276655
3219396661,0.39075154,0.34869382,0.2605546
3219449933,0.28035668,0.3592808,0.36036256
3219459915,0.26160917,0.3608345,0.37755638
3219815633,0.232471,0.31659663,0.45093235
3219852651,0.3028976,0.32780525,0.36929706
3220143595,0.5452349,0.21889628,0.23586884
3220219608,0.37110683,0.35205668,0.27683648
3220250687,0.24758203,0.40596262,0.3464553
3220514014,0.23328824,0.22522424,0.54148746
3220689602,0.14881335,0.67774206,0.17344457
3220780496,0.3797971,0.36832464,0.25187835
3220808285,0.42292088,0.2856462,0.2914329
3220831116,0.18042186,0.6412286,0.17834948
3220882710,0.26911828,0.18125033,0.5496314
3220927820,0.24944471,0.4318483,0.31870702
3221200696,0.31008253,0.35963595,0.3302814
3221276339,0.4554172,0.2920277,0.2525551
3221294162,0.48239285,0.22983488,0.28777224
3221451757,0.27497852,0.304533,0.42048848
3221656509,0.4021231,0.25566614,0.34221077
3221663748,0.29532814,0.3702047,0.3344672
3221664028,0.102993265,0.09272122,0.8042855
3221857279,0.31260806,0.27092925,0.41646278
3222222885,0.68042517,0.14524823,0.17432658
3222263850,0.29676956,0.3344717,0.3687587
3222267170,0.31727955,0.3260518,0.3566686
3222284057,0.54408413,0.22345972,0.23245616
3222457608,0.16260038,0.22208408,0.61531556
3222524755,0.29211307,0.30451718,0.40336975
3222584402,0.22642659,0.513293,0.26028046
3222748214,0.330252,0.34438366,0.32536444
3222839576,0.3219258,0.3412602,0.33681408
3222840531,0.58950967,0.19568193,0.21480842
3222860350,0.39302662,0.3365723,0.27040106
3222862489,0.3448969,0.32954335,0.32555974
3222961707,0.52150863,0.26044977,0.21804164
3222976661,0.35594633,0.3969313,0.2471224
3223010823,0.07169911,0.8406921,0.08760885
3223013007,0.4717766,0.2616002,0.26662317
3223146507,0.104395896,0.11307085,0.7825333
3223170769,0.19847918,0.18184559,0.61967516
3223385543,0.3075673,0.3744875,0.31794518
3223433249,0.26979396,0.34284455,0.38736153
3223734908,0.2699786,0.44689837,0.28312296
3223835749,0.49332651,0.26798317,0.23869032
3223931830,0.27373704,0.44589975,0.28036314
3223962858,0.216788,0.22432946,0.55888265
3224093151,0.62279785,0.1424466,0.23475558
3224117266,0.23347707,0.23480968,0.53171325
3224184752,0.3096446,0.35802135,0.33233398
3224379249,0.2354947,0.46562615,0.29887915
3224430911,0.25643462,0.38476387,0.35880148
3224652367,0.3295434,0.31162998,0.3588267
3224729268,0.35864395,0.22053006,0.420826
3224782477,0.4677957,0.2703238,0.2618805
3224841161,0.46759832,0.25206125,0.28034043
3224880837,0.37174332,0.26409167,0.36416507
3224946899,0.2931042,0.37847817,0.32841763
3224988105,0.27278483,0.39638138,0.33083373
3225004220,0.29648766,0.38263133,0.320881
3225054670,0.3077675,0.28223613,0.40999633
3225188274,0.29754302,0.34670362,0.35575333
3225281478,0.25965017,0.44436836,0.29598147
3225415534,0.31846857,0.3861105,0.29542086
3225522413,0.25021577,0.4207674,0.3290169
3225630746,0.36015943,0.3884607,0.2513799
3225896807,0.32408836,0.39115155,0.2847601
3225974760,0.30952954,0.32784945,0.36262098
3225990648,0.6204484,0.18295385,0.19659773
3226024159,0.32493186,0.3351338,0.33993438
3226047585,0.30247378,0.20168896,0.49583724
3226138917,0.17111649,0.17729528,0.6515882
3226161877,0.33858788,0.382497,0.27891514
3226196897,0.4171125,0.25785115,0.3250363
3226271925,0.6312175,0.16846634,0.20031622
3226376510,0.3329258,0.30593818,0.36113605
3226401389,0.29660466,0.33152556,0.37186977
3226429629,0.12941867,0.71974057,0.15084076
3226464976,0.3306638,0.39423153,0.27510467
3226476043,0.3302197,0.3060564,0.3637239
3226497479,0.35422733,0.37889624,0.26687643
3226530554,0.09417547,0.80119854,0.10462597
3226553111,0.284282,0.31039745,0.40532047
3226602653,0.24925624,0.46997184,0.280772
3226784186,0.41723257,0.29730153,0.28546584
3226809019,0.31126854,0.38135535,0.30737612
3226859169,0.37877384,0.32134625,0.2998799
3226931889,0.43856913,0.28585628,0.2755746
3227178294,0.2781297,0.3621359,0.3597344
3227203903,0.54577446,0.22425105,0.2299745
3227213427,0.26682034,0.42512995,0.30804968
3227293788,0.32789862,0.31535283,0.35674858
3227377349,0.53861415,0.25068635,0.21069956
3227399370,0.08071614,0.8253542,0.093929626
3227546034,0.31582752,0.34288317,0.3412893
3227592625,0.33214664,0.36415875,0.3036946
3227763293,0.34850636,0.37609273,0.27540088
3227815628,0.22805992,0.25155994,0.52038014
3227836180,0.29837054,0.38062653,0.32100296
3227846131,0.41376463,0.31045234,0.27578303
3228050936,0.37017116,0.30354515,0.3262836
3228062718,0.37297156,0.311275,0.31575343
3228183854,0.17052527,0.6474034,0.18207137
3228267575,0.374263,0.30215323,0.32358378
3228268227,0.3906513,0.2920937,0.31725505
3228289558,0.25796562,0.25307715,0.48895717
3228367042,0.71615654,0.13924848,0.14459501
3228379628,0.3076436,0.36937717,0.3229792
3228492213,0.6704047,0.1641991,0.16539618
3228669460,0.48041424,0.2660751,0.25351068
3228707635,0.3064189,0.38630056,0.30728057
3228959115,0.453094,0.27821827,0.26868764
3229091701,0.28496337,0.3255819,0.3894547
3229098304,0.2808151,0.28746873,0.43171614
3229149394,0.3350369,0.33488068,0.3300824
3229277541,0.29846632,0.35104266,0.35049102
3229410468,0.24268053,0.4510787,0.30624068
3229464950,0.25086567,0.2052256,0.5439087
3229503227,0.33094376,0.35536572,0.31369054
3229526020,0.35987338,0.39634755,0.24377908
3229533802,0.316159,0.3846187,0.2992223
3229562039,0.5874554,0.19546787,0.21707673
3229640862,0.34007224,0.33656394,0.32336384
3229668981,0.29937446,0.32490876,0.37571678
3229724282,0.24731132,0.44885787,0.3038307
3229740764,0.4217342,0.31619173,0.26207405
3229789301,0.57995576,0.20282386,0.21722046
3229827917,0.35295352,0.39989695,0.24714944
3229890518,0.3865411,0.2132187,0.4002402
3229938623,0.5188656,0.25505286,0.22608161
3230080410,0.44117883,0.3132795,0.24554169
3230116132,0.25527266,0.41259834,0.33212906
3230125747,0.43370444,0.2851234,0.28117216
3230168129,0.24106182,0.4306223,0.32831585
3230219752,0.511467,0.26793367,0.22059934
3230237161,0.13616042,0.69615024,0.16768931
3230445589,0.3041094,0.29675177,0.3991388
3230496426,0.4583521,0.27408773,0.2675602
3230619383,0.6446288,0.17564972,0.17972144
3230724584,0.27157047,0.37989968,0.34852988
3230803801,0.14160043,0.68542,0.17297962
3230838279,0.30179012,0.42976364,0.26844627
3230915455,0.5152482,0.25299564,0.2317562
3230941125,0.14986716,0.7044067,0.14572617
3231011679,0.29723924,0.29519185,0.40756887
3231087170,0.37736377,0.3586457,0.26399043
3231108357,0.29002148,0.30467853,0.40529993
3231112233,0.27771783,0.3272546,0.39502755
3231116051,0.11835221,0.7181221,0.16352561
3231138522,0.31561673,0.31973562,0.36464766
3231184947,0.29393202,0.40355662,0.3025113
3231242744,0.1721123,0.59653354,0.23135418
3231358665,0.29525203,0.3512938,0.3534542
3231411765,0.6907373,0.13311855,0.17614412
3231429879,0.24513488,0.20558892,0.5492762
3231582467,0.40631387,0.3959804,0.19770573
3231591034,0.24147989,0.43276116,0.32575896
3231832518,0.35235095,0.2911492,0.3564999
3232003765,0.52665305,0.25449678,0.21885017
3232110570,0.24705455,0.21114253,0.54180294
3232161906,0.3512706,0.3182967,0.33043274
3232340306,0.107894816,0.76166236,0.13044281
3232357298,0.19435656,0.55451167,0.2511318
3232461670,0.3708001,0.26102424,0.36817566
3232873712,0.2370698,0.23302405,0.52990615
3232954572,0.1412056,0.7028482,0.15594617
3232962294,0.26008803,0.2963448,0.4435673
3233008629,0.20631003,0.35789803,0.435792
3233046844,0.20488523,0.5239051,0.27120966
3233264468,0.24594812,0.3018133,0.4522386
3233301919,0.25821263,0.24544248,0.4963449
3233328660,0.23663141,0.2515733,0.51179534
3233347198,0.27995387,0.30791903,0.41212714
3233543584,0.3162666,0.38040152,0.30333188
3233606107,0.1658042,0.16264388,0.6715519
3233650423,0.43799388,0.3001217,0.26188433
3233732829,0.24612078,0.37717983,0.37669936
3233843379,0.4474826,0.29336095,0.2591564
3233854267,0.49229014,0.22208682,0.28562307
3233987119,0.41397795,0.2576,0.32842213
3234029964,0.3446624,0.24997349,0.4053641
3234044851,0.69988257,0.12296979,0.17714757
3234064810,0.18192178,0.16811334,0.64996487
3234083590,0.25534338,0.40289387,0.34176278
3234108225,0.43276224,0.315296,0.25194168
3234117231,0.07117589,0.8298532,0.09897098
3234158773,0.10522644,0.118538655,0.7762349
3234161845,0.39695534,0.31793216,0.28511247
3234214630,0.2127504,0.18494622,0.6023034
3234232822,0.28242937,0.3053706,0.4122001
3234248849,0.30721894,0.3588711,0.33390993
3234479281,0.27652502,0.33831277,0.3851622
3234495051,0.19924946,0.19812955,0.602621
3234520908,0.32713914,0.2657858,0.407075
3234547934,0.5788794,0.23042256,0.190698
3234599529,0.14703952,0.1335485,0.71941197
3234636712,0.5353727,0.22275683,0.24187043
3234668437,0.31157357,0.27884147,0.4095849
3234939893,0.5094479,0.26916227,0.2213899
3234958234,0.42882818,0.34173775,0.22943407
3234997900,0.32755548,0.37233323,0.30011132
3235092988,0.12633333,0.72661287,0.14705385
3235119393,0.19633816,0.54373854,0.25992325
3235132636,0.4310224,0.32517147,0.2438062
3235247140,0.3191863,0.33769757,0.3431162
3235443918,0.5464371,0.18532628,0.26823667
3235453867,0.18727773,0.58572555,0.22699673
3235517195,0.32283077,0.34088102,0.3362882
3235535186,0.060755093,0.8571143,0.082130596
3235570281,0.074850336,0.06952364,0.85562605
3235731696,0.32873017,0.34909675,0.322173
3235733972,0.3676821,0.29658264,0.33573523
3235850085,0.30375552,0.21293062,0.48331386
3235856414,0.4095752,0.24725753,0.34316728
3235921071,0.3555256,0.28493604,0.35953835
3236132614,0.24180844,0.4862776,0.27191395
3236157648,0.16964859,0.17139588,0.65895545
3236205139,0.38381687,0.34543246,0.2707506
3236308720,0.6113476,0.18735206,0.20130032
3236357066,0.36423692,0.37828457,0.25747848
3236418191,0.38960698,0.21542893,0.39496407
3236442170,0.24403225,0.4617936,0.29417413
3236502968,0.21158388,0.5378585,0.25055763
3236516021,0.41886464,0.28022715,0.3009082
3236630259,0.36343506,0.36557785,0.27098715
3236650342,0.46902683,0.29040664,0.24056649
3236672528,0.4082491,0.34194908,0.24980178
3236749215,0.46973315,0.26453784,0.26572907
3236818080,0.12861696,0.70331115,0.16807185
3236857132,0.29292718,0.32495144,0.38212144
3236861880,0.2239153,0.23669374,0.539391
3236869483,0.41414672,0.3527125,0.23314081
3237211691,0.34192023,0.31830883,0.33977097
3237229413,0.38374665,0.34483182,0.2714215
3237244230,0.41094717,0.32896692,0.26008588
3237255706,0.46901286,0.30900034,0.22198685
3237351373,0.34868357,0.36285067,0.28846583
3237387100,0.23884988,0.47641686,0.2847333
3237459849,0.35229132,0.32057974,0.3271289
3237464056,0.39468026,0.33814174,0.26717794
3237587412,0.1887329,0.55930644,0.2519606
3237680891,0.27528217,0.44873515,0.2759827
3237688201,0.30358088,0.3408118,0.35560733
3237843914,0.34177235,0.35698977,0.30123785
3237985386,0.256348,0.44432437,0.29932767
3238018985,0.09544421,0.77121556,0.13334027
3238042657,0.33262494,0.37568992,0.29168516
3238255027,0.42725268,0.146494,0.42625335
3238371443,0.29987112,0.39733037,0.30279854
3238442270,0.12597159,0.6999993,0.17402919
3238548753,0.48013943,0.2347613,0.2850993
3238609753,0.42835084,0.31963217,0.25201696
3238698055,0.7650329,0.095901325,0.13906571
3238756084,0.30405813,0.34749225,0.34844962
3238769286,0.19386397,0.31908584,0.4870501
3238803330,0.23143233,0.51833326,0.2502344
3238812519,0.17550237,0.59695035,0.22754729
3238830653,0.11411182,0.749731,0.13615716
3238971615,0.38775364,0.3553801,0.25686625
3239171415,0.45330256,0.26282918,0.2838682
3239202613,0.44951028,0.27533463,0.275155
3239274855,0.25528577,0.28858212,0.4561321
3239338165,0.36114022,0.26187345,0.37698627
3239341495,0.3334305,0.32510525,0.34146422
3239343866,0.4170696,0.35712206,0.22580831
3239465095,0.3976953,0.32868153,0.27362314
3239481736,0.23066598,0.43008673,0.3392472
3239612925,0.31039572,0.34999332,0.33961087
3239695243,0.26432797,0.3724857,0.36318636
3239762814,0.06651663,0.8418262,0.09165718
3239809415,0.3831509,0.23209046,0.38475865
3239818601,0.30386654,0.36499956,0.331134
3239829563,0.14279264,0.49190596,0.3653014
3239979092,0.7109975,0.119757116,0.16924538
3240111044,0.3166763,0.30625907,0.3770646
3240228137,0.30412388,0.359513,0.33636302
3240257653,0.14815071,0.11129646,0.74055284
3240305305,0.23244058,0.5360506,0.23150882
3240491013,0.1826106,0.59489983,0.22248952
3240967297,0.24431652,0.44716057,0.3085229
3241067124,0.613052,0.17196505,0.21498291
3241073429,0.5271862,0.1781738,0.29464003
3241089083,0.30029392,0.46204826,0.2376579
3241170090,0.114258215,0.10924332,0.77649844
3241218670,0.42103454,0.31407538,0.26489004
3241413055,0.30155456,0.298694,0.39975148
3241509106,0.2529484,0.45891148,0.2881401
3241527658,0.29216927,0.29244304,0.4153877
3241590027,0.10279099,0.77532935,0.12187958
3241901803,0.31962246,0.3831033,0.29727417
3241917116,0.34176844,0.37257963,0.2856519
3241938485,0.35552737,0.35781136,0.28666124
3242051288,0.48429057,0.18323506,0.33247444
3242063219,0.43954438,0.2729032,0.28755242
3242165953,0.29848856,0.29529,0.4062215
3242245958,0.15362735,0.113749474,0.73262316
3242250523,0.2178497,0.2411572,0.54099303
3242304959,0.27656135,0.39307964,0.330359
3242351646,0.26828566,0.26447085,0.46724346
3242398512,0.25291142,0.35298464,0.39410394
3242508887,0.5795258,0.22665426,0.1938199
3242519277,0.15088892,0.679516,0.16959512
3242533343,0.11678687,0.7549063,0.12830678
3242583762,0.5604669,0.20483638,0.23469669
3242606697,0.50250024,0.2635821,0.23391762
3242651302,0.17513537,0.6301577,0.19470692
3242764247,0.3197726,0.3811063,0.2991212
3242828047,0.49693707,0.24709055,0.25597236
3242881357,0.35488904,0.34196785,0.30314314
3242980046,0.09755338,0.09025675,0.8121899
3242996456,0.23713017,0.25264135,0.51022846
3243016169,0.30260316,0.33327168,0.36412516
3243040178,0.34953973,0.3205284,0.32993189
3243125378,0.19169685,0.20651726,0.6017859
3243137100,0.7659202,0.105290465,0.12878923
3243234461,0.41898015,0.31264058,0.26837927
3243600332,0.32471192,0.36440116,0.31088686
3243674249,0.29691276,0.33310705,0.3699802
3243702615,0.32661942,0.33816463,0.3352159
3243842430,0.42784548,0.31724793,0.25490665
3243879031,0.41065466,0.3124011,0.27694425
3243970777,0.4767787,0.28898314,0.23423824
3243977555,0.18686557,0.61226004,0.20087437
3244003758,0.22088368,0.20178936,0.57732695
3244361649,0.25617713,0.34740758,0.39641532
3244388572,0.16130075,0.6592483,0.17945097
3244406496,0.1402669,0.6746832,0.18504992
3244413826,0.33449686,0.3622688,0.30323434
3244461243,0.13888402,0.69174546,0.16937047
3244465176,0.33073032,0.2966693,0.3726004
3244496562,0.26990938,0.4296777,0.30041283
3244632418,0.56491387,0.18645315,0.24863301
3244676325,0.585589,0.19365144,0.22075953
3244688462,0.49733728,0.26655424,0.23610838
3244787932,0.30105302,0.3735971,0.3253498
3244812904,0.26889515,0.38266703,0.3484378
3244836422,0.31562108,0.31438908,0.36998984
3244949608,0.4656565,0.2875145,0.24682899
3245029970,0.48732263,0.2792312,0.23344618
3245034086,0.19741195,0.54532677,0.2572613
3245077579,0.48078293,0.24604897,0.2731681
3245102816,0.399833,0.29302323,0.30714375
3245201264,0.2793835,0.31029025,0.41032624
3245223190,0.12342946,0.10966173,0.7669088
3245280495,0.18455017,0.20675676,0.6086931
3245404650,0.3327134,0.34994596,0.3173407
3245415003,0.19435924,0.58480024,0.22084051
3245606318,0.28375256,0.41434333,0.30190405
3245666806,0.31177998,0.42425022,0.26396975
3245726347,0.25970557,0.32655302,0.41374138
3245892825,0.33064228,0.41590625,0.25345147
3245932294,0.11189708,0.74858457,0.13951832
3246104141,0.29847187,0.3801819,0.32134628
3246134570,0.328694,0.34268445,0.3286216
3246172424,0.20430322,0.5931685,0.20252827
3246211310,0.3846194,0.35515806,0.26022252
3246371047,0.0778794,0.8178923,0.10422827
3246452994,0.2245136,0.5066993,0.2687871
3246528318,0.3026558,0.4660283,0.23131593
3246550222,0.30741584,0.3668627,0.32572147
3246623540,0.4235076,0.32714453,0.24934785
3246824527,0.333493,0.36885658,0.29765043
3246830754,0.44347265,0.2529346,0.3035928
3246877014,0.37127334,0.34603494,0.2826917
3246920310,0.2581988,0.19745661,0.5443445
3247004225,0.39874002,0.275248,0.32601205
3247034560,0.20029317,0.5212546,0.27845213
3247258041,0.53799564,0.18394226,0.27806213
3247270831,0.34989125,0.3724285,0.27768034
3247518210,0.18595289,0.60811335,0.20593378
3247646762,0.1299218,0.71316344,0.15691474
3247660973,0.339697,0.32951814,0.3307849
3247719545,0.15939581,0.6406454,0.19995886
3247736467,0.323257,0.3620741,0.3146689
3247880874,0.4672152,0.30204895,0.23073591
3247984180,0.32371917,0.35807142,0.31820938
3248024450,0.3347563,0.38345733,0.28178632
3248134293,0.3073908,0.41544792,0.27716127
3248150458,0.30370104,0.27394518,0.4223538
3248232329,0.5676876,0.23301558,0.19929682
3248368359,0.2522979,0.3646974,0.38300467
3248485470,0.33855712,0.41401255,0.24743032
3248659658,0.34180596,0.38551176,0.27268225
3248668519,0.3328306,0.27773717,0.3894322
3248751408,0.34577203,0.32454988,0.3296781
3248805708,0.22276814,0.5109754,0.26625645
3248952555,0.29873583,0.24390543,0.4573587
3248976265,0.12573941,0.1268848,0.7473757
3249072991,0.5364287,0.2352919,0.2282794
3249137570,0.62510914,0.14661606,0.2282748
3249167102,0.19465654,0.5753638,0.22997965
3249224827,0.30119509,0.29137683,0.4074281
3249251833,0.10942009,0.76122326,0.12935664
3249258420,0.33640105,0.24263285,0.42096612
3249267715,0.15419552,0.14378539,0.7020191
3249374046,0.34691495,0.27916843,0.37391663
3249519022,0.55976176,0.20855507,0.23168316
3249638689,0.3205611,0.32517472,0.35426414
3249701751,0.23790646,0.21512425,0.5469693
3249775826,0.37300566,0.3344345,0.29255983
3249784736,0.44286457,0.32894915,0.2281863
3249842481,0.1766377,0.5470783,0.27628404
3250038470,0.46624318,0.2687057,0.2650512
3250039804,0.09693146,0.07373762,0.829331
3250280462,0.5314154,0.21777043,0.25081423
3250294613,0.322344,0.34158826,0.3360677
3250329751,0.29691333,0.3645352,0.33855143
3250518473,0.3271306,0.27915317,0.39371628
3250578437,0.34418517,0.3220907,0.33372417
3250582698,0.2915738,0.48463482,0.22379144
3250632647,0.21514371,0.5044193,0.28043693
3250795824,0.24841538,0.417034,0.3345506
3250867070,0.3520663,0.39506656,0.25286713
3250884817,0.3589372,0.33746523,0.30359763
3250968693,0.11011823,0.7544484,0.13543338
3251075369,0.5430557,0.24940266,0.20754169
3251171804,0.15991442,0.6623107,0.17777485
3251181236,0.2763498,0.39015287,0.33349738
3251335683,0.21507016,0.1922646,0.59266526
3251344548,0.32441413,0.20020531,0.4753805
3251455846,0.5463405,0.2238225,0.22983696
3251639036,0.45496327,0.29438192,0.25065482
3251673151,0.2726807,0.28139913,0.4459202
3251721464,0.6680948,0.14487235,0.18703286
3251782735,0.33383492,0.3729562,0.29320896
3251908901,0.3145445,0.3560772,0.32937834
3251946503,0.32787237,0.3708956,0.301232
3252038542,0.26544672,0.40632385,0.32822946
3252039068,0.10787326,0.75991803,0.13220872
3252065782,0.3987707,0.34080052,0.26042882
3252349014,0.31526315,0.2605993,0.42413765
3252350997,0.37663764,0.25907335,0.36428905
3252358917,0.38868633,0.3060005,0.30531317
3252425766,0.6075038,0.1904406,0.20205565
3252436900,0.7491246,0.10585529,0.14502008
3252442050,0.2174994,0.47466493,0.30783564
3252476218,0.7896798,0.09145588,0.11886425
3252519256,0.23231243,0.43883938,0.32884818
3252557419,0.54495937,0.18702185,0.26801878
3252565430,0.15230009,0.69069004,0.15700988
3252598091,0.31618646,0.41683435,0.26697916
3252797603,0.41396576,0.30960503,0.27642918
3252903428,0.34601963,0.29715946,0.35682094
3252962568,0.2599273,0.43220794,0.30786473
3252986488,0.42296323,0.2920942,0.28494257
3253002841,0.23031373,0.25408676,0.51559955
3253459245,0.5279287,0.2053955,0.26667577
3253567357,0.3941409,0.32525033,0.28060874
3253571844,0.19670536,0.5986586,0.20463601
3253587785,0.111471325,0.76122814,0.12730056
3253621557,0.16408728,0.21922477,0.61668795
3253685279,0.39719036,0.3303909,0.2724187
3253817798,0.35131258,0.18258579,0.46610156
3253929745,0.15253542,0.68536985,0.16209477
3254189643,0.31677467,0.39415905,0.2890663
3254309085,0.16064648,0.67215335,0.16720021
3254329768,0.26419634,0.49420336,0.24160023
3254364747,0.5568724,0.17145418,0.2716734
3254396906,0.37374252,0.34221083,0.2840467
3254465513,0.3740478,0.2751361,0.35081613
3254531994,0.29342368,0.24714795,0.45942837
3254545563,0.35448182,0.37684888,0.26866934
3254599821,0.36940962,0.2527204,0.37786996
3254650670,0.4024834,0.3309717,0.2665449
3254661415,0.30949435,0.3070391,0.38346648
3254703415,0.1394769,0.6821788,0.17834428
3254808463,0.27924812,0.422142,0.2986099
3254813127,0.23348615,0.25506708,0.5114468
3254892143,0.6277532,0.15063092,0.22161582
3255004444,0.771443,0.0953897,0.13316724
3255033594,0.14142837,0.68596566,0.17260596
3255110145,0.3381483,0.3582244,0.30362737
3255229364,0.2971998,0.33788213,0.36491805
3255295624,0.23447217,0.4868154,0.2787125
3255315738,0.402209,0.33366618,0.26412478
3255513722,0.33020112,0.40977743,0.26002145
3255581276,0.12579541,0.6326594,0.24154514
3255688557,0.5569334,0.21819858,0.22486804
3255697956,0.31067303,0.34357098,0.34575605
3255732224,0.43810606,0.3043767,0.25751722
3255839407,0.32377133,0.4099506,0.26627806
3255951963,0.28082496,0.39238825,0.32678673
3255954028,0.14945646,0.6893961,0.16114745
3256142980,0.419053,0.3082158,0.27273118
3256319504,0.38567224,0.32810906,0.28621873
3256327088,0.42635673,0.32399526,0.249648
3256347588,0.25488496,0.4059152,0.33919972
3256446438,0.11367835,0.75599724,0.13032445
3256569372,0.3189753,0.34932086,0.33170387
3256586260,0.11241148,0.7378747,0.14971378
3256611361,0.39830446,0.3261963,0.27549925
3256842754,0.19324943,0.56784135,0.23890918
3256999028,0.3639387,0.32942966,0.30663162
3257011782,0.30163446,0.38492742,0.31343806
3257016178,0.31847388,0.30280223,0.37872392
3257022992,0.52904385,0.24762806,0.22332804
3257051012,0.32707646,0.3547761,0.31814745
3257065228,0.2986434,0.23925816,0.46209845
3257118144,0.23449942,0.20652644,0.55897415
3257235441,0.24757995,0.46614742,0.28627262
3257295014,0.3115155,0.38505492,0.30342954
3257295276,0.68280417,0.14786948,0.16932632
3257377589,0.38987035,0.3044133,0.30571637
3257409165,0.31410605,0.4158138,0.27008018
3257488555,0.27399707,0.2849406,0.4410623
3257530439,0.24711105,0.4682626,0.28462642
3257606779,0.2838606,0.44128653,0.2748528
3257674657,0.09481825,0.78603345,0.119148314
3257687542,0.29707506,0.39535412,0.30757087
3257860103,0.39127013,0.33801016,0.27071965
3257900071,0.31727305,0.32719383,0.35553312
3257918092,0.31923115,0.38546062,0.29530817
3257986836,0.21602453,0.38256612,0.40140933
3258113210,0.40880713,0.29630682,0.29488605
3258157361,0.12718119,0.11049023,0.7623286
3258195333,0.52045316,0.25822788,0.22131895
3258256669,0.33226076,0.37016806,0.2975712
3258318317,0.5284565,0.19558287,0.2759605
3258571328,0.33727637,0.3172391,0.34548455
3258730918,0.30375618,0.4314409,0.2648029
3258790666,0.5473922,0.24135377,0.21125408
3258839899,0.40049413,0.26727793,0.33222795
3258865589,0.36812818,0.32206964,0.30980217
3259050885,0.37101305,0.3304124,0.29857457
3259196013,0.37151626,0.34561518,0.28286856
3259303795,0.3562774,0.3253069,0.31841567
3259446547,0.38921255,0.31464103,0.29614648
3259494929,0.30146796,0.41030136,0.28823072
3259592415,0.25760823,0.46188268,0.28050917
3259602679,0.43811947,0.31440878,0.24747172
3259666014,0.3508206,0.37669346,0.2724859
3259701606,0.35825685,0.25835034,0.3833928
3259703557,0.2759339,0.36557615,0.35849
3259768437,0.18119434,0.59207636,0.22672923
3259867051,0.36496145,0.32928964,0.3057489
3259949775,0.2621951,0.38965428,0.34815064
3260012794,0.27901718,0.3331665,0.38781628
3260020292,0.44860667,0.25984722,0.29154614
3260039985,0.4358701,0.32030967,0.24382024
3260434421,0.48486868,0.29223052,0.22290075
3260646833,0.2667766,0.3815096,0.35171384
3260689152,0.37321377,0.25866252,0.36812368
3260779556,0.24382266,0.33360976,0.42256758
3260822772,0.18384126,0.17710716,0.6390516
3260830124,0.26121143,0.30122554,0.437563
3260899233,0.33561593,0.34329936,0.32108468
3260930239,0.565022,0.19373415,0.24124387
3261076533,0.3612199,0.34913355,0.2896465
3261160494,0.3405955,0.20075734,0.4586471
3261438592,0.26567307,0.47124746,0.2630794
3261487299,0.2446505,0.34752756,0.40782192
3261550514,0.35076904,0.3422079,0.30702305
3261765552,0.2908041,0.2562006,0.45299527
3261846187,0.33419392,0.34421444,0.32159165
3261847166,0.2564849,0.3762453,0.3672698
3261856916,0.39673418,0.2485448,0.35472092
3261925766,0.25720984,0.23846415,0.504326
3262096748,0.31587288,0.37670115,0.30742598
3262106877,0.3874918,0.35002145,0.2624868
3262221863,0.34030655,0.3859845,0.27370897
3262222868,0.2358434,0.45372584,0.31043077
3262360989,0.64120936,0.17746736,0.18132325
3262452135,0.18303816,0.17763281,0.639329
3262508915,0.15754841,0.66040444,0.18204717
3262536719,0.1410322,0.6747014,0.18426642
3262537617,0.2745038,0.35750368,0.3679925
3262569578,0.3365595,0.3393139,0.3241266
3262677756,0.27373308,0.3327999,0.393467
3262683126,0.24988878,0.35242742,0.39768377
3262706625,0.1943091,0.60602504,0.1996659
3262759415,0.3143219,0.25846177,0.4272163
3263066097,0.29249704,0.38825884,0.31924415
3263246843,0.38611314,0.3403531,0.2735338
3263290737,0.3231639,0.32518074,0.35165533
3263291347,0.38643026,0.32498226,0.28858748
3263496343,0.28049275,0.46744817,0.25205904
3263689175,0.31328025,0.33086607,0.35585362
3263758499,0.6354288,0.16509208,0.19947912
3263860634,0.2045897,0.5645602,0.23085016
3263921432,0.40274972,0.2754671,0.32178316
3264022270,0.33451158,0.40511298,0.26037544
3264068162,0.27315152,0.51914763,0.20770082
3264102621,0.23358369,0.4719528,0.29446355
3264244037,0.33489352,0.15732735,0.50777906
3264366153,0.3633599,0.37685105,0.25978908
3264393230,0.49697325,0.28381687,0.21920988
3264429535,0.076472394,0.81508106,0.108446546
3264666584,0.65055364,0.14995708,0.19948927
3264733969,0.7045731,0.12901728,0.16640958
3265073725,0.30481642,0.41630933,0.27887434
3265150212,0.2117328,0.1990417,0.58922553
3265151767,0.2453016,0.24383385,0.51086456
3265200944,0.2901527,0.40106416,0.30878323
3265244186,0.2788816,0.30248043,0.41863796
3265285854,0.11011973,0.76178336,0.12809694
3265428440,0.41435215,0.27023432,0.3154135
3265497459,0.2698537,0.24566537,0.48448086
3265551571,0.31828108,0.27762416,0.40409473
3265562021,0.6785548,0.1565959,0.16484939
3265594902,0.088784665,0.08335764,0.8278577
3265692858,0.2946241,0.31519082,0.39018506
3265745268,0.45097542,0.26063803,0.2883866
3265869428,0.3676208,0.2924804,0.3398988
3266013211,0.29171246,0.29371437,0.41457313
3266112339,0.45397547,0.29654232,0.24948218
3266209676,0.26969635,0.3727853,0.35751837
3266326098,0.28870273,0.41538167,0.2959156
3266485047,0.09676697,0.7952311,0.108002
3266543774,0.31734344,0.24491878,0.43773776
3266606994,0.45981887,0.278137,0.26204407
3266740523,0.17234148,0.17628834,0.6513702
3266874440,0.32555154,0.3637085,0.31073993
3266995139,0.14703608,0.67756593,0.17539792
3267009663,0.118855715,0.76072586,0.120418444
3267074500,0.47287077,0.2336275,0.29350176
3267097727,0.30887672,0.3193361,0.37178722
3267158320,0.6143053,0.1905088,0.19518591
3267314991,0.6453781,0.15204878,0.20257308
3267360817,0.33813497,0.24393594,0.41792908
3267452489,0.32839265,0.3848472,0.28676024
3267559716,0.20851761,0.20297183,0.5885106
3267857998,0.21211031,0.54530454,0.24258514
3267956368,0.37678784,0.32104552,0.3021666
3267958313,0.59180063,0.20153412,0.20666516
3268013443,0.31405982,0.31079823,0.3751419
3268041824,0.25627497,0.22382767,0.51989734
3268059053,0.37316787,0.33303836,0.29379377
3268134742,0.12580094,0.70644957,0.16774951
3268193438,0.26058695,0.41716486,0.32224822
3268307848,0.36405283,0.31106657,0.3248806
3268342810,0.569985,0.22326969,0.20674537
3268386624,0.22035766,0.4342478,0.34539455
3268442090,0.43741515,0.3183354,0.2442494
3268521320,0.2268524,0.21073657,0.562411
3268546386,0.30976012,0.27228332,0.41795656
3268554099,0.2762701,0.29558912,0.4281408
3268606925,0.4614104,0.2688752,0.26971444
3268671125,0.3124295,0.34112918,0.34644136
3268756842,0.13354355,0.13673042,0.729726
3268872972,0.44861573,0.30401888,0.24736543
3268975371,0.28690982,0.43018714,0.28290308
3269015080,0.35755476,0.38436064,0.2580846
3269045542,0.11718457,0.12265969,0.7601558
3269066699,0.26552874,0.34342712,0.3910441
3269083651,0.30227414,0.32096386,0.37676203
3269192373,0.40460867,0.31317997,0.2822114
3269254745,0.18648216,0.17747495,0.6360429
3269254909,0.2773214,0.4589826,0.26369599
3269275714,0.12977298,0.12662384,0.74360317
3269752467,0.29143843,0.3237899,0.38477165
3269801077,0.32153833,0.38514966,0.293312
3270065222,0.51741016,0.25540334,0.22718647
3270121480,0.3198697,0.41064566,0.26948464
3270127721,0.16225345,0.6534851,0.18426143
3270134951,0.528417,0.23611133,0.23547173
3270219302,0.32082745,0.34707397,0.33209854
3270224778,0.31588516,0.37614113,0.30797368
3270251871,0.33862683,0.35198188,0.3093913
3270321281,0.23037675,0.4832171,0.2864061
3270690790,0.3613067,0.31398445,0.32470885
3270849714,0.68171614,0.14963168,0.16865212
3270894889,0.5891484,0.19786736,0.21298414
3271060713,0.48856845,0.25508767,0.2563439
3271074229,0.1920225,0.21836627,0.58961123
3271198333,0.46908376,0.27289608,0.2580201
3271285325,0.38066804,0.3039742,0.3153577
3271354584,0.23043282,0.44147697,0.32809022
3271361126,0.32867947,0.3998784,0.27144217
3271399767,0.3641195,0.32268536,0.3131951
3271401907,0.21500495,0.19858961,0.58640546
3271411244,0.1304143,0.7034375,0.16614822
3271425558,0.23130807,0.50404286,0.26464906
3271455005,0.4304234,0.2879955,0.28158107
3271471349,0.3267776,0.3389238,0.3342985
3271603491,0.32756844,0.31423503,0.3581965
3271661908,0.2557197,0.21838517,0.5258952
3271780642,0.26315272,0.28565922,0.451188
3271798826,0.74480784,0.10769683,0.14749533
3271844930,0.22714154,0.23081772,0.54204077
3271969012,0.27256322,0.35458753,0.37284926
3272012004,0.19926704,0.61778426,0.18294863
3272191837,0.6001341,0.17619279,0.22367306
3272344900,0.35314724,0.3463496,0.30050316
3272348993,0.6143101,0.14021437,0.24547553
3272595727,0.47936738,0.28038728,0.24024528
3272603616,0.47589457,0.28666347,0.23744193
3272890863,0.501761,0.24665527,0.25158367
3272949447,0.6295228,0.18310525,0.18737197
3272986124,0.3156679,0.34332532,0.34100685
3273190481,0.53971195,0.22787398,0.23241408
3273289969,0.19790587,0.19561811,0.60647607
3273603859,0.45589715,0.27973604,0.2643667
3273604313,0.2685485,0.41451558,0.31693593
3273609427,0.15712509,0.15867569,0.6841992
3273654090,0.21262363,0.40534905,0.38202733
3273804347,0.5991839,0.16450512,0.23631102
3273825844,0.16880433,0.6518849,0.17931078
3273909256,0.37609965,0.33602652,0.2878738
3273981796,0.4400544,0.2880309,0.27191472
3274059321,0.4068044,0.29765147,0.29554412
3274065792,0.40003294,0.32392225,0.27604482
3274177559,0.31239715,0.3015811,0.38602173
3274411169,0.29156283,0.3209256,0.38751158
3274457708,0.19728263,0.17116734,0.6315501
3274556881,0.70795125,0.14349534,0.14855342
3274722450,0.37854117,0.3240675,0.29739133
3274744653,0.30547774,0.3058575,0.38866478
3274748008,0.3219332,0.25054935,0.4275175
3274776692,0.28407213,0.4955729,0.22035499
3274851651,0.23994893,0.43677554,0.3232755
3274948662,0.226849,0.4112008,0.36195025
3274975263,0.42331183,0.30566454,0.27102354
3275068490,0.2868429,0.2642562,0.44890088
3275233637,0.7244834,0.11255746,0.16295917
3275266804,0.33155838,0.4048075,0.26363412
3275317186,0.29815823,0.3172402,0.38460162
3275383038,0.3632894,0.3290109,0.30769965
3275417729,0.43402794,0.27654788,0.28942424
3275474770,0.37653488,0.34233233,0.28113288
3275528970,0.25839403,0.30022836,0.44137764
3275584026,0.19268169,0.5915262,0.21579207
3275623412,0.32574794,0.3320724,0.34217975
3275656206,0.64597404,0.17687774,0.17714825
3275703911,0.48179993,0.27314633,0.24505372
3275812783,0.3006257,0.33579054,0.36358368
3275825706,0.2969875,0.3321178,0.37089467
3275860497,0.44679075,0.2908172,0.2623921
3275922923,0.17597197,0.55106187,0.27296615
3275944646,0.39433634,0.35981053,0.24585317
3276090041,0.06780161,0.06638215,0.8658162
3276166654,0.4146244,0.30574203,0.27963355
3276493592,0.30194125,0.35042644,0.3476324
3276643138,0.40203586,0.28878742,0.3091767
3276769439,0.64205694,0.14079215,0.21715091
3276850547,0.3121148,0.3372542,0.35063103
3276908049,0.38569602,0.31501618,0.2992878
3276979780,0.299946,0.26857865,0.43147534
3277123263,0.21444996,0.54317755,0.24237245
3277244526,0.50309485,0.21625622,0.28064892
3277419171,0.27875364,0.37871245,0.34253398
3277438064,0.431598,0.27438474,0.2940173
3277506469,0.56694555,0.21670824,0.21634625
3277570435,0.30571136,0.37517095,0.3191177
3277573782,0.20722783,0.5888216,0.20395061
3277657186,0.12633142,0.6373157,0.23635294
3277665534,0.42980883,0.306471,0.26372018
3277720688,0.16054225,0.14179608,0.69766176
3277752642,0.32031614,0.43748888,0.24219503
3277774072,0.39926633,0.32441652,0.2763171
3277786087,0.3541107,0.3082013,0.33768803
3277805851,0.48741686,0.28761306,0.22497007
3277815902,0.59156233,0.21234228,0.19609532
3277825429,0.31981796,0.36997646,0.31020552
3277860821,0.7383335,0.10325566,0.15841082
3277883304,0.3456264,0.37128592,0.2830876
3277991889,0.3188277,0.3327183,0.34845394
3278001033,0.21142745,0.24077424,0.5477984
3278020875,0.35204887,0.3760043,0.27194685
3278062679,0.38499567,0.3212383,0.29376605
3278164834,0.37650457,0.34841174,0.27508363
3278198515,0.22933829,0.52992713,0.24073449
3278226162,0.42719248,0.24115615,0.33165136
3278227110,0.37233174,0.35691786,0.27075043
3278263661,0.36622673,0.32092413,0.31284913
3278266474,0.41056088,0.33998412,0.24945492
3278277009,0.41855115,0.30127594,0.28017288
3278313636,0.36463544,0.3756123,0.2597523
3278362175,0.19793634,0.19011253,0.6119512
3278415183,0.31017575,0.33098948,0.35883477
3278426259,0.3565853,0.29331088,0.35010383
3278432002,0.5246193,0.2165489,0.25883177
3278480710,0.371143,0.37261578,0.25624117
3278705518,0.37006474,0.36023045,0.26970488
3278725740,0.1891988,0.20178609,0.6090151
3278736520,0.20813876,0.30665225,0.48520896
3278936453,0.84271854,0.059509583,0.09777184
3278996518,0.37445822,0.39251855,0.23302332
3279005401,0.21236145,0.26003787,0.5276007
3279013125,0.32439288,0.30361727,0.37198988
3279415804,0.3331641,0.2812328,0.3856031
3279416350,0.24945799,0.50188,0.24866202
3279600945,0.29978737,0.30655113,0.39366144
3279790635,0.52646625,0.28428885,0.18924493
3279851364,0.32008618,0.35945374,0.3204601
3280057905,0.2907315,0.40804887,0.30121973
3280120357,0.15575156,0.29768312,0.54656523
3280181757,0.42893246,0.327536,0.24353155
3280223991,0.557962,0.17240977,0.26962832
3280233342,0.28588578,0.28614783,0.42796642
3280301903,0.46080032,0.2843486,0.25485116
3280318752,0.34730622,0.38757107,0.2651227
3280349873,0.25593206,0.15792882,0.58613914
3280382230,0.29688558,0.3419021,0.36121228
3280394668,0.60892767,0.18956892,0.20150335
3280400309,0.18305913,0.17344852,0.6434924
3280561209,0.52807295,0.21156627,0.26036078
3280642116,0.44984192,0.27658284,0.27357528
3280714484,0.41715574,0.34130296,0.24154128
3280751006,0.7840025,0.08613204,0.12986542
3280792310,0.1527389,0.66403407,0.18322702
3280889625,0.16004615,0.624283,0.21567091
3280923918,0.7085064,0.14458421,0.14690942
3281128683,0.19541393,0.22348897,0.58109707
3281180652,0.5076997,0.22473241,0.26756787
3281244279,0.2494539,0.25986695,0.49067917
3281276048,0.53370845,0.23847605,0.22781548
3281509433,0.09145505,0.76352364,0.1450213
3281525264,0.4014463,0.26170784,0.33684582
3281544213,0.34259814,0.3714242,0.28597775
3281649562,0.49359897,0.2622387,0.2441623
3281701895,0.21405613,0.22540754,0.5605363
3281725376,0.422089,0.3256292,0.25228179
3281727324,0.33523268,0.40676308,0.25800425
3281752915,0.42272016,0.29979753,0.27748227
3281799605,0.14585112,0.14206776,0.7120811
3281845060,0.39044544,0.23105483,0.37849975
3282296112,0.493399,0.2873755,0.21922556
3282467250,0.40378067,0.31814465,0.27807465
3282497014,0.32815212,0.37836677,0.29348105
3282645775,0.17845976,0.1795042,0.642036
3283013401,0.30917215,0.39517474,0.2956531
3283204698,0.3607884,0.3536571,0.2855545
3283281523,0.26648307,0.43086627,0.30265057
3283304345,0.4207429,0.33489397,0.24436313
3283368812,0.64644617,0.16554594,0.18800783
3283390934,0.23177351,0.40268615,0.3655403
3283406573,0.56931573,0.21457261,0.21611163
3283457260,0.31653062,0.32336232,0.360107
3283515505,0.28732634,0.3950863,0.31758744
3283549480,0.55115485,0.21449156,0.23435362
3283914081,0.46772644,0.2730332,0.25924036
3283928200,0.31796074,0.33365747,0.3483818
3283994191,0.27344716,0.4503064,0.2762465
3284019594,0.35552296,0.32008627,0.32439083
3284047979,0.7957394,0.08189151,0.12236909
3284100956,0.39805862,0.31082705,0.29111424
3284222090,0.2887987,0.36618704,0.3450144
3284336668,0.24666448,0.4557844,0.29755116
3284341560,0.28052187,0.2765337,0.4429444
3284343807,0.33651257,0.26592213,0.39756534
3284424417,0.3505896,0.35121274,0.2981976
3284465006,0.0995236,0.7564479,0.14402848
3284800716,0.44069266,0.27363572,0.2856716
3284820189,0.23460649,0.23836718,0.52702636
3284825597,0.39255697,0.30068034,0.3067627
3284881549,0.35618007,0.33428538,0.30953455
3284890211,0.43211746,0.2711522,0.29673034
3284894258,0.35089,0.37390846,0.2752015
3284925446,0.18266825,0.5999726,0.21735919
3284968207,0.41067454,0.31123596,0.27808952
3284979554,0.22154677,0.5199505,0.2585027
3284989449,0.20569782,0.52493924,0.2693629
3284998494,0.44833744,0.29328924,0.25837326
3285052158,0.361711,0.28423318,0.35405585
3285151920,0.33716223,0.3192155,0.34362224
3285217188,0.293341,0.32846215,0.3781968
3285295263,0.5693557,0.22693838,0.20370594
3285334652,0.39267582,0.3176694,0.28965476
3285508761,0.112837195,0.76382846,0.12333429
3285554335,0.349479,0.26116383,0.38935718
3285579889,0.21881266,0.51416725,0.26702005
3285590809,0.37064502,0.3201305,0.30922446
3285666729,0.17982611,0.19153248,0.62864137
3285700033,0.2518094,0.2767541,0.47143644
3285798608,0.5963922,0.18606554,0.21754223
3285875030,0.11158296,0.77049273,0.11792431
3285879382,0.21329796,0.41738787,0.36931422
3286093255,0.2985228,0.3048816,0.39659566
3286202855,0.2935764,0.44259754,0.26382613
3286245776,0.40488514,0.30916953,0.28594542
3286251754,0.3411023,0.3299893,0.32890838
3286348957,0.22686666,0.4648507,0.3082826
3286515953,0.36699075,0.19645232,0.43655697
3286622734,0.35910526,0.3628508,0.27804393
3286663102,0.3918635,0.30356443,0.304572
3286664987,0.44233382,0.3030698,0.25459638
3286728102,0.42493922,0.3256954,0.24936534
3286783376,0.2653808,0.2824079,0.45221135
3286907568,0.24492058,0.4432638,0.31181553
3286940291,0.4223955,0.30807957,0.26952502
3286945522,0.40914845,0.29563704,0.29521453
3286998179,0.21436402,0.37522128,0.41041473
3287041646,0.23243976,0.20736693,0.56019336
3287079564,0.5341446,0.1921305,0.27372485
3287087715,0.15221061,0.16444996,0.6833394
3287193140,0.1320708,0.71741587,0.15051335
3287219671,0.561683,0.21634512,0.2219719
3287381809,0.2850962,0.45645666,0.2584471
3287520278,0.51069504,0.201701,0.28760397
3287575370,0.28453612,0.35098448,0.36447945
3287580759,0.33057606,0.3741362,0.29528773
3287702252,0.17627425,0.19723636,0.6264894
3287714380,0.4933178,0.22762798,0.27905414
3287758510,0.47462308,0.24590172,0.27947515
3287785365,0.5159209,0.22725423,0.2568249
3287842981,0.304802,0.29389355,0.40130448
3287894083,0.21427317,0.4617528,0.32397404
3287947099,0.46196082,0.27355248,0.2644867
3288093929,0.19784223,0.20842025,0.59373754
3288359467,0.6083296,0.17295739,0.21871306
3288365476,0.24974264,0.35264766,0.39760965
3288410649,0.29887843,0.39686048,0.30426112
3288503628,0.1606076,0.1681341,0.6712583
3288518549,0.32622868,0.34841657,0.32535478
3288682688,0.4893383,0.24906136,0.26160038
3288703053,0.32637894,0.25235793,0.42126316
3288742304,0.18000716,0.52752584,0.29246706
3288775296,0.36719963,0.32677093,0.30602947
3288844864,0.36361846,0.36717835,0.26920316
3288960576,0.47525004,0.3021629,0.222587
3289151948,0.14504828,0.66903067,0.18592106
3289212861,0.3165155,0.36650604,0.3169784
3289275350,0.3195082,0.3508394,0.3296524
3289421757,0.5290442,0.19629896,0.2746568
3289424663,0.3349555,0.27874917,0.38629535
3289521440,0.27367476,0.4177578,0.3085674
3289556012,0.3142621,0.23895581,0.44678208
3289637761,0.12268936,0.7164687,0.16084194
3289691033,0.22470309,0.38005418,0.39524272
3289838355,0.22703704,0.21930626,0.5536567
3289875948,0.48534286,0.28301913,0.23163795
3290026807,0.32299834,0.30473974,0.37226194
3290111065,0.3985613,0.3408565,0.2605822
3290177199,0.3440688,0.32249185,0.33343932
3290518352,0.37343493,0.26119512,0.36536986
3290591780,0.33480382,0.39299202,0.27220425
3290756845,0.26087373,0.4795402,0.25958607
3291011427,0.11688036,0.7380487,0.14507091
3291044359,0.39268368,0.37528193,0.23203439
3291092157,0.17653634,0.6292344,0.19422929
3291140230,0.10438942,0.7709513,0.1246594
3291293483,0.13152008,0.7067939,0.16168605
3291346667,0.3014197,0.3890477,0.3095326
3291373769,0.47770464,0.19128038,0.331015
3291401469,0.22723112,0.52381426,0.24895468
3291584734,0.113050684,0.757436,0.12951331
3291587489,0.31306612,0.39117047,0.29576334
3291645040,0.2857759,0.44916007,0.265064
3291652831,0.5381094,0.20401087,0.2578797
3291698934,0.26232523,0.2898147,0.44786012
3291739294,0.13519152,0.7018353,0.16297324
3291740909,0.47075266,0.29423875,0.23500858
3291742686,0.55213606,0.22287679,0.2249872
3291847184,0.39984596,0.32277045,0.27738363
3291923995,0.24510145,0.33808914,0.4168094
3291998819,0.19817448,0.20088413,0.60094136
3292082423,0.22731611,0.47340608,0.29927787
3292160862,0.23652641,0.30287594,0.46059766
3292166136,0.25073802,0.51580435,0.23345758
3292172941,0.42837408,0.31432033,0.25730562
3292204465,0.26236746,0.40587616,0.33175638
3292368373,0.26600367,0.41756415,0.31643218
3292369624,0.48155525,0.26262805,0.25581673
3292467246,0.3580263,0.377526,0.26444763
3292507728,0.28950948,0.45400703,0.2564835
3292527679,0.5312142,0.25314257,0.2156432
3292558400,0.10383376,0.77063566,0.12553062
3292592443,0.26396587,0.31814733,0.41788673
3292629492,0.24238639,0.44704404,0.31056955
3292672447,0.29326224,0.4322032,0.27453458
3292920304,0.4138468,0.3260165,0.26013675
3292962085,0.35098773,0.33694658,0.31206572
3292998498,0.2702487,0.50886637,0.22088492
3293052213,0.16709177,0.562556,0.27035224
3293113780,0.4746364,0.29051387,0.23484969
3293200532,0.4102294,0.28208098,0.3076897
3293213412,0.4458457,0.307448,0.2467063
3293220172,0.28503937,0.36068538,0.35427526
3293265133,0.30918545,0.35926569,0.33154893
3293310603,0.19001237,0.35074174,0.45924598
3293314129,0.30095908,0.44507208,0.25396883
3293330430,0.06516787,0.83840144,0.096430734
3293395157,0.20989405,0.21188779,0.5782181
3293489896,0.39564875,0.31402856,0.29032272
3293575559,0.7645252,0.09033323,0.14514166
3293653976,0.51599884,0.24352306,0.24047802
3293715271,0.3568476,0.26359248,0.37955987
3293750068,0.4592875,0.26234818,0.27836427
3293757122,0.2717277,0.18712743,0.5411449
3293826440,0.2648036,0.38593692,0.34925956
3293896605,0.35887504,0.3449705,0.29615438
3293936174,0.37652004,0.37798133,0.24549867
3293958169,0.27517146,0.3545162,0.3703124
3293987159,0.10166946,0.11020825,0.78812236
3294013478,0.6409926,0.18578349,0.17322406
3294095076,0.43614846,0.25809368,0.30575785
3294114719,0.27235633,0.40064082,0.32700282
3294166531,0.4057431,0.14584996,0.44840696
3294368614,0.1777332,0.6053657,0.21690114
3294439779,0.28974867,0.36781466,0.34243667
3294486713,0.12177364,0.7586771,0.11954918
3294498653,0.1037106,0.10097926,0.7953102
3294604315,0.30421957,0.39047763,0.30530283
3294652791,0.48261076,0.22790489,0.28948432
3294721822,0.6053652,0.19087477,0.20376009
3294913617,0.3110607,0.40525326,0.28368607
3294914834,0.23176712,0.20936865,0.55886424
3294917894,0.2876248,0.26107958,0.45129567
3295051073,0.47420946,0.29292664,0.2328639
3295277774,0.29566458,0.32332954,0.38100585
3295369321,0.3733335,0.28617206,0.3404944
3295416566,0.29850596,0.3756993,0.32579473
3295445342,0.11103876,0.7363578,0.15260343
3295457991,0.31538442,0.3013841,0.38323155
3295567283,0.688844,0.14622267,0.16493331
3295697397,0.22152938,0.51531994,0.26315072
3295718778,0.45813867,0.26178557,0.28007573
3295839107,0.35190326,0.3488558,0.29924098
3295867433,0.13508268,0.6613068,0.2036105
3295917428,0.49416035,0.19432129,0.31151843
3296042811,0.3924761,0.31631133,0.29121253
3296052260,0.48465547,0.22751139,0.28783315
3296086246,0.4289772,0.29934883,0.27167398
3296086909,0.4442969,0.310383,0.24532016
3296101810,0.31257316,0.32345375,0.36397305
3296116519,0.3587323,0.37484652,0.2664212
3296171261,0.27364424,0.40869313,0.3176627
3296329041,0.5422402,0.23986658,0.21789321
3296341828,0.095394835,0.79423803,0.11036713
3296387035,0.3200014,0.3659854,0.31401315
3296452163,0.34451854,0.36548904,0.28999236
3296706639,0.41291592,0.28279042,0.3042936
3296880947,0.32314667,0.3584257,0.31842762
3296896865,0.19491996,0.21436754,0.5907124
3296910100,0.3074412,0.4246759,0.26788288
3297083927,0.35338154,0.38326058,0.26335794
3297111437,0.27110755,0.16950457,0.5593879
3297201079,0.5077626,0.24471101,0.24752635
3297403463,0.58657676,0.20658982,0.20683339
3297527692,0.36642537,0.34000987,0.29356477
3297530762,0.35156462,0.26135138,0.387084
3297560222,0.60763836,0.17741522,0.21494645
3297721104,0.2917422,0.4004219,0.30783585
3297729401,0.3342553,0.3655365,0.30020812
3297864169,0.7503639,0.09563254,0.15400358
3297866887,0.55682164,0.23554012,0.2076383
3297882697,0.42864683,0.29105398,0.2802992
3298071061,0.5646672,0.18886001,0.2464727
3298189994,0.20082885,0.5652953,0.23387587
3298196865,0.45517197,0.20020874,0.34461936
3298443344,0.32183105,0.35343945,0.32472947
3298540422,0.45823118,0.21402612,0.32774273
3298594016,0.37258473,0.26636562,0.36104962
3298641848,0.330638,0.32724038,0.34212166
3298678202,0.18010958,0.56423646,0.25565392
3299011441,0.28819078,0.23781578,0.4739934
3299019188,0.14272667,0.65524584,0.20202745
3299178964,0.28915557,0.4340943,0.2767501
3299251872,0.18138382,0.17952608,0.6390901
3299377050,0.1797336,0.1609625,0.6593039
3299390114,0.3677608,0.3597078,0.2725314
3299409574,0.18440686,0.593401,0.22219211
3299412065,0.21982065,0.31745952,0.4627199
3299485998,0.42843175,0.2344173,0.33715096
3299515384,0.29747042,0.38437057,0.31815895
3299689886,0.13423233,0.67697,0.1887977
3299910975,0.23900954,0.4569325,0.30405796
3299940551,0.39445293,0.32904485,0.27650228
3299960261,0.2090929,0.1679396,0.6229674
3299969952,0.14953086,0.685204,0.16526514
3300118590,0.26228386,0.42384756,0.31386864
3300218499,0.08227698,0.7919581,0.12576489
3300221278,0.24796255,0.2747368,0.47730067
3300230283,0.61205125,0.179448,0.20850067
3300592873,0.40021297,0.29983884,0.29994822
3300626227,0.18120943,0.51143336,0.30735722
3300843247,0.26627842,0.35755843,0.37616318
3300882912,0.4104131,0.32873836,0.26084852
3300948167,0.35063988,0.35655585,0.29280436
3300964032,0.28069088,0.42040637,0.2989027
3301182460,0.25836414,0.25018573,0.49145022
3301320375,0.24217197,0.21916129,0.5386668
3301376353,0.30226254,0.3338331,0.36390436
3301482541,0.34207875,0.26299644,0.3949248
3301666776,0.6212883,0.18461773,0.19409391
3301686759,0.54132557,0.22911547,0.22955893
3301719690,0.3630965,0.24908876,0.38781473
3301792449,0.25124344,0.4190765,0.3296801
3301838633,0.41124982,0.30491853,0.28383166
3301951234,0.24558027,0.3641357,0.390284
3301951237,0.50491524,0.22315054,0.27193424
3301975724,0.30507386,0.34369743,0.3512287
3301988760,0.37098607,0.3105753,0.31843856
3302021520,0.29123104,0.3485762,0.36019278
3302150517,0.30194378,0.41620052,0.28185573
3302161784,0.54631793,0.23208353,0.22159852
3302197489,0.32711795,0.37275657,0.3001255
3302268165,0.36650938,0.30933553,0.32415506
3302283988,0.262999,0.2657584,0.47124258
3302502339,0.45771092,0.24577983,0.2965093
3302511153,0.17254779,0.63609606,0.19135608
3302514457,0.18030533,0.64036864,0.17932598
3302653880,0.30132094,0.30995557,0.38872352
3302843828,0.15011743,0.13445815,0.7154244
3302885427,0.6124893,0.20436686,0.18314381
3303024690,0.6731934,0.1476808,0.17912582
3303179832,0.25582993,0.46188176,0.2822883
3303247433,0.27433056,0.32567072,0.39999878
3303460987,0.37335503,0.31711847,0.3095265
3303644806,0.41175342,0.35237375,0.23587286
3303690893,0.26663092,0.35184777,0.38152134
3303799972,0.4124628,0.33852825,0.24900895
3303811195,0.42037126,0.33708388,0.24254486
3303888854,0.31746742,0.31921956,0.36331296
3303940567,0.32891652,0.31758958,0.35349396
3303942601,0.21299943,0.17997487,0.60702574
3304075132,0.07400528,0.07316311,0.85283154
3304108288,0.14683104,0.69451815,0.15865082
3304123126,0.44154632,0.31062126,0.24783245
3304188120,0.33715403,0.286633,0.3762129
3304206847,0.27648833,0.40158054,0.32193106
3304249759,0.49174708,0.2542447,0.25400823
3304307811,0.2865898,0.3769757,0.3364345
3304598426,0.34380504,0.33232337,0.32387158
3304610214,0.35654056,0.34233612,0.30112338
3304651921,0.27184078,0.40067536,0.3274838
3304733983,0.35842416,0.31689245,0.32468334
3304762781,0.22835161,0.5490487,0.22259964
3304765632,0.40639672,0.30941465,0.28418863
3304826275,0.49787462,0.24843574,0.2536896
3304830618,0.30134234,0.33793473,0.3607229
3304916655,0.11162652,0.113130964,0.77524245
3304966547,0.32471225,0.37265578,0.30263206
3304993341,0.2409699,0.47131523,0.2877149
3305016457,0.30454987,0.27843487,0.41701525
3305020956,0.34887847,0.38329077,0.26783082
3305052796,0.38010123,0.31911007,0.30078864
3305054203,0.12675343,0.124038726,0.7492079
3305061053,0.18199776,0.5945185,0.22348377
3305171806,0.31382674,0.34576756,0.3404057
3305207639,0.4661353,0.28198707,0.25187767
3305207739,0.09460994,0.098022476,0.80736756
3305250684,0.30043823,0.4155909,0.28397095
3305401574,0.29497552,0.34975222,0.35527223
3305530888,0.31843776,0.16822594,0.5133363
3305606679,0.6005634,0.16696435,0.23247221
3305654660,0.51029015,0.25543267,0.23427717
3305695783,0.3113052,0.32937944,0.35931537
3305768000,0.39491406,0.31270686,0.29237914
3305917307,0.27364615,0.38839233,0.33796158
3305968056,0.30366716,0.24932232,0.4470106
3305983941,0.3498365,0.30228117,0.34788224
3306042505,0.40770644,0.3492558,0.24303773
3306057135,0.31127566,0.3896704,0.29905397
3306062810,0.10871967,0.7396927,0.15158764
3306147077,0.52992296,0.22154509,0.24853206
3306161497,0.32663426,0.35746443,0.3159013
3306209769,0.5120016,0.21984932,0.26814914
3306210148,0.21756941,0.51182765,0.2706029
3306258563,0.3518482,0.40652767,0.24162415
3306331872,0.213806,0.23889479,0.5472992
3306348820,0.32479545,0.32286483,0.35233974
3306437096,0.5231781,0.26312712,0.21369477
3306559483,0.19792196,0.5382653,0.26381275
3306581592,0.49087885,0.26406357,0.2450576
3306644637,0.17244738,0.5942615,0.23329104
3306653335,0.062258273,0.85171074,0.086031035
3306751107,0.4058168,0.24738622,0.34679696
3306755678,0.3678657,0.2917094,0.34042498
3306818933,0.2936645,0.40544012,0.30089542
3306935457,0.33061126,0.24895063,0.42043805
3306937824,0.3151538,0.392762,0.29208407
3306969366,0.39236847,0.29609275,0.31153873
3307035298,0.31485072,0.25932148,0.42582786
3307035577,0.54734594,0.23464443,0.21800959
3307179029,0.16706127,0.16461572,0.668323
3307424987,0.21195774,0.581896,0.20614627
3307564458,0.37031537,0.38786098,0.24182361
3307762788,0.30518627,0.27016586,0.42464778
3307824359,0.30035573,0.42039946,0.2792448
3307962899,0.3687161,0.3095468,0.32173717
3307987886,0.39179277,0.38502613,0.22318108
3308106962,0.28111643,0.31477886,0.40410474
3308173593,0.19890764,0.26531047,0.5357819
3308241665,0.42601475,0.2884072,0.28557804
3308331280,0.3313112,0.3251286,0.34356022
3308358059,0.14402904,0.19551687,0.66045403
3308373695,0.3713049,0.34218627,0.28650886
3308453625,0.120109,0.71639186,0.16349915
3308492543,0.41899908,0.29578763,0.28521332
3308555223,0.40128982,0.29403415,0.30467606
3308605328,0.3008257,0.3428352,0.3563391
3308629280,0.4166684,0.34317788,0.24015372
3308650018,0.1958429,0.23655431,0.5676028
3308744823,0.24731714,0.48749778,0.26518515
3308937662,0.34655175,0.22661075,0.42683753
3309032215,0.36481604,0.32743517,0.30774885
3309065682,0.84914505,0.054521285,0.09633361
3309146754,0.66204035,0.15164424,0.18631543
3309209786,0.44971406,0.3089018,0.24138412
3309213437,0.08263818,0.8186962,0.09866559
3309321766,0.118935004,0.7426196,0.13844538
3309392030,0.34429073,0.39193565,0.26377365
3309472369,0.4198503,0.32597807,0.2541716
3309609508,0.22313431,0.42123488,0.35563084
3309643860,0.24204503,0.3769758,0.38097924
3309691628,0.56568277,0.18745586,0.24686132
3309833298,0.34675747,0.30721807,0.3460244
3309963246,0.38137308,0.32176545,0.2968615
3310057993,0.45814124,0.30909824,0.23276052
3310075669,0.2073616,0.25561538,0.5370231
3310481597,0.26312986,0.4283658,0.30850434
3310487190,0.42867798,0.33116966,0.24015234
3310520430,0.45086536,0.26539996,0.28373462
3310524686,0.43917298,0.29471382,0.2661132
3310524799,0.49738684,0.2842057,0.21840745
3310598608,0.18578452,0.13503273,0.67918277
3310616306,0.33709046,0.36578235,0.29712716
3310734290,0.14913304,0.6639896,0.18687737
3310873172,0.32618368,0.36727372,0.3065426
3311048973,0.5060732,0.25171572,0.24221115
3311057317,0.48895216,0.26941064,0.24163722
3311092159,0.40153304,0.30424297,0.29422405
3311121347,0.19383165,0.17747635,0.628692
3311130832,0.2846251,0.4522303,0.26314464
3311205344,0.19618203,0.56312174,0.24069628
3311224854,0.31076607,0.43975702,0.24947692
3311267900,0.18762775,0.5575808,0.25479153
3311290015,0.5029689,0.23723866,0.25979242
3311379817,0.34790307,0.3432518,0.3088452
3311403080,0.33812052,0.37698334,0.28489614
3311515549,0.13598567,0.6943319,0.16968247
3311516356,0.37373874,0.36697507,0.25928617
3311553441,0.32364967,0.34218594,0.33416438
3311822816,0.4956476,0.22256744,0.28178492
3312065403,0.35405853,0.36071458,0.2852269
3312099502,0.18420185,0.6378282,0.17796996
3312113632,0.32940972,0.4306813,0.23990893
3312343681,0.34485406,0.33173126,0.32341468
3312538394,0.21355525,0.5928924,0.19355233
3312590764,0.40607366,0.32964203,0.26428425
3312604468,0.19534868,0.60704964,0.19760172
3312850157,0.2499963,0.34482482,0.40517887
3312947361,0.40424982,0.27334976,0.32240042
3312975255,0.15677543,0.6558518,0.1873727
3313052759,0.2867076,0.3835611,0.3297313
3313113758,0.100666665,0.77914774,0.12018558
3313204107,0.20788331,0.19798785,0.5941289
3313297484,0.33815914,0.20510264,0.4567382
3313394564,0.42395276,0.30284268,0.2732046
3313426229,0.22514138,0.20352694,0.5713317
3313532442,0.3203241,0.36545157,0.3142244
3313551722,0.2531599,0.32446492,0.4223752
3313584509,0.27097034,0.392496,0.3365337
3313678694,0.10544813,0.77489614,0.11965572
3313799196,0.39223483,0.32240564,0.2853595
3313834538,0.24454322,0.4064549,0.34900188
3313922229,0.21560714,0.49280503,0.29158777
3314019632,0.7755504,0.09002001,0.13442956
3314075434,0.26942042,0.27150092,0.45907864
3314284054,0.39547765,0.31412724,0.2903951
3314299296,0.3500401,0.36927167,0.28068823
3314390149,0.28708765,0.32726985,0.3856425
3314408430,0.41912636,0.28100097,0.2998727
3314494265,0.13005114,0.1578324,0.7121165
3314494622,0.23260364,0.38438448,0.38301185
3314513141,0.37962452,0.2867811,0.33359435
3314533209,0.41854417,0.27003977,0.31141603
3314549036,0.30164042,0.34560367,0.3527559
3314559249,0.7267014,0.1203144,0.15298423
3314577656,0.31979823,0.35457328,0.32562855
3314634622,0.2808513,0.27015176,0.44899693
3314745841,0.4189394,0.32098335,0.26007727
3314790744,0.774689,0.08919329,0.13611758
3314803571,0.070102476,0.8380124,0.09188514
3314901901,0.31330135,0.42607045,0.2606282
3314971491,0.38063577,0.3668631,0.25250113
3315005013,0.33283228,0.31806877,0.34909892
3315137439,0.42696774,0.30833614,0.2646961
3315268973,0.38184732,0.28409243,0.33406034
3315430762,0.1310366,0.112226844,0.7567366
3315453513,0.30479777,0.3278507,0.36735153
3315490633,0.37609494,0.34928623,0.27461886
3315525458,0.23246543,0.21564716,0.5518874
3315540895,0.3558548,0.26431504,0.37983018
3315962805,0.37969935,0.24703002,0.3732706
3316103247,0.46381053,0.30609035,0.23009916
3316203149,0.26060557,0.22555225,0.5138422
3316235400,0.16529003,0.6376245,0.19708551
3316275560,0.35218412,0.25658786,0.391228
3316309653,0.5183078,0.26564467,0.21604753
3316367206,0.34940526,0.34607226,0.30452248
3316469984,0.7400684,0.11363498,0.1462966
3316582618,0.17037334,0.6450563,0.18457042
3316830548,0.3496393,0.3571958,0.29316494
3316929275,0.21684736,0.52860004,0.25455257
3317054606,0.19576801,0.5899614,0.21427055
3317093358,0.326798,0.24632376,0.42687827
3317414597,0.3243681,0.21583876,0.45979312
3317491018,0.39836612,0.33080468,0.27082926
3317493037,0.34090748,0.37026852,0.28882396
3317494981,0.18831751,0.5951255,0.21655695
3317608440,0.29967374,0.3377173,0.36260906
3317726558,0.6929354,0.1384325,0.16863215
3317735614,0.22867715,0.20164837,0.5696745
3317803115,0.11376824,0.74277496,0.1434568
3317812926,0.2525348,0.25130612,0.49615914
3317839686,0.16879693,0.6421805,0.18902257
3317883186,0.39394128,0.34409112,0.2619676
3317940016,0.22061922,0.5532113,0.22616947
3317949185,0.22376582,0.2380247,0.53820956
3318076763,0.34002757,0.38203016,0.27794233
3318087294,0.17795901,0.14895988,0.67308116
3318167821,0.23263171,0.19746411,0.5699042
3318210602,0.39125335,0.30995485,0.29879177
3318276701,0.31309015,0.27399656,0.41291326
3318312231,0.32541156,0.35780445,0.31678405
3318330851,0.366861,0.31370115,0.31943783
3318364966,0.33276522,0.3934454,0.27378938
3318414173,0.6415423,0.14799722,0.21046041
3318718778,0.2606142,0.468047,0.2713388
3318718919,0.51785386,0.18840212,0.29374406
3318754154,0.43460637,0.18288435,0.38250926
3318795731,0.27805114,0.45858046,0.26336843
3318911242,0.36049104,0.33619648,0.30331245
3318955450,0.11713444,0.73019683,0.15266871
3319001966,0.3238626,0.3867665,0.2893708
3319050049,0.24784626,0.26913512,0.48301864
3319060785,0.24371192,0.36373,0.39255807
3319171106,0.774499,0.09114128,0.13435979
3319251051,0.13122664,0.7090171,0.15975624
3319271493,0.37660158,0.3908635,0.23253496
3319296104,0.34734702,0.3185242,0.33412874
3319464925,0.37135935,0.3165751,0.31206557
3319636152,0.14148942,0.70609707,0.15241355
3319681832,0.22489013,0.45559067,0.31951916
3319832755,0.41924068,0.30584708,0.27491224
3319841519,0.3219654,0.39027026,0.2877644
3319902245,0.31186196,0.35618663,0.33195153
3319905674,0.24637625,0.37951094,0.37411278
3319940106,0.19855778,0.35846448,0.44297767
3319969911,0.35422578,0.34354323,0.30223098
3320004252,0.6526202,0.16730371,0.18007602
3320030910,0.244233,0.29857448,0.45719254
3320062004,0.26152825,0.3016965,0.43677518
3320084451,0.08993689,0.7895114,0.12055175
3320133774,0.09314614,0.7910736,0.1157802
3320211477,0.12620017,0.64595896,0.22784087
3320227304,0.57875633,0.22663286,0.19461083
3320230231,0.2716754,0.38694304,0.34138155
3320247509,0.44938856,0.31421465,0.23639677
3320298324,0.08997729,0.794209,0.11581368
3320364851,0.47501886,0.26048097,0.26450017
3320516689,0.3408345,0.32858703,0.33057845
3320541419,0.34540227,0.35259822,0.30199954
3320694998,0.08665515,0.8060235,0.10732141
3320715262,0.54218036,0.1753285,0.28249115
3320868532,0.35769603,0.27487674,0.3674273
3320934091,0.16725853,0.6200559,0.21268557
3320954585,0.38179305,0.3644981,0.25370887
3320987237,0.42132667,0.31520757,0.2634658
3321255371,0.37586647,0.32490408,0.29922953
3321271576,0.5292903,0.2216926,0.24901713
3321322551,0.2926067,0.40657184,0.30082154
3321389040,0.23783045,0.5322674,0.22990215
3321392413,0.2738701,0.3924039,0.33372605
3321478656,0.32414347,0.34549984,0.33035663
3321567706,0.2745443,0.42353395,0.3019218
3321568726,0.22374278,0.5086434,0.26761374
3321578182,0.270607,0.28354403,0.445849
3321612903,0.31422633,0.39516696,0.29060668
3321716636,0.26453155,0.37694854,0.35851994
3321735457,0.31087127,0.33698538,0.35214338
3321736312,0.17625329,0.63169724,0.19204947
3321738454,0.25052622,0.22168648,0.52778727
3321751503,0.3861019,0.20565459,0.40824348
3321790929,0.42371407,0.24114998,0.33513597
3321945089,0.36470637,0.3493253,0.28596833
3321950485,0.4801806,0.24567863,0.27414083
3321963219,0.1038192,0.76120466,0.1349761
3322179926,0.42882764,0.3036557,0.26751664
3322249442,0.43207112,0.3291655,0.2387634
3322387266,0.23418495,0.31575212,0.45006293
3322494916,0.3534606,0.29488593,0.3516534
3322519412,0.3759347,0.31353548,0.31052983
3322650475,0.51066464,0.19514564,0.29418975
3322811959,0.6915677,0.14676742,0.16166486
3322975437,0.3290422,0.39920726,0.27175048
3323206851,0.689547,0.14828189,0.1621711
3323257199,0.3104788,0.40106553,0.2884556
3323261137,0.44666252,0.2997002,0.25363725
3323300013,0.2574096,0.23443936,0.50815105
3323391104,0.07294852,0.07184324,0.8552083
3323546456,0.18044563,0.19504854,0.6245058
3323604367,0.17855257,0.14575882,0.6756887
3323630373,0.25434956,0.2175586,0.5280918
3323922010,0.48165748,0.30608895,0.21225354
3324003042,0.40626,0.3340688,0.2596712
3324159932,0.31527132,0.35304907,0.33167967
3324187078,0.64341104,0.12637277,0.23021618
3324246031,0.24238199,0.3072225,0.45039555
3324342768,0.32711172,0.3379564,0.33493188
3324449715,0.49866006,0.18581888,0.3155211
3324495840,0.35522062,0.25794873,0.38683072
3324512165,0.34030187,0.27946463,0.38023353
3324569088,0.22075151,0.3169672,0.46228135
3324667349,0.56181324,0.2371703,0.20101646
3324793535,0.45725518,0.26471493,0.27802995
3324927511,0.2677886,0.2634482,0.46876323
3324931261,0.59367394,0.16732968,0.2389964
3324958742,0.23981711,0.39222696,0.36795595
3325077327,0.19119819,0.20563586,0.603166
3325164096,0.48419693,0.25876322,0.25703984
3325196092,0.16812213,0.6253244,0.20655344
3325203853,0.43227008,0.2600777,0.30765224
3325243117,0.4552158,0.30190232,0.24288188
3325321188,0.38309535,0.31812483,0.29877982
3325330778,0.3238006,0.30393085,0.3722686
3325389884,0.36477277,0.24108945,0.39413774
3325472962,0.34223458,0.22346584,0.43429956
3325473399,0.38987345,0.31840864,0.29171792
3325517358,0.49415353,0.18910198,0.31674457
3325563903,0.49539304,0.18929435,0.31531265
3325662184,0.2182381,0.54576623,0.23599577
3325664697,0.22853547,0.49431938,0.27714518
3325712100,0.3102691,0.35566548,0.33406538
3325740454,0.1401935,0.7144074,0.14539905
3325759871,0.31549957,0.2936192,0.39088124
3325805365,0.13202809,0.13453656,0.73343533
3325902481,0.34622258,0.35243055,0.30134687
3325969030,0.22393498,0.257519,0.51854604
3325998356,0.47019073,0.25441962,0.27538964
3326028160,0.13749638,0.70898247,0.15352114
3326031340,0.30722734,0.4011406,0.29163203
3326223102,0.12597513,0.7167704,0.15725446
3326369719,0.42714685,0.2969298,0.27592334
3326372388,0.28428325,0.30201656,0.4137002
3326471543,0.657215,0.16804905,0.17473596
3326682243,0.29304126,0.28402776,0.42293096
3326776675,0.3146663,0.34712014,0.3382135
3326821563,0.19892503,0.64750904,0.15356587
3326831922,0.3320153,0.4197826,0.2482022
3326952163,0.4450096,0.29733124,0.2576591
3326968081,0.15364157,0.14188108,0.70447737
3327081590,0.4848422,0.2644252,0.25073263
3327253590,0.36742404,0.33464992,0.29792607
3327270847,0.342368,0.35859662,0.2990354
3327394449,0.35474393,0.30626953,0.33898652
3327435706,0.34298366,0.29380926,0.36320707
3327471657,0.6999636,0.12807816,0.17195822
3327483133,0.12869322,0.70487744,0.16642936
3327512301,0.49563327,0.2388538,0.26551288
3327691209,0.35987878,0.3302418,0.30987942
3327691827,0.108461946,0.77475613,0.11678192
3327735141,0.13568558,0.7099089,0.15440553
3327762784,0.32655466,0.35877663,0.31466866
3328178306,0.10950415,0.7691971,0.12129873
3328185668,0.30630073,0.30699834,0.38670096
3328266156,0.105102584,0.099539936,0.7953575
3328443493,0.33948016,0.3645831,0.29593673
3328477220,0.118180744,0.7076518,0.17416744
3328534213,0.25851372,0.44983247,0.29165384
3328734084,0.3131335,0.33266753,0.35419893
3328812541,0.3253277,0.36736494,0.3073074
3328829958,0.36157146,0.30066183,0.3377667
3328881563,0.22953323,0.5133751,0.25709167
3328905138,0.24456306,0.47920296,0.27623394
3329064013,0.21320675,0.21671912,0.57007414
3329166915,0.30586928,0.34057713,0.35355356
3329239693,0.291251,0.44333142,0.26541755
3329249995,0.39990485,0.29554296,0.30455223
3329299397,0.44039625,0.27219647,0.28740722
3329395767,0.40653604,0.3490892,0.24437477
3329525371,0.36654276,0.349621,0.2838362
3329558632,0.48157817,0.2842057,0.23421615
3329632596,0.6656925,0.15852109,0.17578647
3329632780,0.30854076,0.3699515,0.3215077
3329924442,0.14752662,0.18099266,0.6714807
3329992445,0.23884737,0.26313248,0.49802017
3330029003,0.2723373,0.30805293,0.4196098
3330143560,0.32149047,0.46323797,0.21527159
3330149948,0.32548237,0.41837877,0.25613892
3330193608,0.30341396,0.33940932,0.35717675
3330237674,0.36836293,0.26629123,0.3653459
3330256580,0.56297916,0.22430041,0.21272045
3330263624,0.24938522,0.39721102,0.3534038
3330310340,0.33981124,0.34742504,0.31276375
3330341806,0.34766605,0.3561175,0.29621655
3330441724,0.6432257,0.1669117,0.18986253
3330675255,0.20370348,0.18909915,0.6071974
3330744999,0.09638132,0.79543453,0.10818421
3330767575,0.24289604,0.46704134,0.29006267
3331141362,0.30386087,0.42344868,0.27269047
3331167497,0.42389598,0.19666247,0.37944162
3331341361,0.7704944,0.09876231,0.13074328
3331395358,0.27313063,0.3086841,0.4181853
3331515063,0.51329905,0.25658098,0.2301199
3331564117,0.33920944,0.40168792,0.25910255
3331617756,0.31185696,0.3798997,0.30824345
3331649301,0.06359886,0.8350543,0.10134682
3331667788,0.6352306,0.14678377,0.21798564
3331706142,0.3272784,0.31227958,0.36044198
3331724896,0.30812764,0.35734844,0.33452395
3331745035,0.2521949,0.51560265,0.2322024
3331749181,0.39898384,0.34151202,0.25950417
3331756783,0.23398827,0.28941208,0.47659966
3331831254,0.29200754,0.39512104,0.31287137
3331843047,0.48131698,0.3074885,0.21119446
3331895076,0.2814417,0.2561267,0.46243158
3331972729,0.20170833,0.5897536,0.2085381
3332100313,0.17825224,0.1859961,0.63575166
3332110787,0.18580724,0.1893009,0.6248918
3332139182,0.25244993,0.476273,0.27127716
3332249008,0.3011753,0.37785843,0.3209663
3332346656,0.4766156,0.26122743,0.26215696
3332346732,0.30420464,0.34560752,0.35018784
3332388062,0.6762493,0.15012385,0.17362681
3332404156,0.48572546,0.2804144,0.23386009
3332437501,0.18604074,0.58486897,0.2290904
3332448735,0.16910207,0.15223084,0.67866707
3332481942,0.16745669,0.65617305,0.17637028
3332510343,0.56559473,0.1767602,0.25764507
3332530220,0.72022146,0.122640625,0.15713796
3332560614,0.6137968,0.16260704,0.22359626
3332583717,0.24618334,0.3737518,0.38006487
3332652094,0.2871777,0.4183992,0.29442304
3332771861,0.34348768,0.31904012,0.33747214
3332834449,0.57097,0.2313451,0.19768487
3332854770,0.60973054,0.19787867,0.1923908
3332860897,0.36512938,0.33803904,0.2968316
3332927344,0.30865368,0.19973294,0.49161342
3332941292,0.5877798,0.20215032,0.2100698
3332957602,0.12420925,0.7237734,0.15201725
3333018589,0.41137674,0.24522747,0.3433957
3333023434,0.39488283,0.35363138,0.2514858
3333049468,0.2094545,0.21527377,0.5752717
3333147572,0.2504052,0.26068342,0.48891148
3333181581,0.30942246,0.3369042,0.35367334
3333334035,0.35744762,0.35406336,0.28848898
3333351361,0.20971273,0.3124242,0.477863
3333492959,0.25193664,0.3001379,0.4479254
3333527129,0.09918527,0.7872911,0.113523655
3333574602,0.3958494,0.23154461,0.37260595
3333832652,0.12331207,0.11242613,0.76426184
3333841310,0.36781332,0.298607,0.33357972
3333864071,0.5285892,0.24202298,0.22938788
3333898746,0.2091558,0.49056795,0.30027622
3333988463,0.101857886,0.7727096,0.12543255
3334110885,0.5156536,0.20365997,0.2806864
3334167535,0.26086727,0.260962,0.47817075
3334253249,0.40535524,0.2961607,0.29848403
3334329097,0.35022834,0.37760192,0.2721697
3334522051,0.33607042,0.2504713,0.41345826
3334583994,0.26504588,0.47207305,0.26288107
3334896497,0.16113095,0.15164334,0.68722576
3334899161,0.4305299,0.269138,0.3003321
3334900644,0.47905055,0.24106409,0.2798854
3335006807,0.21476263,0.18708022,0.5981571
3335011492,0.41231707,0.2760459,0.31163704
3335056750,0.23270021,0.41241688,0.3548829
3335122898,0.53416914,0.26721704,0.19861385
3335177426,0.21477827,0.5507647,0.234457
3335209791,0.47905645,0.29852733,0.22241616
3335216045,0.17912044,0.6053558,0.2155238
3335352104,0.3003432,0.37206933,0.32758746
3335410676,0.3470543,0.3596694,0.29327628
3335488957,0.51490265,0.21569215,0.26940522
3335496120,0.41887406,0.2820615,0.29906452
3335833441,0.52384156,0.20865068,0.26750773
3335915269,0.5450425,0.19715625,0.2578012
3335938127,0.09349107,0.7872983,0.119210586
3336038242,0.19146481,0.5479237,0.2606115
3336135497,0.22996464,0.4981935,0.2718418
3336248113,0.55166495,0.2399234,0.20841172
3336420701,0.49835154,0.2121787,0.2894697
3336546144,0.28967437,0.30907914,0.40124655
3336637344,0.22155519,0.44416907,0.33427575
3336675380,0.5842069,0.19222729,0.22356583
3336887399,0.50510275,0.20325087,0.29164627
3336914618,0.33396304,0.30867493,0.35736203
3337115095,0.56265897,0.1940672,0.24327385
3337130114,0.74232215,0.10444663,0.15323116
3337156492,0.20759481,0.23016815,0.5622371
3337206601,0.14200398,0.20435244,0.65364355
3337211244,0.6951389,0.17282245,0.1320386
3337215979,0.5201636,0.24344578,0.23639067
3337221854,0.11784643,0.104960725,0.7771929
3337357814,0.40140697,0.27573177,0.32286116
3337395135,0.3348096,0.30957466,0.3556157
3337487422,0.5881262,0.20470302,0.20717086
3337515005,0.2078939,0.22180246,0.5703037
3337515114,0.37924534,0.32774192,0.29301274
3337535036,0.38156915,0.3329078,0.28552303
3337660936,0.60112023,0.21228229,0.18659747
3337738717,0.44202337,0.2945289,0.2634478
3337763559,0.40886706,0.3566402,0.23449278
3337790455,0.18148006,0.61046416,0.2080557
3337805876,0.28170586,0.4428283,0.27546582
3338058317,0.36702138,0.28455833,0.34842023
3338181862,0.19634351,0.25043917,0.55321723
3338222138,0.1070908,0.10408906,0.7888201
3338241821,0.35935834,0.35832876,0.28231293
3338258886,0.5681779,0.18676583,0.24505633
3338261189,0.3208838,0.39626837,0.28284788
3338411001,0.4787134,0.26562485,0.25566182
3338445337,0.28613776,0.27678004,0.43708223
3338466538,0.3531113,0.3628645,0.28402418
3338498070,0.44900236,0.2923989,0.25859874
3338572424,0.36664626,0.31916398,0.31418982
3338630398,0.31886956,0.33942214,0.34170833
3338689688,0.49077323,0.2453244,0.26390246
3338816348,0.2836768,0.431546,0.2847772
3338839289,0.3553832,0.3330186,0.31159833
3338926545,0.20306179,0.5649951,0.23194316
3338976828,0.29515314,0.32767007,0.3771768
3339005542,0.27351063,0.42596233,0.30052707
3339092486,0.508548,0.27127433,0.22017772
3339113378,0.3455589,0.3773584,0.27708268
3339131316,0.2965963,0.20581941,0.49758428
3339151318,0.15746528,0.13259967,0.70993495
3339163977,0.3299809,0.33261487,0.33740422
3339186641,0.2625558,0.41130048,0.3261438
3339194540,0.42635918,0.30138373,0.27225712
3339237419,0.34755173,0.39553517,0.25691304
3339251003,0.78684616,0.08723798,0.12591583
3339272655,0.1950987,0.56311864,0.24178274
3339400041,0.5103107,0.24431247,0.24537683
3339681694,0.34197006,0.37381744,0.28421247
3339771689,0.324291,0.30802235,0.36768663
3339819037,0.13666624,0.101228274,0.7621054
3340035805,0.3438137,0.37321264,0.28297362
3340307193,0.46020103,0.2978384,0.24196059
3340399864,0.47386047,0.28132287,0.24481663
3340450864,0.38929507,0.2610951,0.34960982
3340454218,0.24333675,0.49747226,0.25919095
3340469276,0.32274956,0.37254825,0.30470213
3340603625,0.1864106,0.64398015,0.16960928
3340618718,0.28768936,0.43106124,0.28124943
3340625897,0.11529656,0.7560502,0.12865323
3340780693,0.3653131,0.32611185,0.30857503
3340960809,0.29005063,0.40097657,0.30897278
3341161271,0.2194078,0.46665132,0.31394085
3341228598,0.27078494,0.4115878,0.31762722
3341417520,0.27364078,0.29230988,0.4340494
3341486139,0.27173242,0.24910554,0.47916207
3341491554,0.34575465,0.38396248,0.27028292
3341534636,0.10766812,0.094521455,0.7978105
3341646166,0.26783052,0.36029854,0.37187093
3341673204,0.30900213,0.36231348,0.32868433
3341841281,0.5481047,0.20444876,0.24744652
3341845948,0.3170339,0.37276727,0.3101988
3341996157,0.1444374,0.124663725,0.7308989
3342002890,0.07653667,0.06481226,0.85865116
3342369341,0.26481417,0.26684853,0.46833733
3342522753,0.23261026,0.22082525,0.54656446
3342572822,0.38323164,0.3414786,0.27528977
3342579396,0.30269313,0.36238497,0.33492193
3342586842,0.36681414,0.29825255,0.33493337
3342639963,0.39656454,0.34062758,0.26280794
3342640401,0.20845541,0.5162612,0.27528334
3342647187,0.26148465,0.30971542,0.4288
3342731961,0.30969334,0.3220185,0.36828825
3342756760,0.44387922,0.31760773,0.2385131
3342810117,0.49997014,0.24379104,0.25623882
3342839480,0.7836758,0.09254966,0.12377458
3342858023,0.3256503,0.35176593,0.3225838
3342936817,0.36498925,0.33710152,0.29790917
3342981067,0.3451573,0.35908303,0.29575974
3343689561,0.20563777,0.5944061,0.19995615
3343719753,0.2810935,0.37969887,0.33920762
3343726871,0.36937732,0.3176964,0.3129263
3343737943,0.6431459,0.12742981,0.22942431
3343780729,0.51406425,0.2349977,0.25093803
3343805155,0.3230728,0.39352134,0.2834058
3343893201,0.39585975,0.32693392,0.27720627
3343906536,0.14114964,0.14412133,0.7147291
3343962246,0.25082806,0.38643727,0.36273462
3343991501,0.43083805,0.29633155,0.27283043
3344240922,0.52031296,0.25250587,0.22718115
3344401494,0.31401482,0.37683502,0.30915022
3344417112,0.09466521,0.795663,0.10967181
3344502907,0.35547307,0.302859,0.3416679
3344523617,0.57122916,0.15705268,0.27171817
3344575133,0.31096172,0.3973085,0.29172975
3344631182,0.64726907,0.17446928,0.17826161
3344632870,0.33027348,0.3345641,0.33516246
3344638898,0.53248006,0.21378982,0.2537301
3344672540,0.33988744,0.34346208,0.31665048
3344770100,0.45304924,0.30199042,0.24496038
3344787377,0.30054554,0.39439666,0.30505776
3345054498,0.41620642,0.31926993,0.26452368
3345077158,0.24700142,0.50913715,0.24386144
3345154515,0.3367287,0.37169734,0.29157397
3345206957,0.23085453,0.5479995,0.22114597
3345207283,0.46519354,0.26385453,0.270952
3345324631,0.4720066,0.2780574,0.24993598
3345367139,0.3145447,0.35727152,0.3281838
3345511718,0.28631172,0.36565295,0.34803528
3345523525,0.118653,0.13934419,0.7420028
3345530202,0.19033165,0.600069,0.20959938
3345556155,0.35755593,0.33707917,0.3053649
3345579736,0.2782228,0.2635279,0.4582493
3345714563,0.26071396,0.49347898,0.24580699
3345821884,0.32118875,0.38502404,0.2937872
3345856759,0.17247659,0.16041331,0.6671101
3345897485,0.34929094,0.28892663,0.36178243
3345907514,0.46621627,0.2910468,0.24273695
3345913114,0.23556066,0.5396602,0.22477916
3346016984,0.28461173,0.29862443,0.41676387
3346065116,0.15073736,0.682461,0.16680168
3346073488,0.22204699,0.5507063,0.22724672
3346121737,0.4640386,0.2856549,0.2503065
3346165101,0.20457768,0.6010197,0.19440274
3346186111,0.5184079,0.2413079,0.24028413
3346274295,0.13393587,0.7193239,0.14674035
3346343286,0.19239737,0.227232,0.58037066
3346575702,0.5734602,0.2375507,0.1889891
3346633389,0.28696427,0.3231409,0.38989484
3346698406,0.3386869,0.30048618,0.36082688
3346823869,0.5856173,0.1883598,0.22602296
3346929757,0.50887144,0.27924776,0.21188077
3346945751,0.21238941,0.5441174,0.24349321
3346970934,0.37187573,0.31142566,0.31669858
3347020534,0.6962426,0.12483745,0.17892009
3347048526,0.6779707,0.11048818,0.21154113
3347111073,0.59613067,0.19934934,0.20452
3347391268,0.24778995,0.45320603,0.29900396
3347626340,0.15811175,0.6666332,0.17525502
3347627373,0.41960365,0.27569914,0.3046972
3347701717,0.21198308,0.5761003,0.21191657
3347772156,0.34635872,0.37826952,0.27537167
3347788068,0.38783216,0.30548695,0.30668083
3348104573,0.22452158,0.4262176,0.3492609
3348219174,0.30170926,0.34627622,0.35201454
3348398169,0.3090048,0.36670548,0.3242897
3348550413,0.19610181,0.5428533,0.2610449
3348647413,0.15302953,0.124529585,0.7224409
3348704583,0.15616465,0.635166,0.2086694
3348763355,0.33516005,0.34766942,0.31717053
3348774101,0.39615664,0.26294303,0.3409004
3348873988,0.50496554,0.25869414,0.23634034
3348943672,0.25650245,0.32680497,0.41669264
3348967360,0.44167632,0.27243352,0.28589016
3348968882,0.34507808,0.3010456,0.3538763
3348981704,0.3847165,0.2511596,0.3641239
3349012964,0.10534157,0.7684223,0.12623613
3349139885,0.6137759,0.17810829,0.20811574
3349217677,0.33267277,0.26800668,0.39932054
3349293429,0.28433394,0.3861475,0.3295185
3349361512,0.36325422,0.29334897,0.3433968
3349387040,0.19101715,0.20759273,0.6013901
3349399896,0.28741908,0.3843295,0.32825136
3349445537,0.63668394,0.1973155,0.16600047
3349509606,0.33672825,0.3261569,0.33711484
3349520031,0.82735795,0.057018176,0.11562385
3349531260,0.28153634,0.46158293,0.2568807
3349746928,0.284429,0.41473287,0.30083814
3349754714,0.2632598,0.3584548,0.3782854
3349766014,0.12746318,0.67375654,0.19878024
3349790877,0.23986483,0.49690115,0.26323402
3349791060,0.27458432,0.1299764,0.59543926
3349925755,0.36285293,0.29706934,0.3400778
3350042643,0.24361709,0.2501955,0.5061874
3350112753,0.41836858,0.32277766,0.2588537
3350147534,0.42483717,0.2503344,0.3248284
3350156113,0.47140315,0.32921007,0.19938675
3350250045,0.2811529,0.33486015,0.38398695
3350263946,0.13650921,0.1454778,0.718013
3350336683,0.48298195,0.28212675,0.23489137
3350362997,0.22423777,0.5195513,0.25621095
3350539547,0.41748866,0.31206122,0.27045017
3350628491,0.25882167,0.49773616,0.24344216
3350852534,0.7744994,0.09120591,0.13429463
3350872761,0.53518647,0.17443629,0.2903772
3351031699,0.48843464,0.23856242,0.27300295
3351125889,0.7492464,0.112279296,0.13847426
3351137227,0.5326673,0.2644276,0.2029052
3351485729,0.26989675,0.3363355,0.3937678
3351726299,0.42399257,0.30361792,0.2723895
3351726436,0.3496373,0.37680906,0.27355358
3351862964,0.36359623,0.32019043,0.3162133
3352137713,0.36602747,0.39590597,0.2380665
3352582106,0.19364773,0.47076428,0.335588
3352597968,0.42813766,0.30622712,0.26563528
3352629836,0.3090567,0.2635705,0.42737272
3352801109,0.33095366,0.4560206,0.21302585
3352817530,0.22477134,0.38385004,0.39137864
3352842759,0.60566795,0.17718832,0.21714374
3353021570,0.4907914,0.2848002,0.22440839
3353297853,0.48464432,0.25617728,0.25917834
3353422829,0.6363295,0.1741415,0.18952909
3353515893,0.31242487,0.28392845,0.40364665
3353654306,0.6492644,0.1731827,0.17755288
3353779085,0.33259928,0.37023538,0.2971654
3353833642,0.25783423,0.31014207,0.43202376
3353931486,0.38973948,0.2055768,0.40468368
3353937021,0.265349,0.23732069,0.49733034
3353955513,0.29346976,0.32581565,0.38071463
3353964334,0.3957715,0.31633675,0.28789172
3354031937,0.24125826,0.29831976,0.4604219
3354107058,0.5244798,0.24161895,0.23390129
3354253747,0.34985536,0.25838104,0.3917636
3354263541,0.5278527,0.25674784,0.21539947
3354279500,0.628686,0.18568072,0.18563333
3354356335,0.33214512,0.33686954,0.33098534
3354392923,0.21345292,0.46373335,0.32281375
3354434384,0.34912434,0.21711491,0.43376073
3354571874,0.20194331,0.5504877,0.24756898
3354676900,0.46301532,0.24555734,0.2914274
3354744901,0.17973636,0.32397237,0.49629122
3354824390,0.26027983,0.28272647,0.45699364
3354890772,0.42588317,0.32022294,0.25389385
3354891298,0.19999972,0.5606802,0.2393201
3354945592,0.24371302,0.23185122,0.5244358
3355175964,0.17472182,0.1379109,0.6873673
3355240483,0.301038,0.39177233,0.30718967
3355335473,0.24831884,0.24114664,0.5105345
3355411692,0.30472255,0.35746926,0.33780822
3355668810,0.4579419,0.2937057,0.2483524
3355723506,0.20610656,0.5514995,0.24239397
3355807851,0.2248869,0.4696097,0.30550334
3355926494,0.16445379,0.6495714,0.18597476
3355947039,0.25866848,0.21005334,0.53127825
3355987388,0.13684061,0.68503135,0.1781281
3356014621,0.2642287,0.42803895,0.3077323
3356039384,0.17926241,0.17646997,0.6442676
3356194781,0.29901358,0.35038814,0.35059825
3356216603,0.4405339,0.291007,0.26845902
3356319578,0.2847611,0.34683552,0.36840338
3356378969,0.38811922,0.28687456,0.32500622
3356384443,0.29926345,0.30746937,0.39326727
3356433736,0.35838082,0.39578837,0.24583076
3356475144,0.60667574,0.18328775,0.2100365
3356524963,0.22162658,0.22468482,0.5536885
3356555855,0.2525358,0.45719248,0.29027167
3356625750,0.38198876,0.32932535,0.28868586
3356758684,0.4988726,0.25821477,0.2429126
3356789229,0.34379935,0.40969867,0.24650201
3356865479,0.19495547,0.59572524,0.20931931
3356895881,0.25319868,0.4998079,0.24699344
3357052138,0.2347571,0.40027547,0.3649675
3357085779,0.3334187,0.3300301,0.33655116
3357089379,0.58084846,0.18385613,0.23529531
3357103121,0.42282066,0.31010553,0.26707384
3357325244,0.2603878,0.43449494,0.30511728
3357370927,0.072612025,0.83559114,0.09179685
3357389434,0.24676318,0.17902951,0.5742073
3357400194,0.0936027,0.09599882,0.81039846
3357523576,0.23554341,0.41247597,0.35198054
3357585916,0.6153933,0.17564237,0.20896436
3357620673,0.25387228,0.43982685,0.30630085
3357678317,0.23960896,0.4997635,0.26062745
3357787504,0.52492005,0.25742006,0.21765989
3357839521,0.3718943,0.31745908,0.31064656
3357898241,0.53286237,0.25299612,0.21414153
3357907566,0.20183027,0.56013125,0.2380385
3357934389,0.3334877,0.39999053,0.26652178
3357939150,0.23995923,0.48253086,0.2775099
3357948043,0.45957986,0.3038919,0.23652832
3358093376,0.33568925,0.3562675,0.3080432
3358215396,0.12017033,0.12601316,0.7538164
3358236502,0.45456135,0.23403536,0.31140333
3358251153,0.22938837,0.22189938,0.54871225
3358313939,0.32218057,0.3315005,0.34631893
3358325567,0.33074588,0.44375262,0.22550148
3358334023,0.2161816,0.21910127,0.5647172
3358375725,0.26348355,0.223434,0.5130824
3358379083,0.21756218,0.40636662,0.3760712
3358672198,0.36808866,0.34368873,0.28822264
3358720695,0.28991902,0.4412767,0.26880428
3358806989,0.5958769,0.19970672,0.20441638
3358813091,0.38294038,0.32402813,0.29303142
3358920805,0.23623864,0.289183,0.4745784
3359041070,0.24200143,0.41463605,0.34336257
3359082035,0.24771376,0.4915378,0.26074833
3359225860,0.29180485,0.27345398,0.4347412
3359422774,0.2528375,0.38186178,0.3653008
3359537554,0.24140139,0.27928832,0.47931036
3359544127,0.36267483,0.30735067,0.32997456
3359619385,0.38227496,0.23443632,0.38328877
3359786628,0.33074948,0.3263005,0.34295008
3359845914,0.3573025,0.2965446,0.34615287
3359865540,0.43921515,0.23104249,0.32974237
3359941816,0.31301647,0.25455183,0.43243167
3360088646,0.30626175,0.40084144,0.29289678
3360097400,0.41591883,0.30594105,0.27814013
3360163610,0.6983298,0.1184877,0.1831825
3360163791,0.21070135,0.51076937,0.27852926
3360235144,0.5025906,0.2716289,0.22578049
3360424574,0.23017225,0.40229073,0.3675371
3360615324,0.34429923,0.37922105,0.27647972
3360648156,0.36863697,0.34852755,0.2828354
3360651773,0.07387999,0.830649,0.09547106
3360662563,0.50506693,0.22576325,0.2691698
3360674617,0.3998101,0.30192167,0.29826814
3360788275,0.5516222,0.24368499,0.20469277
3360808997,0.3045232,0.3714605,0.3240163
3360830901,0.2840313,0.45135075,0.26461792
3360843101,0.5895234,0.21288311,0.19759353
3360913273,0.12986188,0.7306929,0.1394452
3360996137,0.63034654,0.13987155,0.22978196
3361072772,0.5202207,0.25651535,0.22326398
3361153468,0.29867804,0.40632728,0.2949947
3361218066,0.24017093,0.47405168,0.2857774
3361465544,0.60783803,0.19958824,0.19257376
3361537116,0.545354,0.20349744,0.25114855
3361547346,0.26081046,0.49860486,0.24058478
3361583865,0.6381582,0.1552521,0.20658977
3361629340,0.5322069,0.24774703,0.22004607
3361673962,0.54999095,0.25905555,0.19095346
3362061224,0.24258468,0.21525316,0.5421621
3362156634,0.4394065,0.32397932,0.23661418
3362187476,0.3883345,0.31756893,0.29409656
3362327123,0.48100722,0.2721093,0.24688348
3362371327,0.29023027,0.1756715,0.53409827
3362424828,0.2371697,0.4719748,0.2908556
3362458676,0.22375122,0.50644386,0.26980495
3362839767,0.24495384,0.20517951,0.5498666
3362855847,0.48498428,0.17686206,0.33815375
3362983758,0.3573717,0.3902386,0.2523898
3363018011,0.10270194,0.092682794,0.80461526
3363069267,0.29925475,0.31612542,0.38461977
3363121251,0.31952354,0.36826882,0.3122077
3363181503,0.07964101,0.81076354,0.1095955
3363263454,0.18593925,0.6069766,0.2070841
3363265288,0.38081887,0.34619835,0.27298278
3363327439,0.3970566,0.26723722,0.33570617
3363418138,0.49571687,0.2616859,0.24259718
3363651960,0.31600535,0.4185849,0.26540977
3363735491,0.36605626,0.27439275,0.35955095
3363792742,0.09484503,0.09014911,0.8150059
3363884016,0.70252234,0.13574974,0.16172785
3363889015,0.4045213,0.30838495,0.2870938
3363934516,0.09607847,0.117932506,0.785989
3364017702,0.17984636,0.16935799,0.65079564
3364028469,0.24038996,0.4391491,0.32046095
3364093710,0.15079463,0.66454655,0.18465886
3364148025,0.19782172,0.34899992,0.45317838
3364476479,0.41813326,0.30316046,0.27870625
3364487195,0.4025073,0.32725015,0.2702425
3364604548,0.095086895,0.7739879,0.13092524
3364634693,0.39701915,0.332937,0.27004388
3364748511,0.43737355,0.2712139,0.29141253
3364861116,0.45194572,0.3176459,0.23040833
3364871497,0.74620885,0.10529786,0.14849332
3364875671,0.45766732,0.25565127,0.28668147
3364880503,0.14689292,0.6803085,0.17279859
3364913088,0.17069657,0.63670844,0.19259498
3364963704,0.32415056,0.33258826,0.3432612
3365323807,0.22031273,0.51335865,0.26632857
3365354730,0.2883488,0.3392061,0.3724451
3365358479,0.25393206,0.28963107,0.4564369
3365370912,0.38847375,0.3194393,0.29208702
3365375263,0.5372717,0.24195674,0.2207715
3365387172,0.6684859,0.16700114,0.16451299
3365476766,0.23226084,0.40229496,0.36544418
3365695396,0.79833126,0.078768425,0.122900285
3365711891,0.29396433,0.29228023,0.41375545
3365771976,0.6978631,0.10965245,0.19248445
3365782901,0.4598415,0.29516843,0.24499007
3365842806,0.31756696,0.3892702,0.2931629
3365846045,0.5749064,0.19718005,0.2279135
3365892740,0.77130854,0.088885255,0.13980626
3365959681,0.33375245,0.3802496,0.285998
3366037540,0.31279486,0.3854636,0.3017416
3366163371,0.21271454,0.20355052,0.5837349
3366181088,0.40751076,0.30159128,0.290898
3366210637,0.22976054,0.43681303,0.33342645
3366268335,0.2760104,0.42459753,0.29939207
3366376584,0.26809958,0.34463906,0.38726145
3366382639,0.28810465,0.29120934,0.42068604
3366408720,0.3245748,0.32620323,0.34922203
3366577278,0.4433573,0.3076939,0.2489488
3366614613,0.34418136,0.34858057,0.30723804
3366683187,0.30487722,0.29307622,0.4020466
3366694391,0.29901806,0.30369577,0.39728624
3366768209,0.5192502,0.16502708,0.31572273
3366770114,0.20301896,0.50997233,0.28700876
3366796721,0.48118776,0.25030762,0.26850465
3366813487,0.28443587,0.2738418,0.4417223
3367109552,0.5571767,0.1731283,0.26969495
3367255209,0.09161393,0.80336714,0.10501888
3367400660,0.19215313,0.57106966,0.23677723
3367480778,0.33433864,0.3395962,0.32606515
3367560636,0.352379,0.3389869,0.30863413
3367575341,0.13566045,0.69916,0.16517954
3367605048,0.14118664,0.6905982,0.16821516
3367655616,0.55491716,0.19625553,0.24882731
3367723904,0.3591729,0.358593,0.2822341
3367826071,0.6852336,0.12960674,0.18515964
3367902908,0.46334413,0.26989838,0.26675758
3367922684,0.08470869,0.8110916,0.10419967
3367927845,0.31970632,0.35409594,0.3261978
3368074795,0.24385086,0.26173508,0.49441403
3368110345,0.37145644,0.35150138,0.27704224
3368124299,0.33377433,0.3578814,0.30834433
3368149983,0.12584762,0.10827672,0.7658757
3368445201,0.25860086,0.45582572,0.28557342
3368645814,0.28731573,0.46037364,0.25231072
3368828506,0.10708946,0.7351517,0.15775885
3368962718,0.40987492,0.30211845,0.28800663
3369010659,0.24944198,0.4852249,0.2653331
3369018162,0.29218704,0.35331574,0.35449728
3369050832,0.39629802,0.28877378,0.31492823
3369173887,0.46702018,0.28654188,0.24643798
3369311621,0.12063399,0.74415964,0.13520637
3369340063,0.35792786,0.3446978,0.29737434
3369525567,0.27970842,0.38969547,0.33059618
3369556566,0.706524,0.12723261,0.16624336
3369616109,0.38844177,0.36951992,0.24203837
3369618589,0.28804454,0.41979322,0.29216224
3369693076,0.49406278,0.22277775,0.2831595
3369714309,0.41762492,0.23398708,0.34838793
3369809818,0.19437735,0.5703989,0.2352238
3369818447,0.16221981,0.6718981,0.16588202
3369867901,0.35108808,0.35998574,0.2889262
3369870536,0.6517353,0.13044089,0.21782376
3369976684,0.23652893,0.21599667,0.5474744
3370109103,0.100731514,0.10700822,0.7922603
3370217640,0.260461,0.41434243,0.3251966
3370392161,0.54171014,0.155001,0.30328888
3370589082,0.47280243,0.2845926,0.242605
3370667938,0.44550145,0.2177351,0.3367634
3370702714,0.16423169,0.638133,0.19763523
3370714248,0.32689866,0.35196298,0.32113835
3370717482,0.21934274,0.4942125,0.28644475
3370912605,0.48994827,0.29389867,0.21615309
3370975046,0.32084614,0.3982032,0.28095067
3371067853,0.33565003,0.28816727,0.37618276
3371348751,0.33909813,0.3381545,0.32274744
3371413820,0.37868628,0.32513818,0.29617548
3371418171,0.5692198,0.20251997,0.22826022
3371562679,0.24027514,0.48994642,0.2697785
3371598603,0.07345889,0.8290704,0.097470745
3371605870,0.12066822,0.7489727,0.13035907
3371633618,0.17751867,0.21970586,0.60277545
3371718087,0.26359496,0.3115317,0.42487338
3371724050,0.41878363,0.30523214,0.2759843
3371789288,0.22830544,0.51882106,0.25287348
3371815260,0.18981412,0.17534074,0.6348452
3371873823,0.3459916,0.35329905,0.30070937
3371883954,0.27655882,0.40400058,0.31944072
3371888110,0.45199373,0.20214581,0.34586036
3371891974,0.4290138,0.25840735,0.3125788
3371936115,0.22445583,0.47446224,0.30108193
3372056572,0.5309181,0.26128373,0.20779818
3372151458,0.31246966,0.43141255,0.2561178
3372158914,0.18642882,0.60784733,0.20572387
3372193200,0.3026634,0.33150348,0.36583307
3372381699,0.29247954,0.4709616,0.23655888
3372634459,0.4790999,0.26958406,0.2513161
3372660488,0.24157433,0.37063536,0.38779035
3372672530,0.37351513,0.32861462,0.29787025
3372673338,0.13754576,0.1349824,0.7274718
3372673651,0.37346357,0.38062286,0.24591364
3372706313,0.41747478,0.33034244,0.25218275
3372722889,0.50865835,0.2774831,0.21385863
3372872731,0.30071345,0.380329,0.3189575
3373038715,0.48967627,0.27114576,0.23917793
3373069815,0.31691727,0.37627706,0.30680567
3373115944,0.20138602,0.20352939,0.5950846
3373136257,0.38911662,0.32616806,0.2847153
3373171974,0.1336987,0.64005744,0.22624387
3373172881,0.3135725,0.3752552,0.31117234
3373183556,0.4915042,0.2590949,0.24940096
3373221864,0.30767545,0.41042206,0.2819025
3373244388,0.16825205,0.17149594,0.660252
3373252438,0.48582983,0.2800073,0.23416288
3373268140,0.18942395,0.38170826,0.42886782
3373326228,0.34185538,0.26417384,0.39397076
3373398764,0.3369464,0.41336697,0.24968664
3373418154,0.362386,0.32149976,0.31611425
3373498301,0.43061188,0.28537524,0.28401285
3373533636,0.2236608,0.4217693,0.35456988
3373564126,0.20704874,0.3393376,0.45361373
3373629981,0.36928836,0.33066797,0.30004367
3373633117,0.4684308,0.26005563,0.27151352
3373691313,0.20502092,0.4792184,0.31576067
3373710416,0.5226433,0.23998909,0.23736751
3373814863,0.31298178,0.35065666,0.33636156
3373943680,0.6548261,0.17855518,0.16661872
3374024656,0.7417887,0.09821741,0.15999389
3374244434,0.39784658,0.37280527,0.22934818
3374248712,0.28529438,0.3845826,0.33012304
3374337916,0.19622393,0.2119032,0.5918729
3374380309,0.12172961,0.74449027,0.1337801
3374388262,0.32315007,0.3177456,0.3591044
3374516904,0.35323456,0.36514974,0.28161576
3374518576,0.27206457,0.38723192,0.34070358
3374593543,0.14661908,0.6931828,0.16019817
3374610904,0.10921937,0.77328444,0.11749618
3374658352,0.33921567,0.32500416,0.3357802
3374665242,0.3894054,0.29401776,0.31657684
3374705692,0.29592648,0.24812716,0.45594642
3374745657,0.45560142,0.29912683,0.2452718
3374771276,0.33272552,0.34941912,0.31785542
3374774695,0.48406827,0.22705705,0.28887463
3374807100,0.3645154,0.33219168,0.30329293
3375043688,0.24648446,0.5082642,0.24525128
3375157980,0.19726008,0.6220575,0.1806825
3375322673,0.16173674,0.6490278,0.18923542
3375347411,0.49751362,0.28335345,0.21913294
3375452453,0.53281945,0.26171592,0.20546463
3375507219,0.4553899,0.18036938,0.36424068
3375540761,0.47915426,0.23271333,0.2881325
3375558990,0.54759705,0.2264824,0.22592053
3375641500,0.27221298,0.23506588,0.4927212
3375760840,0.344424,0.27258098,0.38299498
3375967247,0.22086343,0.2828668,0.49626973
3376094903,0.19572634,0.5536164,0.2506573
3376156437,0.37084287,0.35960108,0.2695561
3376180211,0.29693222,0.36213344,0.34093443
3376195941,0.6705496,0.15491521,0.17453519
3376302532,0.35686964,0.32210615,0.32102415
3376406426,0.28227645,0.27611542,0.44160813
3376439138,0.39859018,0.33402336,0.2673864
3376469052,0.23357174,0.25745255,0.50897574
3376477795,0.43131799,0.29071078,0.2779712
3376557821,0.2428241,0.22029133,0.53688455
3376558143,0.173806,0.2255833,0.6006106
3376613617,0.330328,0.35726914,0.31240284
3376665108,0.31270367,0.3377637,0.34953266
3376702581,0.22419792,0.2011509,0.5746512
3376735819,0.25612807,0.26127857,0.4825934
3376902464,0.15844783,0.6693244,0.17222776
3376989552,0.122374006,0.12651798,0.75110805
3376996698,0.35180396,0.3033271,0.34486884
3377006290,0.3961722,0.29190475,0.3119231
3377014516,0.6008896,0.17101139,0.22809896
3377043820,0.2957637,0.21075833,0.49347788
3377116752,0.3264443,0.41168192,0.26187375
3377218846,0.5589583,0.20615284,0.23488882
3377630717,0.37805465,0.303962,0.3179834
3377694039,0.20547588,0.49971643,0.2948076
3377767811,0.44363463,0.26222086,0.29414448
3377939601,0.61935055,0.18460041,0.19604908
3377975078,0.10608246,0.087926835,0.80599064
3378123738,0.09588103,0.08601346,0.8181055
3378172920,0.20710143,0.59028506,0.20261358
3378218268,0.32709315,0.32330713,0.3495997
3378237486,0.34763318,0.2847865,0.3675803
3378246393,0.2582047,0.39373767,0.34805757
3378320932,0.30108637,0.3032194,0.39569426
3378353447,0.34319392,0.3347449,0.3220612
3378359442,0.1956703,0.20702194,0.59730774
3378422429,0.37941223,0.3444228,0.27616498
3378444553,0.34360453,0.35566404,0.3007314
3378605235,0.3148468,0.3685037,0.31664953
3378623685,0.13034025,0.73871344,0.13094635
3378657938,0.2907264,0.36086267,0.3484109
3378714681,0.22358784,0.5297506,0.24666154
3378734980,0.27063996,0.20664467,0.5227154
3378841543,0.51553684,0.25161263,0.23285057
3379059735,0.3599175,0.1985691,0.44151336
3379069642,0.22093627,0.524863,0.25420073
3379179148,0.31246406,0.32825032,0.3592856
3379201225,0.34021166,0.2784171,0.3813713
3379315192,0.30018663,0.38773492,0.31207842
3379336526,0.50404245,0.25889432,0.2370632
3379362588,0.25115892,0.31831655,0.4305246
3379496553,0.3396608,0.32608694,0.33425227
3379546117,0.24431105,0.5179826,0.23770635
3379657275,0.24752477,0.3541545,0.39832076
3379668734,0.3945889,0.34347478,0.2619363
3379703096,0.4817608,0.16866468,0.34957445
3379713669,0.25553977,0.23078945,0.51367074
3379828774,0.25847378,0.4572162,0.28430995
3380022674,0.123723775,0.7463808,0.12989551
3380343163,0.5405477,0.23814788,0.22130434
3380362254,0.38102818,0.34193125,0.27704057
3380395725,0.29096106,0.49397767,0.21506138
3380442965,0.71811503,0.117334574,0.16455047
3380552885,0.5198297,0.23398194,0.24618834
3380574062,0.28722975,0.38420677,0.32856348
3380753385,0.78412986,0.090195484,0.12567459
3380781650,0.5832647,0.19362734,0.22310795
3380878527,0.51523,0.23947448,0.24529552
3380975776,0.5000555,0.1786873,0.32125717
3381045109,0.332788,0.3860894,0.28112262
3381076475,0.4309338,0.3068664,0.26219985
3381332736,0.22009514,0.47723305,0.30267176
3381383747,0.4011102,0.29226893,0.30662084
3381410749,0.17493589,0.62063336,0.2044308
3381519123,0.31966144,0.30367094,0.37666762
3381567329,0.30719665,0.45413995,0.23866335
3381699136,0.31324285,0.25817844,0.42857867
3382065087,0.22936228,0.21130976,0.55932796
3382169397,0.43041864,0.29290906,0.27667233
3382189162,0.14869241,0.6935273,0.15778024
3382591600,0.23968185,0.5026717,0.2576464
3382593967,0.1366786,0.68861586,0.1747056
3382690922,0.29433098,0.3725472,0.33312187
3382785612,0.2619423,0.33656517,0.4014925
3382819069,0.5327461,0.22449529,0.2427586
3382832283,0.3895877,0.3506494,0.2597629
3382869656,0.14533438,0.1646602,0.69000536
3382875740,0.2523085,0.1608488,0.5868427
3382887238,0.108916,0.099839576,0.79124445
3382911522,0.10061002,0.105724305,0.79366577
3383089178,0.20567188,0.56284726,0.2314809
3383134679,0.16765298,0.6227245,0.2096226
3383431105,0.21580328,0.28131902,0.50287765
3383553046,0.2541714,0.3113926,0.434436
3383634594,0.3520552,0.33618078,0.311764
3383845022,0.35422677,0.4001173,0.24565606
3384046058,0.33476081,0.3468961,0.318343
3384195968,0.19643489,0.17164543,0.6319197
3384237724,0.3172661,0.26676986,0.415964
3384283357,0.34175193,0.33927265,0.31897545
3384323254,0.21964334,0.23450251,0.5458541
3384346567,0.5647905,0.21567158,0.21953788
3384423703,0.2868949,0.38555118,0.327554
3384534387,0.1430394,0.13479884,0.72216177
3384615924,0.3328972,0.36584342,0.30125937
3384619529,0.34376332,0.28235403,0.37388262
3384649576,0.30947074,0.3230114,0.36751795
3384665116,0.17576839,0.63688576,0.1873458
3384668359,0.28312507,0.34822786,0.3686471
3384716399,0.42877543,0.3275371,0.24368745
3384852733,0.60868657,0.19280495,0.19850844
3384992078,0.7864322,0.07964432,0.13392349
3385391372,0.21765989,0.39906165,0.38327852
3385487111,0.3873502,0.32430178,0.288348
3385566106,0.23366065,0.49056795,0.27577135
3385598079,0.41570988,0.30079392,0.2834963
3385781614,0.43940276,0.33076754,0.22982974
3385997320,0.59326124,0.17368312,0.23305573
3386037691,0.36331382,0.39148712,0.24519911
3386093410,0.26806134,0.3872423,0.34469637
3386105197,0.21132165,0.22989893,0.5587795
3386108953,0.28181145,0.29383412,0.42435434
3386119256,0.28156522,0.38503912,0.33339572
3386133693,0.353626,0.35712188,0.28925213
3386190753,0.49666893,0.28085998,0.22247107
3386223943,0.2390014,0.5089629,0.25203574
3386228211,0.11771511,0.09664401,0.78564095
3386290712,0.1734628,0.64025134,0.18628585
3386333347,0.20919366,0.28716168,0.50364465
3386468274,0.29936057,0.47625285,0.22438659
3386486036,0.34170648,0.3559366,0.3023569
3386615655,0.73385155,0.12456645,0.14158198
3386686988,0.29090095,0.25938812,0.44971097
3386795007,0.32792962,0.25633705,0.41573337
3386871845,0.31259483,0.3459091,0.34149605
3386914940,0.19449061,0.63539946,0.17010993
3386928048,0.22074117,0.40880537,0.37045345
3387129846,0.25552195,0.46217024,0.2823077
3387155458,0.34670946,0.31258965,0.3407009
3387163151,0.14304605,0.68417966,0.17277423
3387184305,0.40421954,0.3239845,0.27179593
3387278330,0.54204166,0.25117582,0.2067825
3387341654,0.23583366,0.49912083,0.2650455
3387398811,0.6192851,0.17767471,0.20304024
3387442927,0.5572124,0.22238526,0.2204024
3387447943,0.50210625,0.29447064,0.20342313
3387484179,0.14033811,0.64977264,0.20988926
3387656346,0.29681715,0.27633736,0.42684546
3387715623,0.33793226,0.36398298,0.29808483
3387774369,0.39937988,0.31969503,0.2809251
3387828985,0.15892,0.6477897,0.1932903
3388037815,0.3097713,0.390105,0.30012375
3388045634,0.31623825,0.29492944,0.3888323
3388082429,0.21352531,0.13270733,0.65376735
3388221232,0.3619454,0.3069384,0.33111617
3388228671,0.14070904,0.14068465,0.7186063
3388260012,0.29793462,0.36122674,0.3408388
3388288730,0.10279753,0.76644766,0.1307548
3388401108,0.23879042,0.4109249,0.3502847
3388449346,0.3793408,0.35188347,0.26877573
3388497501,0.11103862,0.7391185,0.14984284
3388510303,0.229029,0.49957812,0.27139285
3388545843,0.15182337,0.6848918,0.16328481
3388611298,0.25380132,0.49587628,0.25032246
3388671475,0.40949923,0.19542794,0.3950728
3388982541,0.28676724,0.38008103,0.33315173
3388996618,0.3168679,0.39651823,0.28661394
3389047723,0.5942755,0.19624145,0.20948315
3389109446,0.13569859,0.7231565,0.14114499
3389144119,0.11405775,0.107315466,0.7786268
3389191985,0.26629022,0.36567724,0.36803252
3389288432,0.13978481,0.12099004,0.7392252
3389288533,0.33143488,0.34809124,0.3204738
3389325202,0.30956063,0.2658169,0.4246225
3389373637,0.2418039,0.18404964,0.5741465
3389387205,0.14711931,0.68723315,0.1656476
3389472844,0.17726134,0.5854216,0.23731707
3389532504,0.16822869,0.5729381,0.25883314
3389660594,0.43331754,0.29788214,0.26880035
3389825953,0.3722065,0.35430744,0.27348605
3389868636,0.11858873,0.099085204,0.782326
3389922595,0.49933183,0.2677607,0.23290749
3390037589,0.12790264,0.118218675,0.7538788
3390245049,0.30949333,0.35744724,0.33305946
3390323933,0.14488985,0.6831687,0.1719414
3390326049,0.41995353,0.29804718,0.28199923
3390442127,0.7688404,0.09519935,0.13596028
3390501960,0.27091256,0.36592707,0.3631604
3390523414,0.24313848,0.51189154,0.24497
3390582814,0.12106732,0.73523515,0.1436975
3390810415,0.4217993,0.27945575,0.29874492
3390915959,0.24378201,0.24228224,0.51393574
3390956385,0.120589264,0.7356202,0.14379057
3390957642,0.40031505,0.33187,0.2678149
3390967734,0.27066064,0.4073691,0.32197025
3391034297,0.4972153,0.2638048,0.23897986
3391086143,0.37474325,0.35755152,0.2677053
3391341927,0.4761099,0.29347146,0.23041868
3391637106,0.24379368,0.2773424,0.47886387
3391818646,0.33188298,0.29298338,0.37513372
3392024398,0.13206457,0.7003736,0.1675618
3392042802,0.6224883,0.16951966,0.20799197
3392079664,0.31753534,0.42381272,0.25865194
3392123181,0.51898974,0.24041076,0.24059947
3392150848,0.59137094,0.16456896,0.24406011
3392157790,0.46626318,0.23397222,0.2997646
3392179918,0.09447464,0.09759099,0.80793434
3392257355,0.16421722,0.67146873,0.164314
3392342136,0.21941793,0.4132007,0.36738142
3392395041,0.14394271,0.13179682,0.7242605
3392441161,0.24182358,0.25954098,0.49863544
3392447856,0.3793758,0.30753022,0.31309393
3392486398,0.28032538,0.47383526,0.24583936
3392515173,0.41559905,0.33518085,0.24922015
3392671907,0.20402133,0.27959138,0.5163873
3392701494,0.50123596,0.26664037,0.23212366
3392810410,0.16592844,0.62756306,0.20650855
3392824962,0.13517015,0.70937216,0.1554577
3392869918,0.2064059,0.18347113,0.610123
3392871927,0.35938302,0.3478897,0.2927273
3392887906,0.18429825,0.16409998,0.6516018
3392891950,0.31478864,0.3398923,0.34531906
3392896108,0.2667133,0.48407325,0.24921347
3392920529,0.37742022,0.28798544,0.33459434
3392937019,0.3471131,0.38963246,0.26325437
3393021582,0.32753038,0.3959517,0.27651793
3393040872,0.119617276,0.12145231,0.75893044
3393226682,0.39766672,0.2701003,0.33223292
3393532656,0.30090153,0.25268918,0.44640923
3393648869,0.19482282,0.5226773,0.28249982
3393653841,0.2967391,0.32168585,0.38157508
3393696372,0.18856347,0.19457571,0.61686087
3393738310,0.35876703,0.36453214,0.2767008
3393824845,0.14890069,0.11841554,0.7326837
3393850365,0.47998723,0.27689496,0.24311776
3393863373,0.23319198,0.4390084,0.32779956
3394060681,0.40249822,0.3446661,0.2528357
3394115074,0.38464528,0.3078307,0.30752409
3394222689,0.4459643,0.24718188,0.30685377
3394236412,0.4673503,0.3121531,0.22049657
3394274739,0.3805318,0.3166411,0.30282715
3394315364,0.22309281,0.4051323,0.37177488
3394432740,0.2677536,0.3631448,0.36910158
3394459370,0.15760662,0.16434224,0.6780511
3394552854,0.39482644,0.29164022,0.31353334
3394570659,0.35757622,0.34530222,0.29712158
3394634373,0.77264005,0.10433565,0.12302425
3394764119,0.34399244,0.37389517,0.2821124
3394942838,0.36142114,0.27883118,0.35974768
3395159873,0.3319428,0.38376665,0.28429058
3395206447,0.238028,0.3427816,0.41919047
3395223643,0.2733103,0.275512,0.4511776
3395295545,0.375461,0.31611457,0.30842438
3395324679,0.304088,0.42098686,0.2749251
3395325562,0.45356223,0.24674633,0.29969138
3395407302,0.21149825,0.21701927,0.5714825
3395591375,0.1541417,0.66949093,0.1763674
3395607077,0.19423743,0.43110958,0.37465295
3395643207,0.5126486,0.22579587,0.26155558
3395663881,0.40144998,0.3182566,0.2802934
3395693667,0.23874168,0.41566548,0.3455929
3395827659,0.34073702,0.35612607,0.30313686
3396022675,0.4496941,0.29939538,0.25091046
3396091312,0.11445011,0.10744831,0.77810156
3396106557,0.4014556,0.3474726,0.25107175
3396190545,0.1635079,0.64873296,0.18775916
3396336419,0.15851668,0.1559253,0.685558
3396348730,0.48368484,0.27863148,0.23768371
3396415317,0.79831487,0.0813316,0.12035348
3396429348,0.33604681,0.39171258,0.27224058
3396533317,0.29316738,0.4236868,0.28314582
3396679277,0.38878742,0.36265796,0.2485546
3396760254,0.30026132,0.3075824,0.39215633
3396807791,0.34596416,0.37987554,0.2741603
3396958990,0.58787113,0.21059906,0.20152979
3396971654,0.22187877,0.21087393,0.5672473
3397052254,0.21462242,0.16502564,0.62035197
3397170130,0.6342753,0.15767677,0.20804796
3397251660,0.17284869,0.19955009,0.62760127
3397418243,0.17418234,0.5868565,0.23896112
3397429748,0.22585829,0.52165663,0.25248504
3397455144,0.35662946,0.33439526,0.30897534
3397508697,0.35362455,0.40647084,0.23990458
3397513657,0.41126457,0.29252642,0.29620895
3397588269,0.12475005,0.7239985,0.15125145
3397688786,0.28865162,0.36368835,0.34765998
3397714496,0.16440566,0.18660478,0.64898956
3397846564,0.39957598,0.33676955,0.26365444
3397922302,0.24011455,0.53149974,0.22838567
3397925249,0.24399014,0.25376737,0.50224245
3398052197,0.13344409,0.6654382,0.20111772
3398136166,0.30111045,0.42566922,0.27322033
3398143741,0.369844,0.3704008,0.2597552
3398179819,0.4588986,0.30016237,0.24093893
3398246228,0.3575698,0.3028893,0.33954084
3398281795,0.47890374,0.2765799,0.24451642
3398290231,0.5195388,0.23910938,0.24135184
3398448668,0.15155974,0.68338674,0.16505352
3398455059,0.39652112,0.3194653,0.28401363
3398557734,0.3511574,0.33844563,0.31039694
3398736564,0.35343182,0.31534767,0.3312205
3398792451,0.30871648,0.38482457,0.30645883
3398814123,0.33375606,0.31112084,0.35512307
3398824291,0.21000764,0.5293807,0.2606116
3399195718,0.39536956,0.31936452,0.285266
3399272592,0.6011378,0.1976626,0.20119953
3399426754,0.34494698,0.31469214,0.3403609
3399500286,0.35761192,0.34927553,0.29311255
3399529520,0.24261972,0.49997568,0.25740463
3399573825,0.21383102,0.53974485,0.24642403
3399647606,0.5280456,0.25933424,0.21262011
3399655443,0.3034164,0.37874666,0.31783703
3399677846,0.368025,0.40491822,0.2270567
3399785679,0.3183522,0.30461523,0.3770326
3399836788,0.69076246,0.10089989,0.20833763
3399849034,0.59122616,0.15364978,0.25512403
3399892729,0.30998293,0.253397,0.43662006
3399962850,0.34566018,0.3325723,0.3217675
3400086605,0.47158915,0.21894103,0.30946982
3400300247,0.3181118,0.30832672,0.37356153
3400353802,0.28148285,0.28810102,0.43041617
3400491348,0.35511863,0.35911846,0.28576297
3400520415,0.30995035,0.33910206,0.35094762
3400658101,0.32625997,0.39833266,0.27540734
3400669075,0.51495975,0.25605467,0.22898556
3400803619,0.26858604,0.2797859,0.45162806
3400884328,0.51513827,0.26693693,0.21792482
3400927504,0.63178754,0.15975043,0.20846207
3400931168,0.15130693,0.63826996,0.21042308
3401203985,0.23213725,0.44868645,0.31917632
3401256808,0.3171344,0.32414734,0.35871834
3401292830,0.4023152,0.32191095,0.27577385
3401306071,0.37283248,0.34344408,0.28372347
3401602214,0.37137526,0.34757233,0.2810524
3401697158,0.5792658,0.20831883,0.21241546
3401715928,0.35114172,0.34771487,0.3011434
3401884059,0.31498456,0.36128852,0.32372692
3401930193,0.30403787,0.36345518,0.33250698
3402001052,0.51403666,0.19884887,0.28711444
3402103628,0.34255505,0.25011057,0.40733436
3402267903,0.24114221,0.20456333,0.5542944
3402283190,0.5029349,0.24010566,0.25695944
3402365667,0.7151147,0.12225979,0.16262552
3402532114,0.34392148,0.2904702,0.36560836
3402682365,0.32288045,0.35813,0.31898955
3402682544,0.12383475,0.11034181,0.7658234
3402716434,0.23059694,0.53449935,0.2349037
3402743935,0.24922402,0.31869364,0.43208233
3402894547,0.5601161,0.21998177,0.21990207
3402923473,0.30338234,0.31124783,0.38536987
3402951497,0.35207322,0.34241337,0.3055134
3403079859,0.2493087,0.26954386,0.48114738
3403140276,0.19926685,0.3393112,0.46142203
3403157546,0.4774621,0.26793322,0.25460467
3403183144,0.17361626,0.6167238,0.20966001
3403196387,0.21699473,0.52289736,0.2601079
3403254702,0.33727092,0.28267533,0.38005376
3403384173,0.44672593,0.2915138,0.26176026
3403487199,0.39477316,0.36348432,0.24174257
3403493820,0.48297104,0.2601001,0.25692886
3403522077,0.31812045,0.43910044,0.24277912
3403539427,0.33184677,0.3569926,0.31116062
3403605737,0.3639152,0.39298752,0.24309723
3403613929,0.21368752,0.5161166,0.27019584
3403650029,0.27964565,0.41632652,0.30402777
3403798881,0.24190564,0.21825483,0.5398395
3403924543,0.47687462,0.23496537,0.28816
3403998588,0.33716768,0.39476502,0.2680673
3404240597,0.080166295,0.07570962,0.8441241
3404249791,0.34396183,0.364308,0.29173014
3404355189,0.39309737,0.29950815,0.30739453
3404463115,0.19829819,0.57721364,0.22448823
3404463465,0.24958998,0.34231845,0.4080916
3404525203,0.27699623,0.43422,0.28878376
3404553100,0.3447935,0.3596022,0.29560423
3404640006,0.36523584,0.33050206,0.3042622
3404795810,0.26062626,0.36962566,0.36974803
3405180242,0.28795335,0.2528967,0.45915
3405408487,0.3661248,0.38364702,0.25022814
3405420000,0.24074592,0.35051647,0.40873757
3405449927,0.34889105,0.30906266,0.34204635
3405525364,0.30302635,0.25426874,0.44270492
3405531513,0.21829987,0.19239853,0.58930165
3405578734,0.50828624,0.2571312,0.23458259
3405760066,0.4869098,0.28763607,0.22545408
3405791454,0.6910946,0.117850386,0.1910551
3405897736,0.33405456,0.39550012,0.2704453
3405953738,0.32055265,0.33292896,0.3465184
3405995956,0.34644786,0.37334165,0.28021052
3406237916,0.6045926,0.20244002,0.19296733
3406238223,0.46589458,0.2695286,0.26457685
3406359692,0.5732614,0.20255296,0.22418566
3406392259,0.49366045,0.26889592,0.23744357
3406499470,0.33492282,0.39810103,0.26697615
3406591054,0.14583409,0.14738114,0.7067848
3406720087,0.41702828,0.23872007,0.3442517
3407159885,0.43704638,0.29376045,0.26919317
3407163255,0.38713822,0.33297795,0.2798838
3407253994,0.082980424,0.79765505,0.11936455
3407349743,0.40641823,0.30847192,0.28510982
3407659353,0.5401211,0.21612704,0.2437519
3407816400,0.5067711,0.24287923,0.25034967
3407842839,0.22575657,0.20881732,0.5654262
3407853451,0.1258734,0.7254034,0.14872319
3407974030,0.35997596,0.17026272,0.4697614
3407983176,0.63367206,0.1881144,0.17821343
3408177896,0.3972731,0.3074142,0.2953127
3408194317,0.44523516,0.23383592,0.32092884
3408204701,0.1926871,0.5950136,0.21229923
3408290907,0.46493354,0.1993893,0.33567724
3408515440,0.2972239,0.3345343,0.36824188
3408518865,0.1779586,0.6360561,0.18598524
3408576779,0.42466795,0.33820856,0.23712352
3408590007,0.46279377,0.27132747,0.2658788
3408616104,0.6068791,0.19899127,0.19412959
3408637992,0.31320533,0.34036526,0.3464294
3408661380,0.40362936,0.26915658,0.32721415
3408700386,0.27386007,0.3778258,0.34831408
3408733958,0.36667493,0.35923997,0.27408513
3408786677,0.5564973,0.1767663,0.26673642
3408824269,0.6921942,0.123365484,0.18444021
3409053341,0.35477132,0.357045,0.2881837
3409080386,0.22544505,0.46775043,0.30680457
3409144036,0.2183751,0.5139329,0.2676921
3409157288,0.31760147,0.289249,0.39314952
3409614920,0.2689922,0.46713933,0.26386848
3409618706,0.31558278,0.32394016,0.36047712
3409842138,0.29603598,0.3975453,0.30641872
3409914771,0.41499913,0.35005248,0.23494837
3409927607,0.46302322,0.24927422,0.28770265
3410330813,0.34078994,0.34512368,0.3140864
3410442533,0.18280149,0.5469454,0.27025315
3410453145,0.3638758,0.2796999,0.35642436
3410486103,0.65686697,0.15600887,0.18712422
3410570413,0.5146228,0.2705118,0.21486533
3410635162,0.27367008,0.28855488,0.43777502
3410719105,0.21827973,0.50560373,0.27611655
3410755057,0.15676625,0.6505759,0.19265789
3410764363,0.4218969,0.29303792,0.2850653
3410837504,0.25182736,0.40881988,0.33935273
3411084562,0.4057393,0.33744538,0.25681534
3411208058,0.30080566,0.36127552,0.3379189
3411231935,0.5756622,0.20850703,0.21583073
3411379000,0.3887687,0.33547586,0.27575544
3411383796,0.42796078,0.307676,0.26436326
3411396528,0.22566551,0.20698321,0.5673512
3411667210,0.28921157,0.35877204,0.3520164
3411756406,0.19144414,0.45002952,0.35852635
3412002510,0.40929487,0.2848083,0.30589688
3412023386,0.5864621,0.21944566,0.19409229
3412031670,0.3738572,0.3350766,0.29106617
3412123024,0.24276628,0.4916543,0.2655794
3412200906,0.21987474,0.21135107,0.56877416
3412228193,0.59685206,0.20333478,0.19981317
3412273918,0.66854316,0.16049804,0.17095885
3412327269,0.26543167,0.4001641,0.33440423
3412360262,0.47227144,0.29188398,0.23584464
3412376913,0.47396725,0.25827286,0.2677599
3412501274,0.16785681,0.18171224,0.650431
3412542260,0.5392586,0.22416134,0.23657998
3412665755,0.1262176,0.7417661,0.13201635
3412706592,0.33932248,0.38446617,0.27621138
3412803488,0.3433913,0.3529301,0.3036786
3412825385,0.2846553,0.47866866,0.23667601
3412851314,0.20072442,0.5019378,0.29733783
3413067095,0.3018059,0.3432531,0.35494092
3413104396,0.11845391,0.10855978,0.77298635
3413185376,0.19424383,0.5773557,0.22840047
3413205043,0.07062221,0.061476298,0.8679015
3413359324,0.18363766,0.64140314,0.17495912
3413464738,0.31720826,0.33310068,0.3496911
3413498648,0.10666401,0.08563353,0.80770236
3413499296,0.28313592,0.3231996,0.3936645
3413538615,0.24815801,0.41350728,0.3383347
3413597590,0.2441493,0.18165264,0.57419807
3413606772,0.314427,0.3243387,0.36123428
3413711240,0.3744197,0.32248875,0.3030916
3413737966,0.35498908,0.3595918,0.28541917
3413780419,0.18630491,0.26972574,0.5439694
3413824338,0.22149052,0.23079862,0.5477109
3413904087,0.6125453,0.18582442,0.20163023
3413932109,0.11428621,0.74810785,0.137606
3414019267,0.26377743,0.20544207,0.5307805
3414023952,0.3436785,0.33107582,0.3252457
3414071990,0.36794212,0.35494554,0.27711236
3414076462,0.09382218,0.7924344,0.11374348
3414101986,0.26596472,0.30101472,0.4330206
3414354474,0.6061876,0.18753949,0.20627299
3414382457,0.28422427,0.33316082,0.38261488
3414641731,0.46327934,0.3163973,0.22032338
3414728816,0.5658992,0.21077317,0.22332768
3414779440,0.13006192,0.6966354,0.17330262
3414786246,0.18245508,0.17295185,0.64459306
3414821778,0.11837788,0.74234897,0.13927314
3414928799,0.6453909,0.17819086,0.17641826
3414949666,0.3428095,0.36414623,0.29304427
3414980082,0.3619916,0.35104492,0.28696346
3415138007,0.08678356,0.79749966,0.11571681
3415293716,0.49523854,0.24221359,0.26254785
3415402053,0.17967786,0.59373325,0.2265889
3415464178,0.5034061,0.25580028,0.24079366
3415505295,0.7153452,0.12209719,0.16255759
3415621432,0.34634337,0.25992543,0.39373118
3415652001,0.271269,0.2920742,0.4366568
3415684019,0.56326836,0.2422047,0.19452688
3415686607,0.35098466,0.3663628,0.28265247
3415720932,0.3076323,0.4294491,0.26291856
3415882908,0.33824486,0.42669418,0.23506096
3415910644,0.4626668,0.29519007,0.24214315
3415927334,0.35137275,0.3649372,0.28369012
3415935083,0.23475344,0.21612294,0.5491236
3415943718,0.3408415,0.3346757,0.32448277
3415962229,0.36809343,0.3204254,0.31148115
3415975056,0.10165434,0.08604635,0.81229925
3415991918,0.21234696,0.461718,0.32593507
3416092628,0.4374538,0.29104498,0.2715012
3416097572,0.2784679,0.35709542,0.3644367
3416153879,0.26161295,0.31862554,0.4197616
3416259094,0.49831194,0.24069624,0.26099187
3416321685,0.27755338,0.19914183,0.52330476
3416355795,0.25440216,0.22024152,0.52535635
3416399614,0.5021957,0.25752845,0.24027579
3416470624,0.31918386,0.27877447,0.4020416
3416478959,0.42280957,0.33950716,0.23768325
3416533275,0.322319,0.34828043,0.32940057
3416627799,0.21990086,0.28230485,0.49779427
3416659839,0.3056262,0.34918642,0.34518734
3416663188,0.24898523,0.2571372,0.49387756
3416674557,0.42232832,0.30490616,0.2727655
3416676177,0.22599466,0.553395,0.22061035
3416891335,0.18598484,0.20208046,0.6119347
3416923905,0.24258323,0.27044138,0.4869754
3417035058,0.084465005,0.80414844,0.11138658
3417308311,0.25306556,0.33036485,0.41656956
3417316225,0.1894232,0.2333165,0.5772603
3417374214,0.08308429,0.8068707,0.110044986
3417393031,0.28087193,0.38958913,0.32953894
3417462119,0.24936314,0.26192373,0.48871318
3417567693,0.56763345,0.20449808,0.22786847
3417640347,0.18023059,0.5881288,0.23164058
3417778597,0.44798127,0.29622293,0.25579578
3417801032,0.1848077,0.60502774,0.21016455
3417901874,0.3614339,0.35478535,0.2837808
3417953016,0.19808659,0.55099314,0.2509202
3418037583,0.14796461,0.62586385,0.22617148
3418046728,0.38703105,0.31521398,0.297755
3418099928,0.32579193,0.339677,0.33453098
3418240338,0.54664654,0.2562322,0.19712128
3418299823,0.17513487,0.6189622,0.2059029
3418313739,0.46293896,0.24481425,0.2922467
3418492579,0.28251636,0.34739226,0.37009138
3418565035,0.39799243,0.30501842,0.2969892
3418603566,0.28822392,0.32441187,0.38736415
3418890552,0.6529604,0.16694148,0.18009806
3418892487,0.23214583,0.5354747,0.23237954
3418948634,0.34909275,0.3526545,0.29825276
3418960670,0.1981542,0.57162654,0.23021927
3419114134,0.41562462,0.26004434,0.32433102
3419126055,0.40326574,0.30317828,0.29355595
3419156134,0.32652414,0.33718342,0.33629248
3419238427,0.27027258,0.3373142,0.39241314
3419245184,0.37971678,0.3151471,0.30513614
3419376978,0.5470894,0.22137944,0.2315311
3419408143,0.19769832,0.56870806,0.23359355
3419450216,0.33476868,0.3543039,0.3109274
3419467583,0.29439965,0.4302757,0.27532464
3419666376,0.6502828,0.15606649,0.1936507
3419747138,0.23602441,0.39517942,0.36879614
3419753352,0.5454595,0.21477172,0.23976873
3419815802,0.36605892,0.2689907,0.3649504
3419965206,0.21431397,0.5373076,0.24837843
3420034613,0.2799919,0.35915664,0.36085144
3420056223,0.3299105,0.36090925,0.30918023
3420072979,0.31081474,0.33458272,0.35460255
3420158236,0.41720778,0.27008253,0.31270975
3420200995,0.39984316,0.33033532,0.2698215
3420270433,0.08320987,0.80756086,0.10922925
3420275437,0.2613099,0.28598806,0.4527021
3420349566,0.23079829,0.49864447,0.27055737
3420697276,0.2286206,0.35639533,0.41498402
3420826245,0.31973583,0.36174193,0.3185222
3420829597,0.16871588,0.63541067,0.19587354
3420905316,0.24998802,0.26306725,0.48694476
3420955979,0.35110375,0.3369366,0.31195968
3420967430,0.1367432,0.69407904,0.16917779
3421065273,0.24330331,0.2824063,0.47429043
3421105798,0.16990957,0.6207336,0.20935686
3421208163,0.14800447,0.13926432,0.71273124
3421248584,0.24877094,0.5241262,0.22710292
3421305180,0.43615276,0.28973603,0.27411118
3421336484,0.3491195,0.21157895,0.43930155
3421386569,0.2632998,0.3080043,0.42869595
3421403417,0.4219924,0.24947701,0.32853052
3421517650,0.36564934,0.38756526,0.24678536
3421590249,0.27939612,0.44816065,0.2724433
3421682429,0.244052,0.45175356,0.30419448
3421759496,0.19313961,0.19358042,0.61328
3421791298,0.31307843,0.278373,0.40854853
3421871419,0.38270602,0.34092873,0.2763653
3421922659,0.30043143,0.35648844,0.34308013
3422200799,0.15172924,0.16370894,0.6845618
3422203237,0.1639519,0.1607609,0.6752872
3422641398,0.2844856,0.5082093,0.20730513
3422663616,0.37138736,0.32845592,0.30015668
3422675462,0.15513073,0.18330339,0.66156584
3422727825,0.37222227,0.3349579,0.29281992
3422810050,0.45496193,0.31143996,0.23359816
3422918208,0.45335275,0.28522962,0.26141763
3422926530,0.41671273,0.29918557,0.28410167
3422936869,0.24223624,0.21529739,0.5424664
3422999262,0.37319946,0.33647645,0.2903241
3423103865,0.29766345,0.23777802,0.46455848
3423232004,0.37412527,0.24639033,0.3794845
3423252114,0.30465147,0.34233826,0.35301024
3423254003,0.49376923,0.24196696,0.26426384
3423337050,0.3107272,0.37523058,0.31404218
3423362703,0.7279295,0.11647881,0.15559171
3423477752,0.38916847,0.32189626,0.2889353
3423685025,0.29004198,0.38397577,0.32598227
3423783675,0.16785681,0.18171224,0.650431
3424158901,0.30001584,0.29785278,0.40213135
3424199926,0.1627136,0.18436983,0.65291655
3424223146,0.37522635,0.32799006,0.29678363
3424268089,0.2538768,0.36022848,0.38589475
3424316104,0.3529567,0.30067578,0.34636754
3424371598,0.13453309,0.67685807,0.18860881
3424382613,0.5388775,0.26130146,0.19982113
3424510410,0.36453068,0.3494417,0.28602752
3424563077,0.21914415,0.5078821,0.27297366
3424574028,0.4999652,0.26244938,0.2375854
3424611127,0.5849312,0.17708807,0.23798072
3424650262,0.36712393,0.36968768,0.26318845
3424675924,0.3224601,0.3257829,0.35175705
3424686835,0.26891202,0.25364494,0.47744298
3424697664,0.32643262,0.3985921,0.27497527
3424720859,0.33694398,0.32115906,0.34189698
3424757785,0.47065297,0.27289155,0.25645542
3424805769,0.22009955,0.26222277,0.5176777
3425171938,0.2998403,0.43591982,0.26423988
3425214350,0.31637037,0.34614533,0.3374843
3425246285,0.21362472,0.5438194,0.24255587
3425246701,0.3598338,0.2624269,0.3777393
3425256449,0.62041163,0.18533747,0.19425099
3425265853,0.34272248,0.25009465,0.40718287
3425436763,0.17856166,0.59719044,0.22424793
3425437146,0.35197026,0.36939344,0.2786363
3425443765,0.4616993,0.28877047,0.2495303
3425815245,0.24463952,0.44144157,0.31391895
3425879718,0.31608295,0.32233083,0.36158615
3425881651,0.385574,0.22693723,0.38748872
3425963557,0.2056055,0.52338845,0.27100605
3425988750,0.36323345,0.39388204,0.24288456
3425996862,0.26201516,0.44802812,0.2899567
3426157322,0.36396778,0.34212112,0.29391107
3426332398,0.26505348,0.2875438,0.44740263
3426437717,0.35167798,0.352404,0.295918
3426469730,0.43663296,0.301452,0.261915
3426525911,0.38342652,0.41906348,0.19751002
3426590668,0.47161114,0.24693224,0.28145653
3426770461,0.3384171,0.3462901,0.31529272
3426809799,0.57720846,0.1857665,0.23702502
3426816577,0.2834455,0.3798184,0.33673608
3426825156,0.3388806,0.16998494,0.49113446
3426921797,0.35691425,0.2784345,0.36465126
3426934073,0.61319816,0.19773138,0.1890704
3426975350,0.20739175,0.56431705,0.22829123
3427030220,0.3812304,0.3090554,0.3097142
3427097874,0.3444866,0.324147,0.3313665
3427365302,0.19476448,0.19674768,0.6084878
3427402177,0.4749752,0.23580779,0.28921705
3427418779,0.42973748,0.2539142,0.3163483
3427521018,0.42902684,0.32762006,0.24335308
3427542668,0.3744092,0.3283061,0.29728475
3427551310,0.33850652,0.36336794,0.29812557
3427586493,0.10087388,0.103555664,0.7955705
3427599114,0.1983875,0.4110847,0.3905278
3428102987,0.21773683,0.24229969,0.5399634
3428177600,0.30405852,0.22427355,0.47166795
3428376922,0.4506297,0.3271696,0.22220068
3428397904,0.4538013,0.2836362,0.26256245
3428538810,0.27417776,0.34505767,0.3807646
3428542631,0.4503985,0.3123186,0.23728292
3428661752,0.34189242,0.34105995,0.31704763
3428745091,0.27103302,0.35679907,0.37216797
3428752182,0.61386544,0.20331787,0.18281673
3428831629,0.6462059,0.18429212,0.16950198
3428839899,0.37220848,0.30581167,0.3219799
3428910848,0.32960615,0.3469267,0.32346717
3428927404,0.274192,0.4288023,0.29700583
3428957304,0.5721788,0.22234035,0.20548093
3429021365,0.2847605,0.37460187,0.3406377
3429134109,0.32301638,0.44895416,0.22802944
3429274581,0.41721418,0.27512845,0.3076573
3429344000,0.328163,0.37311673,0.29872024
3429355434,0.41833726,0.29523462,0.28642818
3429721385,0.4840871,0.27078676,0.24512607
3429768623,0.44374722,0.31517518,0.24107765
3429974658,0.4349445,0.24208118,0.3229742
3430042432,0.47706446,0.29383463,0.22910097
3430204406,0.5348901,0.22986582,0.23524413
3430537626,0.39816144,0.34842417,0.25341436
3430591636,0.32342067,0.4156486,0.2609307
3430616965,0.38678625,0.3002125,0.31300128
3430669560,0.29433867,0.44240427,0.263257
3430697122,0.15892087,0.16784787,0.67323124
3430707876,0.32427573,0.40323102,0.27249318
3430757683,0.25941384,0.32805637,0.41252977
3430777944,0.22651316,0.31744236,0.45604447
3430820314,0.37738237,0.32073382,0.30188385
3430934128,0.52845,0.24606808,0.22548185
3431083751,0.32208768,0.40151706,0.27639523
3431180725,0.13876045,0.69009316,0.17114636
3431215910,0.25936714,0.46112242,0.27951044
3431262142,0.25552085,0.26500204,0.47947714
3431322117,0.32551757,0.35142994,0.3230525
3431337714,0.46281132,0.2832242,0.2539645
3431350406,0.43249413,0.30560645,0.2618994
3431364580,0.1344333,0.6877679,0.17779873
3431373302,0.23640293,0.53048664,0.23311041
3431537854,0.42185128,0.12873822,0.4494105
3431610196,0.4622505,0.2479235,0.28982604
3431734656,0.38685328,0.35452655,0.25862017
3431921639,0.24766245,0.24643913,0.5058984
3431980499,0.367908,0.30967873,0.32241327
3432095447,0.27445722,0.3100487,0.41549405
3432116228,0.7604181,0.10096768,0.13861427
3432261777,0.387496,0.33427238,0.27823162
3432312370,0.45861137,0.25162894,0.2897597
3432393289,0.368557,0.34977156,0.28167143
3432495650,0.41368303,0.32416672,0.26215032
3432682895,0.5297538,0.25861022,0.21163595
3432757138,0.40695015,0.3034455,0.28960437
3432935615,0.27667093,0.36925194,0.3540771
3432955243,0.28974995,0.34821153,0.36203846
3432963269,0.21304618,0.18706726,0.59988654
3433102246,0.3807393,0.26502702,0.35423368
3433126215,0.48610494,0.29522544,0.21866958
3433203920,0.5979618,0.2144187,0.18761949
3433258944,0.44892088,0.29141298,0.2596662
3433284173,0.2725671,0.40937796,0.31805503
3433334548,0.22370948,0.24315198,0.5331386
3433448322,0.3574327,0.3587429,0.28382435
3433597956,0.118289255,0.74307525,0.1386354
3433605476,0.55412626,0.2388455,0.20702834
3433629782,0.2226475,0.4822142,0.29513824
3433649207,0.2879464,0.27957726,0.43247634
3433703667,0.5962225,0.19669332,0.20708409
3433839701,0.46153906,0.28012517,0.2583358
3433871708,0.22451283,0.21717548,0.55831164
3433913521,0.32053378,0.36426723,0.31519908
3434123123,0.12649725,0.7056961,0.16780666
3434174853,0.18600512,0.28803557,0.5259594
3434219220,0.40335283,0.3469253,0.24972181
3434257211,0.34353667,0.35661018,0.2998532
3434282186,0.38333938,0.32930353,0.28735703
3434345178,0.64206445,0.18299063,0.17494489
3434377219,0.6081835,0.20261031,0.1892062
3434430969,0.4855773,0.28038737,0.2340354
3434516382,0.46937647,0.27757314,0.2530503
3434518611,0.32859993,0.3487471,0.32265297
3434525226,0.26171482,0.3709151,0.36737007
3434566061,0.26831824,0.30854928,0.42313242
3434854914,0.38869518,0.3035538,0.30775106
3434889227,0.51986086,0.24011268,0.24002646
3435103597,0.5058472,0.26342887,0.23072393
3435297197,0.36128196,0.33542857,0.3032895
3435480694,0.35409212,0.32499066,0.32091716
3435518061,0.104678586,0.70763063,0.18769082
3435589159,0.4215818,0.29818636,0.28023177
3435658102,0.22335383,0.5261037,0.2505425
3435795938,0.27208024,0.44254458,0.2853751
3435835048,0.31907576,0.2388368,0.44208753
3435930500,0.3318018,0.39343902,0.27475914
3435944175,0.30211893,0.37933534,0.3185458
3436066434,0.33341247,0.31597376,0.35061374
3436124232,0.11340679,0.75939083,0.12720235
3436206379,0.3636913,0.35421094,0.2820978
3436221081,0.10388219,0.7443556,0.15176214
3436295697,0.2902649,0.3361771,0.37355807
3436315577,0.40174386,0.2714406,0.32681555
3436435843,0.15374608,0.6702542,0.17599966
3436577402,0.3282628,0.35293978,0.3187974
3436586721,0.3997584,0.29579133,0.30445024
3436676284,0.12124171,0.7451298,0.13362847
3436932764,0.40373465,0.3525589,0.2437065
3436949227,0.54304636,0.25519112,0.20176253
3437054979,0.22699681,0.37214577,0.4008574
3437088132,0.763118,0.107873775,0.12900817
3437129374,0.3231275,0.29692534,0.37994713
3437255234,0.5956365,0.21174616,0.19261742
3437291185,0.35499617,0.3637017,0.28130212
3437322600,0.5156688,0.11898692,0.36534423
3437394992,0.3674156,0.34709668,0.28548774
3437492992,0.4319408,0.32600972,0.2420495
3437517908,0.35844818,0.34104937,0.30050245
3437556991,0.5808758,0.22315247,0.19597171
3437660479,0.10532847,0.77321583,0.12145572
3437859468,0.15452595,0.122456625,0.72301745
3437865377,0.1198812,0.12644657,0.75367224
3438009397,0.5006338,0.23757157,0.26179466
3438082393,0.34314978,0.37393552,0.28291467
3438223530,0.36134064,0.32278642,0.31587297
3438387801,0.30273482,0.36593175,0.33133337
3438421267,0.2155021,0.18762942,0.59686846
3438544259,0.30719092,0.2481574,0.44465172
3438826433,0.4506074,0.27094734,0.27844536
3438831584,0.50518644,0.25675383,0.23805967
3438873122,0.27895173,0.32167742,0.39937085
3439106290,0.44956127,0.24879813,0.30164063
3439115906,0.6451636,0.1367503,0.2180861
3439424550,0.33325568,0.33765116,0.32909316
3439462156,0.34602603,0.23714603,0.41682795
3439736187,0.5102235,0.25708273,0.23269373
3439807395,0.55425733,0.17968045,0.2660622
3440014049,0.38151827,0.21377072,0.4047109
3440210383,0.27076796,0.46195644,0.26727563
3440359218,0.3155578,0.39057538,0.29386675
3440376041,0.20312813,0.5194363,0.27743554
3440445973,0.20810612,0.22829118,0.56360275
3440494496,0.053261116,0.85689884,0.08984003
3440516236,0.34992182,0.36074758,0.28933054
3440526270,0.40692464,0.29334745,0.29972795
3440535706,0.3895385,0.26848915,0.34197238
3440543223,0.19895035,0.55520564,0.24584393
3440549694,0.21098864,0.118237205,0.67077416
3440589233,0.6860074,0.13207011,0.18192257
3440589343,0.5272359,0.19557701,0.27718705
3440596988,0.23650037,0.2754842,0.4880154
3440643411,0.07383532,0.81636465,0.10980003
3440663146,0.25337818,0.43029338,0.31632844
3440699425,0.4685903,0.291977,0.2394327
3440708837,0.34111896,0.3984395,0.26044157
3440758378,0.30901906,0.31824732,0.37273362
3441126122,0.13755897,0.68034536,0.18209569
3441156311,0.29497343,0.41308773,0.29193887
3441230664,0.4594321,0.27669814,0.26386973
3441283326,0.36229783,0.2894573,0.34824488
3441407499,0.24584657,0.40680093,0.3473525
3441410794,0.27271459,0.2999432,0.42734227
3441480807,0.4246633,0.318825,0.2565117
3441640966,0.72148263,0.11635509,0.16216229
3441715992,0.36095452,0.3555381,0.28350738
3441724058,0.16572209,0.12928303,0.70499486
3441803699,0.17069262,0.17938322,0.6499241
3441834652,0.21811391,0.54539514,0.23649098
3442053109,0.07581267,0.82920307,0.09498423
3442177398,0.2904655,0.41255835,0.29697618
3442234082,0.2365853,0.29075983,0.47265482
3442314160,0.41206482,0.32784513,0.26009005
3442373078,0.29258624,0.3641386,0.34327513
3442414058,0.12929787,0.13241144,0.7382908
3442538978,0.2646367,0.45375744,0.28160596
3442811366,0.39185837,0.32978484,0.2783567
3442833077,0.19231316,0.20272832,0.6049586
3442898913,0.36781955,0.32982206,0.3023584
3443015056,0.2066746,0.52196026,0.27136508
3443096040,0.6432191,0.1692603,0.18752049
3443162734,0.1909849,0.5696191,0.23939598
3443213488,0.33959648,0.36870107,0.29170245
3443254881,0.18894312,0.6160555,0.1950014
3443258796,0.12461066,0.7546351,0.12075431
3443365547,0.39938015,0.3006118,0.30000803
3443405025,0.28274697,0.24228649,0.47496653
3443577456,0.26716185,0.2414674,0.49137077
3443598603,0.30242983,0.3009235,0.39664665
3443688741,0.53318506,0.17089616,0.29591873
3443695677,0.3547759,0.34725365,0.2979705
3443784754,0.60034674,0.20927957,0.19037369
3443951052,0.51081353,0.24488178,0.24430475
3444159661,0.3848368,0.3598806,0.25528252
3444257138,0.2991059,0.3567387,0.34415543
3444328401,0.2738199,0.37653744,0.34964263
3444364935,0.4457376,0.26035988,0.2939025
3444502471,0.36665586,0.38478178,0.24856238
3444550526,0.3325359,0.30959395,0.3578702
3444655796,0.34428656,0.34840265,0.30731076
3444666728,0.45720476,0.29756296,0.2452323
3444708943,0.4198754,0.32447606,0.25564846
3444787168,0.33863,0.36649865,0.2948714
3444841263,0.3269492,0.36282316,0.3102276
3444967812,0.07331708,0.07593262,0.8507502
3444969884,0.33608377,0.33669925,0.32721695
3444972396,0.4959627,0.2638997,0.24013758
3445069223,0.098270565,0.7886123,0.113117084
3445134906,0.47156316,0.16660094,0.36183587
3445253305,0.15555592,0.51050645,0.33393767
3445288797,0.40396193,0.2974029,0.2986352
3445297048,0.43065715,0.29227367,0.27706915
3445375831,0.1267372,0.1222391,0.75102365
3445416051,0.20531431,0.47771704,0.3169686
3445463112,0.38279116,0.33940595,0.27780282
3445505628,0.18057466,0.60983706,0.20958829
3445719227,0.19194265,0.56565607,0.24240132
3445778553,0.14316005,0.6813074,0.17553261
3445803593,0.3022722,0.33162117,0.3661066
3445884899,0.16247652,0.67391706,0.16360644
3445889259,0.2769694,0.23518829,0.48784238
3445998918,0.32235277,0.3405888,0.33705848
3446062508,0.2846327,0.31877524,0.39659205
3446143835,0.15531108,0.67184997,0.17283891
3446170358,0.35965213,0.35043308,0.28991485
3446244693,0.30842802,0.32255903,0.3690129
3446547629,0.50484544,0.2514562,0.24369839
3446727473,0.2472056,0.44483954,0.3079548
3446826943,0.27910456,0.31891677,0.40197873
3446899736,0.37251872,0.3250332,0.30244812
3447042671,0.27343008,0.33956635,0.3870036
3447301271,0.35424015,0.28499565,0.36076418
3447339840,0.2957692,0.36070648,0.3435243
3447365512,0.15672915,0.6474467,0.19582418
3447447133,0.22499524,0.44857225,0.32643253
3447477206,0.31005278,0.29231837,0.3976288
3447516908,0.3566095,0.36406153,0.27932897
3447592435,0.42274076,0.2890129,0.28824633
3447670505,0.36075205,0.3764368,0.2628112
3447682031,0.20491806,0.50951344,0.2855685
3447695921,0.36088854,0.27577835,0.36333308
3447763651,0.09046483,0.80223733,0.10729786
3447801020,0.2959377,0.31249174,0.39157054
3448060056,0.37084976,0.3069626,0.3221877
3448092399,0.34294906,0.37276235,0.28428864
3448196423,0.10767557,0.76147413,0.13085026
3448402950,0.2613204,0.4423832,0.29629645
3448411826,0.34118414,0.39271966,0.26609617
3448459996,0.44984198,0.28011248,0.27004552
3448486534,0.3588897,0.26435712,0.37675324
3448528919,0.73229444,0.11518378,0.1525217
3448638081,0.5814727,0.2043092,0.21421808
3448727812,0.5490577,0.24850786,0.20243439
3448750749,0.33172,0.3694562,0.29882377
3448834469,0.28896907,0.32180792,0.38922295
3448857798,0.32258844,0.41998395,0.25742766
3448927599,0.4367564,0.22146082,0.34178287
3448938542,0.46988085,0.17360453,0.35651457
3449048612,0.092358425,0.7918363,0.11580521
3449119187,0.23460083,0.47008634,0.29531288
3449215999,0.2714971,0.28146896,0.447034
3449228882,0.27994776,0.26460886,0.4554434
3449337843,0.08292858,0.7997794,0.11729198
3449339588,0.6652799,0.14388189,0.19083817
3449420008,0.21356426,0.228463,0.5579727
3449598769,0.17109217,0.62368995,0.20521791
3449617547,0.20284195,0.53590536,0.2612526
3449666922,0.2522298,0.23881596,0.5089543
3449774469,0.23048426,0.19348411,0.5760316
3449874432,0.40265888,0.32068247,0.27665862
3449874772,0.11732143,0.7275851,0.15509345
3449890656,0.7886256,0.07922549,0.13214892
3449988967,0.29326135,0.3291651,0.37757358
3450036233,0.37714073,0.32434475,0.29851446
3450084609,0.24509597,0.4255112,0.32939282
3450128588,0.55736125,0.21473368,0.22790506
3450198531,0.40059996,0.31876123,0.2806388
3450293563,0.54834247,0.18892208,0.26273552
3450346633,0.33846882,0.33951598,0.32201517
3450666336,0.33753577,0.34272942,0.3197348
3450732573,0.3252052,0.3746275,0.30016726
3450883948,0.31001437,0.30722478,0.3827608
3450950155,0.18221456,0.19547935,0.62230605
3451022191,0.46186164,0.2924192,0.24571925
3451042113,0.39053074,0.26729062,0.34217864
3451156023,0.44027615,0.28855684,0.27116698
3451156068,0.2717861,0.33232147,0.3958924
3451187425,0.17362255,0.18298212,0.64339536
3451216566,0.31759062,0.35652444,0.32588497
3451281832,0.49830624,0.25263944,0.24905427
3451446350,0.2593047,0.3046977,0.43599766
3451474833,0.2660521,0.38151503,0.3524329
3451680326,0.31562918,0.39066744,0.29370344
3451690618,0.20712475,0.5877749,0.20510043
3451718640,0.27580827,0.4370154,0.2871763
3451825888,0.21006316,0.55182236,0.23811445
3452087643,0.26247725,0.2895119,0.4480108
3452115683,0.13523059,0.6911126,0.17365682
3452207653,0.5767351,0.20200695,0.22125798
3452212516,0.2612278,0.4471061,0.2916661
3452229405,0.21230854,0.59353876,0.19415268
3452306533,0.36798963,0.32471642,0.30729392
3452403943,0.27102536,0.382552,0.3464226
3452419575,0.4109378,0.28971606,0.29934615
3452433390,0.26191333,0.35743266,0.38065398
3452436996,0.60367936,0.19810855,0.19821207
3452531992,0.35290557,0.27722916,0.36986524
3452554961,0.2971678,0.33151764,0.3713145
3452576671,0.446768,0.30637524,0.24685673
3452641074,0.18915382,0.18478277,0.62606335
3452656835,0.1787966,0.1975224,0.62368107
3452687019,0.2659204,0.37770325,0.35637626
3452717139,0.4446567,0.3140082,0.24133506
3452727732,0.40924802,0.32955235,0.26119962
3452872384,0.4638192,0.18778796,0.3483928
3452897588,0.47773522,0.2927734,0.2294914
3452971349,0.4059038,0.28009441,0.3140018
3453053763,0.27261692,0.3737642,0.35361892
3453172904,0.3343259,0.44342652,0.22224768
3453252914,0.533317,0.2183382,0.24834475
3453323161,0.22280599,0.50485694,0.272337
3453433776,0.73103315,0.1174828,0.15148416
3453442921,0.34004804,0.37151894,0.28843302
3453481263,0.6006871,0.16221449,0.23709846
3453571863,0.2903244,0.25641373,0.45326197
3453700071,0.25531706,0.38764033,0.35704258
3453706483,0.34155515,0.36568266,0.2927622
3453734397,0.3722516,0.31185246,0.31589594
3453795299,0.17670463,0.52580744,0.29748788
3453845272,0.5181972,0.25057226,0.2312306
3453930188,0.34177175,0.35812774,0.30010054
3453941824,0.42160678,0.33120146,0.24719173
3453977971,0.22203034,0.4730568,0.30491292
3453984467,0.23413832,0.3756161,0.39024562
3454149133,0.6483285,0.17990248,0.17176904
3454292647,0.68364835,0.14661223,0.16973944
3454440220,0.2514275,0.49634585,0.25222662
3454488312,0.32644626,0.41233957,0.26121423
3454651318,0.35605568,0.3928964,0.2510479
3454693624,0.25032386,0.32184702,0.42782912
3454750631,0.3649496,0.25424027,0.38081017
3454753778,0.3611369,0.34519827,0.29366487
3454777113,0.3106727,0.35904974,0.33027756
3454799406,0.2589198,0.47357082,0.26750934
3454848093,0.43356407,0.3079854,0.25845045
3454860111,0.49285847,0.29815334,0.20898822
3454885979,0.48040476,0.3009516,0.21864364
3454904292,0.3087478,0.40820023,0.28305203
3454930503,0.29792407,0.39509133,0.30698463
3454941114,0.3817531,0.3616844,0.25656256
3455239010,0.26150802,0.3990225,0.33946958
3455312331,0.60115117,0.1795022,0.21934664
3455356618,0.298217,0.35951155,0.34227148
3455447456,0.2699609,0.3419561,0.38808298
3455527728,0.651575,0.09908677,0.24933827
3455559634,0.3062129,0.42206064,0.27172646
3455566204,0.38901085,0.32614037,0.28484884
3455576556,0.45618325,0.2681448,0.275672
3455631217,0.57616305,0.20971389,0.21412304
3455672858,0.3441507,0.28996456,0.36588472
3455749721,0.24747401,0.27837622,0.4741498
3455996220,0.22411144,0.21472704,0.5611615
3456042958,0.35673034,0.32451746,0.31875223
3456102966,0.268911,0.2161437,0.5149453
3456171063,0.21811849,0.4909032,0.29097828
3456274869,0.5756732,0.22787133,0.1964554
3456404346,0.2062828,0.51929677,0.2744204
3456475814,0.31805417,0.34489,0.33705586
3456519563,0.2967501,0.3295539,0.373696
3456648996,0.39029828,0.30721804,0.3024837
3456770416,0.20716254,0.56490207,0.22793542
3456889960,0.7837468,0.07882642,0.1374268
3456980653,0.3303476,0.37886673,0.29078564
3457190307,0.3414331,0.36595124,0.29261568
3457240282,0.37711284,0.337386,0.28550115
3457246440,0.10090989,0.76587594,0.13321412
3457468650,0.30977395,0.22446987,0.46575615
3457561151,0.36327988,0.38415352,0.25256664
3457578134,0.27933156,0.41572064,0.30494782
3457628633,0.3398132,0.30262187,0.35756496
3457902116,0.10761093,0.11014613,0.7822429
3457950012,0.5189482,0.28643796,0.19461386
3458050348,0.46332967,0.30096847,0.2357018
3458063784,0.33438075,0.28335652,0.38226274
3458107273,0.23086677,0.42443654,0.34469676
3458137169,0.3615327,0.31748456,0.32098275
3458171463,0.33359164,0.25457835,0.41183
3458223543,0.27730536,0.33959004,0.38310462
3458237630,0.25302237,0.29439843,0.4525792
3458316253,0.4144418,0.19143607,0.39412206
3458317885,0.2653803,0.36691666,0.3677031
3458616759,0.38207415,0.2984353,0.3194906
3458659881,0.17577782,0.13153645,0.69268566
3458782660,0.28817305,0.44448754,0.2673394
3458917637,0.46244514,0.27347758,0.26407722
3458927301,0.31224114,0.39656705,0.29119182
3459294988,0.2492708,0.32741874,0.42331052
3459354802,0.34693688,0.31916326,0.33389977
3459495870,0.18485577,0.18355277,0.63159144
3459552326,0.29663718,0.24649964,0.4568631
3459734938,0.30899245,0.39476976,0.29623774
3459892297,0.26249373,0.39804465,0.33946162
3459954308,0.24913691,0.24795043,0.50291264
3460029689,0.21579227,0.46655294,0.31765476
3460058846,0.13623866,0.6957851,0.16797626
3460245560,0.3143288,0.34487826,0.34079292
3460246316,0.32155663,0.3699365,0.3085069
3460302774,0.13200158,0.12819572,0.7398027
3460586482,0.6535905,0.16760066,0.1788088
3460756483,0.4176106,0.3272819,0.25510752
3460799091,0.3101745,0.25606942,0.4337561
3460853413,0.37672907,0.3122874,0.31098357
3461133153,0.34281376,0.21439299,0.44279334
3461307051,0.31240883,0.36682236,0.32076886
3461432705,0.2430279,0.46064547,0.29632658
3461481268,0.45752582,0.31927925,0.22319496
3461494354,0.25134385,0.34061846,0.40803766
3461545231,0.3781509,0.36346537,0.25838366
3461584013,0.4423191,0.31055844,0.24712248
3461633607,0.34702057,0.2853803,0.36759913
3461866500,0.35938215,0.40749997,0.23311783
3461871463,0.69476306,0.16977267,0.13546425
3462074745,0.46025705,0.27978906,0.25995383
3462096129,0.42782027,0.31251243,0.2596673
3462128880,0.26407447,0.42849442,0.30743113
3462154593,0.3342562,0.34030408,0.32543972
3462183907,0.27367634,0.30482283,0.4215008
3462204053,0.286073,0.37830254,0.33562443
3462238776,0.41920915,0.27533498,0.30545595
3462325149,0.42404875,0.29674023,0.27921104
3462469492,0.2643044,0.49086627,0.24482942
3462539377,0.34543812,0.36145896,0.2931029
3462598796,0.5958859,0.14470516,0.2594089
3462638601,0.15601373,0.64141005,0.20257618
3462648960,0.7113139,0.13413239,0.15455367
3462738487,0.110229835,0.10948344,0.7802867
3463137729,0.27636126,0.21663918,0.5069995
3463144308,0.12957713,0.12900478,0.7414181
3463246670,0.40575477,0.3217707,0.27247453
3463288457,0.3123916,0.42999697,0.25761142
3463343811,0.31808633,0.30982465,0.37208906
3463439858,0.48857227,0.26287127,0.2485564
3463488686,0.21875438,0.4944593,0.28678626
3463511181,0.20768833,0.19530189,0.5970098
3463640527,0.43520552,0.2609476,0.30384687
3463676088,0.29490468,0.19081546,0.5142799
3463741323,0.37011248,0.29173467,0.33815292
3463795208,0.3104662,0.40652564,0.2830081
3463830134,0.2537496,0.2725439,0.4737064
3463904802,0.2953345,0.3951743,0.3094913
3463940807,0.1504886,0.674662,0.17484944
3464019550,0.35441583,0.29883006,0.34675413
3464025743,0.32385963,0.34382913,0.33231118
3464246333,0.12679839,0.7218288,0.15137282
3464407459,0.46989447,0.28830868,0.24179682
3464634926,0.22032098,0.5354881,0.24419087
3464749988,0.8132758,0.07106554,0.11565865
3464809226,0.40353918,0.36636543,0.23009536
3464835641,0.09613522,0.09204387,0.8118208
3464884325,0.31187984,0.40406525,0.2840549
3464988948,0.34509483,0.32017303,0.33473217
3465024857,0.38826212,0.32566434,0.2860735
3465117661,0.13314821,0.1304317,0.7364202
3465170568,0.36874732,0.37547427,0.25577843
3465201619,0.42057124,0.28152364,0.29790515
3465379477,0.5318869,0.14060484,0.3275083
3465744552,0.1353284,0.70661855,0.15805301
3465763279,0.18213281,0.6123552,0.2055121
3465848588,0.29736814,0.41038188,0.29224992
3465875882,0.29670668,0.4168526,0.28644082
3466037513,0.23485161,0.47918156,0.28596684
3466195535,0.12669677,0.2609329,0.61237043
3466197850,0.19615339,0.6035158,0.20033085
3466235997,0.27354115,0.2633899,0.4630689
3466293570,0.3565616,0.29135996,0.3520785
3466329886,0.41418856,0.18627514,0.3995363
3466358080,0.61112994,0.19804661,0.19082347
3466370711,0.5163854,0.25098068,0.23263396
3466522498,0.44942734,0.2695828,0.28098992
3466604995,0.5142006,0.25915468,0.22664478
3466613761,0.23717979,0.45033276,0.31248736
3466684622,0.32371068,0.357146,0.31914333
3466737646,0.2231187,0.5291397,0.24774164
3466748133,0.4145187,0.3097227,0.27575862
3466761590,0.66512465,0.1496669,0.18520841
3466770055,0.19536172,0.5585103,0.24612795
3466807448,0.2904912,0.38610768,0.32340118
3466828691,0.32213235,0.3249963,0.35287133
3466836316,0.59557563,0.18133825,0.22308607
3466935492,0.20292374,0.5836797,0.21339661
3466959564,0.15618911,0.68824077,0.15557013
3466992732,0.51702297,0.2502935,0.23268355
3467045317,0.092160076,0.09615146,0.8116884
3467059490,0.18447837,0.4879635,0.32755804
3467132830,0.34821245,0.3752527,0.2765349
3467135375,0.4939182,0.2646438,0.24143805
3467135720,0.32381582,0.40459886,0.27158538
3467212698,0.35846266,0.32804066,0.31349668
3467233526,0.12742828,0.743645,0.12892672
3467287823,0.40259448,0.31988424,0.27752137
3467393478,0.13643801,0.6803924,0.1831696
3467403447,0.34334788,0.39784586,0.2588063
3467500811,0.35761583,0.2167566,0.4256276
3467573530,0.61110646,0.17686343,0.2120301
3467723429,0.35534695,0.35767543,0.28697756
3467731865,0.19808717,0.2470801,0.5548328
3467804391,0.3567967,0.36424357,0.27895978
3468048858,0.52362406,0.27376896,0.202607
3468052901,0.285463,0.39179158,0.32274544
3468065183,0.30133146,0.4007406,0.29792795
3468095833,0.28930357,0.27495313,0.43574327
3468220843,0.59293,0.20241816,0.20465177
3468334175,0.31078687,0.33598143,0.35323167
3468350320,0.41303977,0.31083223,0.27612796
3468394141,0.34828445,0.3086285,0.34308705
3468600605,0.5013104,0.2512172,0.24747239
3468660601,0.25262153,0.3094502,0.43792826
3468844114,0.3489179,0.3882353,0.26284686
3468921230,0.4150132,0.33327234,0.2517145
3468961745,0.17913355,0.19004707,0.6308194
3469095406,0.31628662,0.1882863,0.49542707
3469103194,0.3238773,0.38569403,0.2904287
3469136909,0.30607682,0.33586597,0.35805717
3469146345,0.2631134,0.3656926,0.37119403
3469196147,0.26836324,0.43253684,0.29909992
3469217485,0.41934872,0.3204867,0.26016456
3469250179,0.3278045,0.42847463,0.2437208
3469379445,0.24582852,0.25707945,0.4970921
3469696531,0.056702293,0.8643824,0.07891534
3469784683,0.38765338,0.37418297,0.2381637
3469785455,0.52491486,0.22204968,0.2530355
3469857579,0.336004,0.35586458,0.30813134
3469861150,0.16960126,0.649344,0.18105471
3469911483,0.29716727,0.29428056,0.4085522
3470119711,0.30160767,0.41215008,0.28624228
3470375045,0.32258683,0.34281173,0.33460143
3470585241,0.24894652,0.21512249,0.53593105
3470590236,0.30010688,0.23650733,0.4633858
3470657955,0.30404586,0.44770226,0.24825178
3470791593,0.26459128,0.23553455,0.4998742
3470793691,0.27755338,0.3220383,0.40040833
3470823365,0.31663835,0.21328513,0.47007653
3470837322,0.25308153,0.4401916,0.30672687
3470923669,0.23890303,0.2729671,0.48812985
3470966595,0.35265693,0.42539316,0.22194989
3470977706,0.26271486,0.4280338,0.30925146
3471031525,0.4714588,0.30157405,0.22696716
3471296263,0.44223323,0.25263724,0.3051296
3471359008,0.41400695,0.21809448,0.36789858
3471371794,0.3824384,0.3120593,0.30550227
3471697663,0.3283792,0.3310467,0.34057406
3471770699,0.2571974,0.33373109,0.40907148
3471803993,0.4966542,0.24096152,0.26238427
3471938045,0.29325452,0.43576464,0.27098086
3471987741,0.4434959,0.2581847,0.2983194
3472020589,0.19365782,0.21452904,0.5918131
3472204747,0.32365826,0.33211997,0.34422177
3472211036,0.40116334,0.32675633,0.2720804
3472327999,0.25896376,0.39384207,0.34719416
3472357200,0.53160405,0.2499221,0.21847387
3472471582,0.11970896,0.11815169,0.76213926
3472477904,0.31880963,0.3182816,0.3629088
3472508560,0.18134482,0.15947022,0.65918493
3472518550,0.31038317,0.44497246,0.24464446
3472560204,0.35503417,0.288034,0.3569318
3472588104,0.23073573,0.4518723,0.31739205
3472680340,0.411602,0.26507136,0.32332662
3472762181,0.32347023,0.37881485,0.29771492
3472881679,0.22028129,0.54100996,0.23870875
3472890763,0.31830746,0.3450258,0.33666673
3472916459,0.35875896,0.21151584,0.4297252
3473013041,0.082733266,0.8046098,0.11265695
3473057051,0.55532646,0.24342129,0.20125224
3473071233,0.5074995,0.26548812,0.22701235
3473119337,0.51284057,0.22663064,0.26052877
3473255857,0.16214332,0.5887869,0.24906981
3473409126,0.09955269,0.7699667,0.13048062
3473570100,0.14790803,0.65542203,0.19666985
3473650468,0.29361093,0.36887988,0.33750916
3473685786,0.21506529,0.5160168,0.26891798
3473687520,0.2632533,0.25025403,0.48649263
3473695606,0.15255232,0.14344321,0.7040044
3473697466,0.29819575,0.28251165,0.41929254
3473745944,0.18711354,0.5769775,0.23590899
3473884297,0.2556543,0.37487057,0.36947507
3474121461,0.3450473,0.33601385,0.31893882
3474184400,0.77721405,0.08775926,0.13502668
3474186879,0.46429196,0.31613454,0.2195735
3474338131,0.39547104,0.34012404,0.26440486
3474383510,0.29627988,0.4186049,0.28511524
3474395449,0.32762367,0.3422265,0.3301499
3474397433,0.30363256,0.3963189,0.30004856
3474403691,0.53344333,0.2280057,0.23855099
3474456138,0.0778544,0.8217537,0.10039184
3474722032,0.19876169,0.18235753,0.61888075
3474734563,0.7156647,0.12320625,0.16112901
3474854131,0.49814355,0.277018,0.2248384
3474856252,0.27351198,0.36205715,0.36443093
3474860627,0.3447065,0.37338054,0.2819129
3474885650,0.30999833,0.29451084,0.39549083
3475006113,0.1579496,0.16012721,0.6819233
3475067443,0.24545433,0.52277035,0.2317754
3475087792,0.2698877,0.26115412,0.4689582
3475113472,0.38999164,0.30125484,0.3087535
3475236784,0.2701879,0.43623093,0.29358116
3475413265,0.08225168,0.8073094,0.110438965
3475424610,0.37226287,0.33056843,0.2971687
3475462193,0.39728668,0.3175272,0.28518608
3475467808,0.16009575,0.6171808,0.22272347
3475509417,0.28471333,0.35649276,0.35879394
3475565233,0.30490956,0.22720462,0.46788582
3475687905,0.2012715,0.15792096,0.6408075
3475725627,0.37683356,0.3099412,0.31322527
3475810704,0.14936362,0.1139144,0.73672193
3475884053,0.18761678,0.21090584,0.6014774
3475905364,0.21923098,0.551357,0.22941205
3475964394,0.29640484,0.40275973,0.3008354
3476038138,0.5103788,0.22680338,0.2628178
3476163260,0.3364037,0.371403,0.29219323
3476251044,0.42240992,0.2828412,0.29474896
3476251911,0.49863794,0.26366928,0.23769276
3476299508,0.13310643,0.69604295,0.17085062
3476402848,0.36799917,0.23734564,0.3946552
3476465815,0.32027513,0.38523877,0.29448614
3476523721,0.32421649,0.3914545,0.28432897
3476592402,0.35329202,0.3371704,0.30953756
3476731994,0.38529432,0.37497586,0.2397298
3476807623,0.30759814,0.3585732,0.33382854
3476879544,0.43749532,0.31567028,0.24683444
3476907331,0.34574646,0.3531836,0.30106995
3477017877,0.30377012,0.3621207,0.33410925
3477140774,0.13445094,0.13180779,0.7337413
3477225304,0.26113123,0.25843388,0.48043492
3477340078,0.32395446,0.3281387,0.34790686
3477376193,0.7427762,0.11292941,0.14429434
3477425140,0.44894466,0.30374143,0.24731399
3477433036,0.4372862,0.31847665,0.24423715
3477476741,0.3519104,0.30531213,0.34277746
3477686908,0.312269,0.34721926,0.34051174
3477690373,0.5925026,0.18961383,0.21788351
3477745303,0.41598228,0.33407792,0.24993981
3477747107,0.5723402,0.21953845,0.20812133
3477762908,0.101832025,0.1191134,0.77905464
3477955748,0.40573066,0.301559,0.2927103
3478074273,0.2143666,0.4947186,0.2909148
3478173688,0.45428866,0.30642265,0.23928873
3478478575,0.33190253,0.33248043,0.33561707
3478656652,0.34473845,0.3331741,0.32208744
3478665417,0.3796319,0.33075935,0.28960875
3478849651,0.46936676,0.30463207,0.22600117
3478881273,0.31307667,0.35827628,0.32864714
3478971768,0.35714248,0.34041855,0.302439
3479077019,0.38920128,0.32711715,0.28368157
3479108101,0.33306217,0.38158447,0.28535336
3479149069,0.28942275,0.4141851,0.2963921
3479233189,0.23352754,0.51104987,0.2554226
3479570354,0.27258158,0.4136018,0.31381658
3479597179,0.24988222,0.48728815,0.2628296
3479678512,0.3145215,0.2885077,0.39697087
3479708194,0.30680892,0.40077442,0.29241666
3479712123,0.30708423,0.3402216,0.35269418
3479813269,0.44551417,0.32156706,0.23291872
3479895045,0.48934305,0.27948248,0.23117453
3480013137,0.385734,0.32482195,0.2894441
3480071381,0.29723462,0.30807105,0.39469436
3480175580,0.2259929,0.16943295,0.60457414
3480185315,0.26594988,0.45042044,0.2836297
3480206684,0.37701365,0.31633568,0.30665073
3480299447,0.21022226,0.54758966,0.24218808
3480358338,0.3822246,0.3058501,0.31192535
3480782243,0.56264794,0.17689495,0.26045704
3480799188,0.44597927,0.2437662,0.3102545
3480840285,0.32208714,0.24942285,0.42849
3480865944,0.38083148,0.29453307,0.3246354
3480929448,0.2586195,0.27880177,0.4625787
3480962190,0.54708767,0.2392986,0.21361369
3480986701,0.32303807,0.34305587,0.3339061
3481161188,0.35004783,0.36556333,0.2843889
3481200351,0.5812934,0.22266911,0.19603744
3481225882,0.296589,0.3916189,0.31179205
3481237131,0.36239582,0.3565128,0.28109142
3481239169,0.7022655,0.14011061,0.15762383
3481368031,0.40031007,0.30951068,0.29017922
3481428527,0.17133406,0.1828391,0.6458269
3481489584,0.4445212,0.29211742,0.26336142
3481739438,0.39776376,0.2759624,0.3262738
3481757191,0.19264132,0.30743194,0.4999267
3481856805,0.32261607,0.28925118,0.38813272
3481889594,0.42889097,0.335311,0.23579806
3481955301,0.33133218,0.359685,0.30898285
3482081078,0.5306011,0.23914838,0.23025054
3482163316,0.2990924,0.33808032,0.3628273
3482285235,0.32956132,0.24344876,0.4269899
3482455438,0.4897935,0.26878673,0.24141978
3482509484,0.26346773,0.40618405,0.33034822
3482554750,0.2689202,0.3734118,0.357668
3482711229,0.36471263,0.33550674,0.2997806
3482891727,0.3713632,0.28305387,0.34558296
3482921510,0.50482684,0.2580446,0.23712851
3482979953,0.41586956,0.28076643,0.3033641
3483027558,0.30467677,0.34647262,0.34885067
3483039076,0.45970476,0.19983706,0.34045812
3483087162,0.4119243,0.3199838,0.26809183
3483181144,0.08682685,0.8088604,0.10431275
3483261104,0.23957025,0.23590183,0.52452797
3483298920,0.15070835,0.66852003,0.18077157
3483324683,0.35809496,0.34876493,0.29314008
3483403866,0.312592,0.41991287,0.26749516
3483467083,0.37805644,0.36701545,0.2549281
3483855669,0.29686797,0.37359202,0.32953998
3484166652,0.32673427,0.35861883,0.31464696
3484192854,0.18798776,0.33096358,0.4810487
3484284044,0.25733253,0.44675028,0.29591715
3484385825,0.29303625,0.41243023,0.29453355
3484538696,0.3280573,0.36067972,0.31126302
3484782485,0.12203601,0.7391686,0.1387954
3484816269,0.3695473,0.3965839,0.2338688
3485044667,0.33698782,0.33322456,0.3297876
3485102930,0.31362483,0.26922894,0.41714618
3485134851,0.12108958,0.73652583,0.14238456
3485136199,0.30530465,0.2765531,0.41814232
3485159207,0.3678205,0.37549615,0.25668338
3485166418,0.12143551,0.73920685,0.13935763
3485189050,0.32128626,0.40112117,0.27759254
3485214578,0.27036715,0.4305048,0.29912806
3485221165,0.3812404,0.311863,0.3068966
3485265256,0.24612649,0.32441026,0.42946327
3485332792,0.20563734,0.52432567,0.270037
3485505711,0.3678516,0.34598693,0.28616157
3485554277,0.2977879,0.43324226,0.2689698
3485595945,0.37211606,0.28143093,0.346453
3485622132,0.32023942,0.3171673,0.36259326
3485690286,0.37004295,0.19500719,0.43494985
3485761934,0.29007196,0.42010182,0.2898262
3485837274,0.27665833,0.43488377,0.2884579
3485861234,0.4269316,0.22314836,0.34992003
3485996302,0.38580218,0.34378713,0.27041063
3486044668,0.4114839,0.28884277,0.2996734
3486155368,0.57254076,0.22691454,0.2005447
3486249428,0.25772706,0.3304909,0.41178206
3486342090,0.13163307,0.12915681,0.7392101
3486387280,0.17866485,0.20460494,0.6167302
3486406707,0.39164305,0.34931353,0.25904343
3486426807,0.123278834,0.115579434,0.7611418
3486429815,0.20569542,0.33650196,0.45780268
3486539349,0.48176357,0.2704298,0.2478067
3486702634,0.33831242,0.3536971,0.30799043
3486816312,0.1466027,0.67710185,0.17629544
3486849958,0.34697497,0.2690962,0.38392884
3487045421,0.51146686,0.25070703,0.23782605
3487049659,0.3409814,0.32048023,0.33853835
3487087363,0.25496298,0.45036083,0.2946762
3487101963,0.4735985,0.27418086,0.25222054
3487154554,0.25141242,0.54177403,0.2068135
3487398647,0.39219904,0.31451976,0.2932812
3487456227,0.24085075,0.47159207,0.2875572
3487511804,0.34161973,0.3498608,0.30851957
3487544972,0.20840105,0.5761611,0.21543786
3487582936,0.379876,0.3183236,0.30180037
3487586635,0.1968492,0.455023,0.34812784
3487668313,0.48809952,0.24765606,0.26424444
3487874062,0.29583266,0.36037666,0.34379068
3487875757,0.43249133,0.2846696,0.282839
3487951344,0.35226843,0.26320606,0.3845255
3487974056,0.3493784,0.3774008,0.27322075
3488077111,0.18194883,0.1749074,0.6431438
3488285829,0.36923707,0.30277896,0.32798398
3488314259,0.4247293,0.29565534,0.2796154
3488337925,0.3849292,0.2726796,0.3423912
3488387581,0.44921833,0.24836616,0.3024155
3488431031,0.08908947,0.7926875,0.118223086
3488758743,0.4049109,0.29698777,0.29810134
3488786855,0.49871087,0.27141026,0.22987893
3488810704,0.2689901,0.23796344,0.4930465
3488894653,0.19595361,0.5591054,0.24494103
3488958659,0.20765984,0.22150922,0.570831
3488999840,0.19977093,0.19100916,0.60921997
3489016826,0.41968638,0.35627422,0.22403945
3489107505,0.12236862,0.7408479,0.13678354
3489169406,0.22065496,0.53145075,0.24789435
3489249184,0.31440845,0.30236474,0.3832268
3489340533,0.23183134,0.44131187,0.32685685
3489499136,0.06334797,0.84665394,0.08999808
3489630892,0.29759577,0.30492598,0.3974783
3489646839,0.24856845,0.34206435,0.40936726
3489655455,0.14601228,0.14202432,0.7119634
3489662208,0.37633207,0.3216334,0.3020346
3489722800,0.08563023,0.80820316,0.1061666
3489815535,0.3710743,0.32673442,0.3021912
3489896053,0.1503853,0.71286017,0.13675444
3489905765,0.25703394,0.41538876,0.32757738
3490014831,0.26635143,0.35390592,0.37974265
3490043441,0.521279,0.18127674,0.2974443
3490055403,0.20177019,0.15756777,0.6406621
3490170770,0.40855172,0.2891745,0.30227378
3490181400,0.5427333,0.23083004,0.22643664
3490193612,0.3645384,0.39077497,0.24468674
3490297245,0.7819509,0.07579364,0.14225554
3490332014,0.2752541,0.44401282,0.28073317
3490442849,0.25093076,0.4158566,0.33321267
3490493348,0.31239656,0.4011952,0.2864082
3490605353,0.56580985,0.21824902,0.21594113
3490607696,0.52508676,0.2438632,0.23104998
3490672854,0.44810107,0.3160475,0.2358514
3490681836,0.45253062,0.27209157,0.27537787
3490738233,0.7510976,0.10961671,0.13928574
3490790309,0.5200468,0.22291748,0.25703573
3490803412,0.21101087,0.5901627,0.1988264
3490841169,0.26613504,0.36361134,0.37025365
3490913405,0.69932324,0.13755913,0.16311768
3491021281,0.32387823,0.39004657,0.2860752
3491108374,0.23104812,0.22801471,0.5409372
3491230905,0.29193604,0.3473053,0.36075863
3491265819,0.15725839,0.69963974,0.14310181
3491535422,0.3586583,0.3588272,0.28251448
3491695912,0.11934469,0.74280274,0.13785262
3491849132,0.5316831,0.24696483,0.22135198
3491962207,0.21095335,0.53528965,0.25375703
3492093420,0.3925157,0.31435925,0.29312506
3492097048,0.105072,0.77533567,0.119592324
3492127530,0.52657014,0.25196508,0.22146481
3492189711,0.29510856,0.38436997,0.3205215
3492400651,0.61464226,0.16996232,0.21539538
3492544183,0.2619039,0.26913452,0.4689616
3492638068,0.41223297,0.25727442,0.3304926
3492788116,0.41380712,0.30100775,0.28518513
3492840742,0.22533756,0.4940082,0.28065428
3492903811,0.25795037,0.37417638,0.36787328
3492972582,0.35883293,0.17418092,0.46698606
3493082354,0.2029485,0.17551032,0.62154114
3493090299,0.64195824,0.13692576,0.22111602
3493103994,0.5426804,0.21353926,0.2437804
3493150307,0.41405678,0.29107314,0.2948701
3493294821,0.29881826,0.37831825,0.32286358
3493341899,0.35635805,0.311637,0.33200493
3493436158,0.31620568,0.36910447,0.3146898
3493767163,0.25021207,0.37423664,0.37555125
3493832410,0.14659496,0.67275727,0.18064772
3493856765,0.39363417,0.35154095,0.25482482
3493858778,0.19206688,0.5614805,0.24645266
3493896947,0.40538266,0.3135402,0.2810771
3494107291,0.27843368,0.40181947,0.31974682
3494165044,0.3180509,0.3725983,0.30935085
3494234309,0.60444957,0.20124096,0.19430946
3494251922,0.4167594,0.2701389,0.31310177
3494481298,0.43269184,0.24928942,0.3180187
3494493816,0.24251677,0.3238247,0.4336585
3494739760,0.18461956,0.49921778,0.3161626
3494754040,0.4654439,0.2572846,0.27727145
3494761208,0.08716688,0.79538274,0.117450416
3494833946,0.2749281,0.41154155,0.31353036
3494850326,0.24099214,0.17968734,0.5793205
3494910485,0.28858882,0.361903,0.34950823
3494981041,0.17987831,0.1717411,0.6483806
3495084034,0.22333555,0.18210085,0.59456354
3495178964,0.47615612,0.29252037,0.23132345
3495319495,0.31524277,0.38932404,0.29543316
3495395048,0.15736878,0.16752581,0.6751054
3495453386,0.19693445,0.60236126,0.2007043
3495620669,0.3677596,0.38306707,0.24917328
3495632896,0.21535213,0.5485956,0.23605224
3495734533,0.2595816,0.47268578,0.2677326
3495791066,0.3482661,0.36413202,0.28760186
3495811032,0.31514892,0.37914735,0.30570376
3496021635,0.27163434,0.4231421,0.30522344
3496076572,0.3382067,0.3621832,0.29961002
3496203823,0.32149202,0.37912875,0.2993793
3496246343,0.32958528,0.33192322,0.3384915
3496302122,0.22970401,0.43258032,0.33771572
3496374390,0.2922706,0.36392114,0.34380823
3496382221,0.28597304,0.2794235,0.43460345
3496526675,0.35297117,0.38091055,0.26611826
3496774432,0.33889583,0.35309178,0.30801246
3496910032,0.2896837,0.41294053,0.29737574
3496944421,0.35642222,0.3352985,0.30827928
3496988303,0.32564142,0.38102645,0.2933321
3497023131,0.7418931,0.10741958,0.15068725
3497080113,0.5640518,0.20183036,0.23411782
3497230007,0.3513139,0.3095222,0.33916387
3497252963,0.30303413,0.19762565,0.49934015
3497290301,0.35550717,0.35603228,0.28846064
3497330761,0.27206936,0.42007446,0.30785623
3497361239,0.3079263,0.4166418,0.27543184
3497395803,0.56430024,0.22614267,0.20955713
3497405513,0.34052688,0.29921696,0.36025614
3497429690,0.40729535,0.31645933,0.27624533
3497470147,0.26836437,0.43534243,0.2962933
3497560987,0.46544617,0.29882526,0.23572849
3497604692,0.09611546,0.79311067,0.1107738
3497731978,0.3121581,0.39165622,0.29618567
3497732689,0.23422506,0.31412077,0.45165417
3497856755,0.20791017,0.23398574,0.55810416
3498083192,0.52625114,0.19786155,0.27588728
3498084208,0.21000406,0.18808362,0.6019123
3498118198,0.6580013,0.16384593,0.17815277
3498135394,0.54382133,0.23956399,0.21661462
3498168100,0.43506312,0.26617587,0.298761
3498341397,0.6235734,0.17519028,0.20123631
3498414481,0.2512076,0.294232,0.45456037
3498485672,0.5269478,0.21406601,0.25898626
3498501615,0.25350252,0.432632,0.31386554
3498560094,0.24123733,0.46820396,0.2905588
3498586141,0.31165567,0.39852482,0.2898195
3498720760,0.3395053,0.36620888,0.29428577
3498727530,0.45652264,0.27682436,0.26665303
3498953769,0.537479,0.26317242,0.19934854
3498956578,0.24347456,0.45168942,0.30483603
3498967508,0.3511218,0.395729,0.25314915
3499036218,0.34527546,0.32927865,0.3254459
3499100817,0.3069349,0.25654188,0.43652317
3499152484,0.2849472,0.3118155,0.4032373
3499315700,0.14284052,0.661026,0.19613346
3499343015,0.2533587,0.4500699,0.2965714
3499394624,0.28988546,0.28665534,0.4234592
3499395985,0.33533207,0.34100404,0.32366386
3499461353,0.35258254,0.3515694,0.29584807
3499666330,0.56361437,0.22397687,0.21240877
3499772308,0.44885597,0.23651187,0.31463218
3499811224,0.8124885,0.06993586,0.117575675
3499862924,0.3212515,0.3369255,0.34182298
3499935590,0.65858346,0.16636494,0.17505156
3500018067,0.3885508,0.3157443,0.29570496
3500103921,0.73830855,0.1034412,0.15825024
3500124860,0.3132371,0.29780808,0.38895485
3500297475,0.31358922,0.36943114,0.3169797
3500632288,0.4276437,0.27504858,0.29730773
3500727212,0.19513705,0.5463817,0.25848126
3500762398,0.44839185,0.27354497,0.2780632
3500925701,0.4913448,0.2751722,0.23348306
3501010324,0.22162487,0.49303478,0.2853404
3501011034,0.21767068,0.46161816,0.32071123
3501012709,0.35269457,0.3225068,0.32479864
3501163388,0.41199997,0.31212193,0.27587813
3501207807,0.2963725,0.17475823,0.5288693
3501226594,0.3575071,0.32998288,0.31251007
3501245320,0.28823018,0.2892955,0.42247438
3501284557,0.358663,0.36859706,0.27273992
3501323858,0.33964536,0.3434825,0.31687212
3501324387,0.13803639,0.5047555,0.35720816
3501350777,0.23982193,0.51856196,0.24161606
3501436785,0.56470114,0.22640502,0.20889378
3501589534,0.15940107,0.14916238,0.6914366
3501790610,0.40833896,0.32047927,0.27118173
3501942968,0.31990594,0.26267263,0.41742143
3501962113,0.29689568,0.4608222,0.2422821
3502020462,0.09370324,0.0907696,0.8155272
3502029779,0.30568984,0.39751148,0.29679865
3502057444,0.22174868,0.18115175,0.5970996
3502241456,0.32926944,0.36524358,0.3054869
3502325028,0.43481377,0.244149,0.3210373
3502351809,0.37308416,0.3076492,0.31926665
3502384960,0.3302431,0.34077293,0.32898405
3502475192,0.55599296,0.23763706,0.20637007
3502646723,0.54255646,0.23684447,0.22059903
3502765812,0.14177553,0.69862384,0.15960063
3502842659,0.38204545,0.3608893,0.25706527
3502899496,0.09969872,0.7699595,0.13034175
3502934675,0.46961743,0.24808396,0.2822986
3502956208,0.32100463,0.32772645,0.35126898
3502984345,0.19321176,0.58078605,0.22600226
3503073325,0.15097724,0.69165003,0.1573728
3503220838,0.095176585,0.793923,0.110900454
3503305722,0.5542697,0.23064336,0.21508694
3503352060,0.47173077,0.2802323,0.24803697
3503388916,0.37110588,0.31673333,0.3121608
3503486846,0.8137709,0.07243692,0.11379217
3503535885,0.42703208,0.2870697,0.28589827
3503545137,0.2806427,0.2151946,0.5041628
3503595707,0.35595593,0.41263562,0.2314084
3503617822,0.24127142,0.2513583,0.5073703
3503886678,0.25555304,0.49153805,0.25290892
3503897259,0.4043012,0.307597,0.2881018
3504047864,0.0950203,0.7953074,0.10967233
3504059410,0.36182475,0.34424332,0.29393193
3504132550,0.33076558,0.31352055,0.35571387
3504133519,0.31968352,0.3680158,0.3123006
3504358594,0.26442975,0.38584176,0.3497285
3504492251,0.4646065,0.27399942,0.26139408
3504641339,0.35453105,0.37804273,0.26742622
3504681372,0.2546712,0.32908303,0.4162457
3504700247,0.49887204,0.25657627,0.2445517
3504746248,0.40858883,0.33204603,0.2593652
3504872356,0.30383545,0.36798272,0.3281819
3504890445,0.36796978,0.38387695,0.24815331
3505125660,0.36142027,0.30963865,0.3289411
3505194919,0.21856448,0.50231624,0.27911922
3505269218,0.74098164,0.11408416,0.14493418
3505322204,0.35410303,0.37534112,0.27055585
3505347838,0.74883574,0.099887855,0.15127638
3505388667,0.4412708,0.33025953,0.2284697
3505598750,0.3496087,0.39889815,0.25149316
3505698790,0.310239,0.16926508,0.52049595
3505748567,0.31517988,0.28987396,0.3949462
3505880681,0.43248844,0.3130887,0.25442287
3505991110,0.34218007,0.32289562,0.33492434
3506000237,0.47694793,0.27042505,0.25262707
3506032077,0.2189479,0.21777488,0.56327724
3506158326,0.6003877,0.15934631,0.24026598
3506447284,0.42869055,0.30511102,0.2661984
3506619581,0.13433942,0.71810275,0.14755777
3506629837,0.3942778,0.2798001,0.32592216
3506690786,0.23635875,0.29832715,0.4653142
3506949010,0.3477435,0.33445704,0.3177994
3506954939,0.443398,0.29233152,0.26427048
3506980293,0.2416396,0.44648433,0.31187612
3507124288,0.20856526,0.18075304,0.61068165
3507156617,0.2930299,0.36497483,0.3419952
3507304933,0.4289612,0.31552702,0.2555118
3507419812,0.26860794,0.43121997,0.30017203
3507538814,0.4761423,0.28915167,0.23470607
3507552720,0.36090147,0.31332964,0.3257688
3507581357,0.21643914,0.38307822,0.40048265
3507599857,0.35420492,0.314781,0.33101413
3507608531,0.2879179,0.3523078,0.35977432
3507633263,0.30013168,0.38635537,0.31351298
3507679789,0.25656897,0.37157005,0.371861
3507904005,0.3838638,0.18264419,0.43349198
3507945432,0.35279673,0.3336799,0.3135234
3507971908,0.2940804,0.3625101,0.34340957
3508046419,0.20344985,0.55942273,0.2371274
3508072938,0.12563737,0.10249193,0.7718707
3508138536,0.33456188,0.3108279,0.35461015
3508301762,0.34674364,0.30666596,0.34659043
3508425188,0.43866718,0.28329334,0.27803954
3508513599,0.50101304,0.2738897,0.22509722
3508515476,0.19108462,0.517201,0.2917144
3508517270,0.31056657,0.38550502,0.3039284
3508617863,0.18504076,0.6105218,0.20443746
3508650969,0.2858076,0.3608128,0.3533796
3508737292,0.3260075,0.34162414,0.3323683
3508919204,0.15967815,0.66341627,0.17690557
3508982172,0.40023413,0.36801443,0.23175146
3509072838,0.36618233,0.27295834,0.3608594
3509098959,0.34988737,0.3436113,0.30650133
3509118171,0.27865353,0.37608758,0.3452588
3509166862,0.35777497,0.18761927,0.4546058
3509232565,0.12556586,0.7292569,0.14517726
3509249940,0.2272969,0.22561869,0.54708445
3509249968,0.41580364,0.26442865,0.31976774
3509394564,0.23777491,0.40083572,0.36138946
3509426667,0.2577637,0.25950822,0.482728
3509470386,0.29481563,0.3261929,0.3789915
3509530918,0.5879878,0.14858195,0.26343027
3509876176,0.19021896,0.6336138,0.17616722
3509921530,0.43830183,0.31339926,0.2482989
3510126639,0.23628949,0.2877008,0.47600973
3510172782,0.64250547,0.1534451,0.20404938
3510487589,0.26358226,0.45984802,0.2765697
3510493795,0.31521943,0.3526606,0.33211997
3510759403,0.43700016,0.3252985,0.2377013
3510775501,0.24478038,0.42605263,0.32916704
3510819730,0.419503,0.21597715,0.36451977
3510831895,0.36061382,0.32629797,0.3130882
3510975837,0.33257923,0.40285763,0.2645632
3511050181,0.40815562,0.3236656,0.26817882
3511097269,0.41806042,0.27906784,0.30287182
3511150690,0.4299873,0.31198752,0.25802517
3511237996,0.30858842,0.37606436,0.31534728
3511269980,0.6634119,0.12278905,0.21379904
3511318473,0.19132604,0.58913374,0.21954021
3511463315,0.3706968,0.3442133,0.28508985
3511515107,0.29850695,0.27449936,0.4269937
3511612355,0.36162946,0.26946148,0.36890897
3511663676,0.3051496,0.30662087,0.38822952
3511801310,0.27584437,0.35807952,0.3660761
3511932844,0.5985593,0.20804435,0.19339631
3511998202,0.33162263,0.33988452,0.32849288
3512144523,0.3367694,0.23215951,0.43107113
3512230107,0.15730138,0.6341867,0.20851192
3512287306,0.16924457,0.16922969,0.6615257
3512291490,0.26885048,0.35698688,0.37416264
3512353718,0.49067125,0.300472,0.20885678
3512454520,0.33464587,0.2845328,0.38082132
3512455641,0.24038921,0.2518505,0.5077602
3512562374,0.23621179,0.47311717,0.29067102
3512680077,0.43139043,0.2932544,0.2753552
3512691785,0.3401385,0.23714198,0.4227195
3512838112,0.2596102,0.32362252,0.4167673
3512872317,0.4996799,0.2291403,0.2711799
3512880726,0.5491793,0.20244788,0.24837281
3512892548,0.3309359,0.37034208,0.298722
3512962045,0.38175976,0.32274994,0.29549026
3513006357,0.22796774,0.27228343,0.49974883
3513028582,0.4085981,0.26259315,0.32880872
3513085321,0.6253794,0.18962404,0.18499662
3513148967,0.48967943,0.27198625,0.2383343
3513371247,0.3919257,0.35224187,0.25583252
3513417353,0.17875217,0.2478847,0.5733632
3513684647,0.2690878,0.25143233,0.47947982
3513769140,0.1295036,0.7493371,0.12115929
3513930156,0.25691822,0.23377076,0.509311
3514059419,0.2290683,0.19203229,0.57889944
3514203886,0.5072769,0.23776461,0.25495848
3514269171,0.38959524,0.32036033,0.2900444
3514314111,0.39224926,0.30602318,0.3017276
3514338215,0.20261234,0.5579789,0.2394088
3514571750,0.2686835,0.23976354,0.49155298
3514807052,0.66272146,0.16482764,0.17245097
3514881446,0.3164794,0.24980056,0.43372005
3514947295,0.4366696,0.30337945,0.2599509
3515027556,0.40850222,0.283176,0.3083217
3515082547,0.14445731,0.68755233,0.16799039
3515105781,0.27339265,0.29259163,0.43401566
3515192642,0.32432598,0.41202524,0.26364884
3515236738,0.35005075,0.4085347,0.24141462
3515265397,0.6089398,0.15943258,0.23162757
3515328738,0.29537964,0.31833106,0.38628933
3515422739,0.44504562,0.268972,0.2859823
3515438397,0.6450018,0.15771681,0.1972814
3515462803,0.46741453,0.31184247,0.22074299
3515783583,0.1195642,0.10307379,0.777362
3515812639,0.2912954,0.44695783,0.26174682
3515821276,0.28349656,0.44046044,0.2760429
3515920962,0.2704152,0.23610279,0.49348202
3515930442,0.34442085,0.32517987,0.33039927
3515994772,0.16126557,0.62873816,0.20999625
3516051890,0.21608523,0.5651127,0.21880199
3516071898,0.510887,0.23921038,0.24990253
3516071934,0.31452858,0.3680282,0.31744313
3516268032,0.31280187,0.31003067,0.37716743
3516352133,0.35858634,0.34064057,0.30077317
3516389130,0.36497045,0.29905075,0.3359788
3516437576,0.3259723,0.3849963,0.28903145
3516476518,0.53474635,0.23543581,0.22981787
3516567971,0.36513636,0.35479742,0.28006625
3516661020,0.43542978,0.27742004,0.28715017
3516661536,0.28901985,0.23500404,0.47597614
3516665661,0.2799129,0.2788566,0.4412306
3516821941,0.272774,0.39622378,0.33100224
3516935728,0.20067972,0.19546138,0.6038589
3516985102,0.33672246,0.38902566,0.27425182
3516989023,0.20312455,0.30692542,0.48994997
3517044974,0.23679373,0.47662425,0.286582
3517050122,0.31404448,0.3978606,0.28809494
3517050468,0.118550666,0.10094234,0.78050697
3517065317,0.36104852,0.33200112,0.30695033
3517081673,0.26796228,0.45852426,0.27351347
3517380544,0.3862837,0.37715876,0.23655751
3517527082,0.41693678,0.3144104,0.2686529
3517550177,0.3668588,0.30955595,0.3235853
3517572951,0.26856256,0.44076502,0.29067242
3517791161,0.1746331,0.23878,0.5865869
3517998813,0.27705958,0.48583558,0.2371048
3518028005,0.25032198,0.48113358,0.26854452
3518035213,0.42361757,0.3285499,0.24783258
3518035899,0.3117264,0.4257301,0.26254347
3518159706,0.34246075,0.41150838,0.24603087
3518176130,0.28522196,0.24203533,0.47274274
3518255919,0.19740118,0.33072945,0.47186932
3518536548,0.4165369,0.31302217,0.27044103
3518574137,0.26571652,0.4967537,0.23752983
3518590694,0.402993,0.3329271,0.26407987
3518810803,0.37429312,0.34623072,0.2794762
3518889120,0.20360859,0.14918207,0.64720935
3518967317,0.3171583,0.3586476,0.324194
3518977809,0.30079764,0.41134134,0.28786105
3518984100,0.61150116,0.1944033,0.19409558
3519001366,0.37184525,0.35945904,0.26869568
3519039678,0.23256472,0.24175838,0.5256769
3519045226,0.23505352,0.4692694,0.29567713
3519047429,0.22797598,0.48285493,0.2891691
3519061548,0.4073248,0.3356105,0.25706473
3519080768,0.25400755,0.23088324,0.5151091
3519110586,0.11850742,0.10044678,0.78104585
3519190404,0.23487268,0.49675238,0.26837498
3519242780,0.2881638,0.3257008,0.3861355
3519618882,0.35154974,0.38412753,0.26432276
3519668301,0.3470334,0.3942899,0.25867668
3519710367,0.3430511,0.36520126,0.29174763
3519904732,0.30092987,0.39305478,0.30601528
3519944561,0.36054513,0.36651564,0.2729393
3519949464,0.24749404,0.26530528,0.4872007
3520056838,0.28022292,0.44630852,0.2734685
3520071588,0.44680583,0.30708253,0.24611166
3520082507,0.19354428,0.5856516,0.22080411
3520154956,0.56324464,0.20644003,0.2303153
3520184370,0.34188047,0.28180766,0.37631187
3520257607,0.15509644,0.18929681,0.65560675
3520300121,0.3287362,0.29733664,0.3739272
3520324843,0.21465404,0.5657204,0.21962562
3520340014,0.5956205,0.1932814,0.21109809
3520411711,0.23181102,0.3754364,0.39275253
3520520698,0.37869334,0.28330088,0.3380058
3520623546,0.3945951,0.30794203,0.29746288
3520863903,0.6770204,0.10251223,0.22046737
3521038828,0.4927241,0.25067496,0.25660092
3521535719,0.27193922,0.3932548,0.33480603
3521716571,0.49488857,0.17560937,0.32950202
3521818404,0.33544177,0.36552727,0.29903102
3521831803,0.45101342,0.28993392,0.2590526
3522096824,0.16286628,0.6507351,0.18639864
3522107021,0.24200943,0.5371135,0.22087713
3522109561,0.28420854,0.41056314,0.30522835
3522127471,0.3205972,0.35233888,0.32706395
3522182638,0.2854472,0.2950593,0.4194936
3522252737,0.54504347,0.17531481,0.2796417
3522322998,0.38295224,0.3049916,0.31205615
3522623057,0.23916845,0.1961438,0.5646877
3522625040,0.09045008,0.8003246,0.10922529
3522654845,0.3680425,0.34103605,0.29092145
3522661534,0.16189751,0.1858345,0.65226793
3522880986,0.35652268,0.353308,0.29016936
3522969926,0.32056466,0.2981553,0.38128
3523099789,0.3454742,0.29650173,0.35802406
3523159720,0.3256125,0.34986973,0.32451785
3523416481,0.45998195,0.28789365,0.25212443
3523476874,0.4612276,0.27406824,0.26470417
3523503001,0.23644216,0.22175866,0.5417992
3523513493,0.505211,0.24904166,0.24574739
3523521259,0.35375467,0.3537155,0.29252982
3523611260,0.5190642,0.2598091,0.22112669
3523636974,0.40321457,0.29872012,0.29806527
3523712443,0.5431515,0.21631886,0.24052957
3523831359,0.80967337,0.074930355,0.115396276
3523835560,0.62734073,0.14222607,0.23043317
3524007817,0.11220652,0.7508792,0.1369142
3524017674,0.47213358,0.23531239,0.29255402
3524041688,0.3961611,0.36333698,0.24050191
3524057715,0.22372404,0.56748897,0.20878705
3524358244,0.34266216,0.25455716,0.40278065
3524414252,0.22774807,0.18640925,0.5858427
3524709739,0.20128332,0.60204226,0.19667445
3524775174,0.29028216,0.2880529,0.42166492
3524827270,0.31460556,0.39224684,0.29314762
3524900314,0.09362849,0.7874677,0.118903756
3524996493,0.36569792,0.32537463,0.30892742
3525071398,0.20721954,0.56856954,0.22421093
3525090061,0.6400696,0.1341488,0.2257816
3525186678,0.33374575,0.17825742,0.4879969
3525456887,0.37202463,0.318268,0.3097074
3525563032,0.14443319,0.1157443,0.7398225
3525566082,0.2653646,0.4728295,0.26180598
3525634167,0.10382924,0.7745997,0.121571064
3525644426,0.2760349,0.27481422,0.44915086
3525710147,0.25560135,0.45390916,0.29048952
3525746229,0.43240693,0.27586082,0.29173228
3525813167,0.12710078,0.71945244,0.15344678
3525850029,0.2294086,0.5035498,0.26704153
3526344354,0.2093343,0.5706246,0.22004114
3526405689,0.1693626,0.43390262,0.3967348
3526556209,0.36895832,0.40725842,0.22378322
3526607192,0.4632875,0.3035869,0.23312558
3526682372,0.31764117,0.3500984,0.33226037
3526759960,0.35026264,0.33782327,0.31191412
3526792037,0.22438918,0.49243426,0.2831765
3526902752,0.27839983,0.4095863,0.3120138
3527053929,0.26167667,0.29124528,0.44707802
3527129578,0.3719145,0.31037945,0.3177061
3527135671,0.37529996,0.31162888,0.3130712
3527175666,0.22252448,0.46190587,0.31556958
3527217932,0.30509076,0.289932,0.40497717
3527343454,0.54361135,0.22812906,0.2282596
3527437008,0.4094958,0.35307935,0.23742494
3527498771,0.57607937,0.15633863,0.26758194
3527514312,0.38493827,0.322672,0.29238975
3527522804,0.40978998,0.26483542,0.32537463
3527716235,0.2887783,0.25933895,0.45188272
3527789903,0.3460047,0.27626455,0.37773073
3528002669,0.2877443,0.37836275,0.33389294
3528124976,0.4837221,0.29707253,0.21920541
3528245748,0.32971302,0.37644967,0.2938373
3528263093,0.19101569,0.57327145,0.2357128
3528458534,0.21504965,0.20347476,0.58147556
3528470512,0.47585952,0.27724653,0.24689388
3528607121,0.4057564,0.28057605,0.3136675
3528624638,0.27375916,0.23578663,0.49045414
3528633806,0.39080492,0.3554047,0.25379038
3528677559,0.41671827,0.28585866,0.2974231
3528688331,0.42671427,0.27935064,0.29393503
3528824471,0.24860185,0.42885563,0.32254258
3528831494,0.13573463,0.7164568,0.14780861
3528867017,0.21721098,0.48605824,0.29673076
3528881954,0.45815372,0.30965146,0.23219477
3529087906,0.34346232,0.39926565,0.25727198
3529113946,0.30776146,0.3585505,0.33368808
3529198991,0.14076987,0.12940092,0.72982925
3529214009,0.13102508,0.6772145,0.1917604
3529255383,0.41171366,0.32761693,0.26066944
3529257297,0.2733842,0.4113141,0.31530166
3529269016,0.6663048,0.15214299,0.18155223
3529331549,0.27556443,0.30925226,0.41518334
3529381632,0.16743477,0.14835012,0.6842151
3529423720,0.09451177,0.787692,0.1177962
3529443057,0.25167194,0.27509102,0.47323698
3529469352,0.25498518,0.53706694,0.20794788
3529592704,0.22978237,0.36496463,0.405253
3529621483,0.13694768,0.14235161,0.7207007
3529629152,0.25866032,0.5383878,0.20295194
3529643804,0.09756816,0.73927015,0.16316172
3529743324,0.15921956,0.6434558,0.19732459
3529826041,0.35695562,0.29878327,0.34426108
3529907803,0.27919164,0.1641273,0.55668104
3529959180,0.06780161,0.06638215,0.8658162
3529995675,0.17151695,0.5882376,0.24024546
3530059944,0.31631124,0.31641164,0.36727712
3530061197,0.25580585,0.42540103,0.31879312
3530088075,0.39953485,0.24380144,0.3566637
3530108479,0.5783597,0.2155686,0.20607173
3530110386,0.42673782,0.30815336,0.26510882
3530131300,0.12920314,0.70767987,0.16311699
3530157035,0.09402576,0.08328435,0.82268995
3530177185,0.2426941,0.4868606,0.2704453
3530177344,0.11803692,0.71495676,0.16700634
3530220139,0.3707521,0.22882736,0.40042043
3530427771,0.31510362,0.35749698,0.32739937
3530462865,0.2253508,0.50419545,0.27045378
3530485921,0.15784182,0.64216834,0.19998983
3530619732,0.4934243,0.28894106,0.21763466
3530819607,0.55091006,0.22118036,0.22790958
3530948154,0.20403926,0.21073827,0.5852225
3531039728,0.31362867,0.26788655,0.41848475
3531052617,0.45616266,0.29751074,0.24632657
3531063814,0.4199024,0.31928262,0.26081493
3531128301,0.4503029,0.24820858,0.30148858
3531131758,0.31322235,0.361795,0.32498264
3531153677,0.6991462,0.1082856,0.1925682
3531190810,0.23169623,0.51467943,0.25362438
3531206766,0.31527644,0.34494406,0.33977953
3531271341,0.42979434,0.31843072,0.25177494
3531272190,0.49327818,0.24481098,0.26191077
3531321818,0.26680914,0.3852348,0.3479561
3531413049,0.24504822,0.21223316,0.54271865
3531533455,0.441364,0.29506963,0.26356634
3531623051,0.22706747,0.5775583,0.19537432
3531730463,0.18606718,0.572285,0.24164784
3531846119,0.4512419,0.30339998,0.24535812
3531863465,0.34115112,0.36620837,0.29264048
3531864477,0.3584982,0.3538772,0.28762466
3531881910,0.3556076,0.3507727,0.2936198
3531900778,0.4154527,0.28908864,0.2954586
3531951034,0.4298948,0.30461678,0.26548842
3532021216,0.3506373,0.42014125,0.22922145
3532126063,0.10921753,0.74932,0.1414625
3532214558,0.10980628,0.73243266,0.15776102
3532280540,0.77349544,0.08306215,0.14344248
3532317657,0.20370089,0.199267,0.5970321
3532441098,0.7016925,0.13430953,0.16399795
3532503706,0.2857236,0.39196655,0.32230988
3532597693,0.31656298,0.33759612,0.34584093
3532669895,0.3727884,0.3451951,0.28201658
3532841250,0.45023468,0.30874068,0.24102464
3533049436,0.34710917,0.3872965,0.2655944
3533049961,0.35593832,0.37056735,0.27349433
3533083695,0.28862253,0.33012342,0.38125402
3533280098,0.29370677,0.46896964,0.23732367
3533284460,0.42754948,0.32849726,0.2439532
3533321894,0.15023671,0.37818268,0.47158062
3533333027,0.37216187,0.22212672,0.40571147
3533430383,0.36338672,0.34357694,0.29303634
3533490930,0.34911326,0.32342803,0.32745874
3533500554,0.23259896,0.48200053,0.2854005
3533507129,0.45725518,0.26471493,0.27802995
3533628107,0.4372028,0.3134153,0.24938181
3533642313,0.32809848,0.31980887,0.35209265
3533862797,0.32254443,0.34402788,0.33342773
3533910864,0.24144734,0.4019809,0.3565717
3534180451,0.33957073,0.39130023,0.26912904
3534292641,0.33777282,0.28890786,0.37331942
3534338044,0.1892352,0.18966232,0.6211025
3534685958,0.53425604,0.2170035,0.24874048
3534749087,0.2873216,0.40050662,0.31217176
3534805738,0.20797431,0.42708626,0.36493948
3534829221,0.1865846,0.60493636,0.20847897
3534989234,0.3555439,0.32570055,0.31875545
3535031313,0.27368516,0.44350585,0.28280902
3535033382,0.15033336,0.6776563,0.17201033
3535041409,0.29488415,0.4045795,0.30053633
3535051383,0.41956952,0.29318085,0.28724962
3535103372,0.227872,0.52314895,0.24897905
3535175277,0.26981938,0.34489954,0.38528106
3535195189,0.09158258,0.7884681,0.11994925
3535308265,0.24985445,0.43581784,0.31432772
3535311375,0.31760362,0.35168114,0.3307152
3535316676,0.34934658,0.37112394,0.27952948
3535323991,0.44956675,0.2899544,0.26047885
3535448304,0.21008572,0.19715638,0.59275794
3535452356,0.34098312,0.37871495,0.2803019
3535496583,0.26204163,0.3515979,0.3863605
3535617794,0.13869192,0.6960172,0.1652909
3535815061,0.3706384,0.36216974,0.26719183
3535821939,0.09023028,0.07591805,0.8338517
3535822471,0.08838452,0.09064783,0.8209677
3535879754,0.72649336,0.115037784,0.1584689
3535895975,0.32932913,0.3680755,0.30259535
3535916823,0.23896526,0.23143719,0.5295975
3536006301,0.21992923,0.508037,0.2720338
3536046867,0.340632,0.27352953,0.38583845
3536048751,0.19484872,0.18066567,0.6244856
3536059314,0.35914785,0.37653342,0.26431873
3536183336,0.26027074,0.40064305,0.33908626
3536223176,0.17852873,0.21647026,0.60500103
3536230308,0.15972427,0.16579252,0.67448324
3536521872,0.39922047,0.31414682,0.28663275
3536589467,0.48006007,0.24672355,0.2732164
3536645952,0.22806922,0.21803732,0.5538935
3536649904,0.19608258,0.5851568,0.21876067
3536690857,0.32967252,0.35676846,0.3135591
3536836324,0.40099123,0.27175215,0.32725665
3536840100,0.2797559,0.44869703,0.27154708
3537028781,0.28279585,0.41448158,0.3027225
3537208323,0.274738,0.44259456,0.28266737
3537442135,0.28992665,0.45286483,0.2572086
3537552908,0.3387294,0.32754257,0.333728
3537609032,0.40036383,0.31105557,0.28858063
3537684316,0.18556996,0.630554,0.18387608
3537739833,0.10737785,0.09779395,0.7948283
3537813346,0.34844604,0.39176974,0.25978425
3537830017,0.49143794,0.26962608,0.23893589
3537846651,0.35910058,0.3523196,0.28857985
3537905917,0.32369393,0.31585357,0.36045244
3538014295,0.52142066,0.24132591,0.23725337
3538055920,0.26859346,0.16162431,0.5697822
3538107546,0.4411335,0.2792663,0.27960023
3538164249,0.44397274,0.31737217,0.23865512
3538185303,0.14182071,0.12897943,0.72919977
3538219206,0.37900922,0.3421045,0.27888632
3538441044,0.2807389,0.36895895,0.35030213
3538582506,0.3143815,0.39653218,0.28908634
3538626431,0.20432034,0.5942173,0.20146239
3538632441,0.26894847,0.4362541,0.29479745
3538715985,0.37912604,0.30397874,0.31689525
3538940519,0.33446476,0.32648933,0.339046
3539038731,0.68538105,0.14217468,0.17244433
3539050319,0.36318088,0.3458524,0.29096672
3539101010,0.42459285,0.2713391,0.30406803
3539365542,0.12168365,0.7478571,0.13045934
3539387498,0.336319,0.22516488,0.43851617
3539463441,0.25080982,0.27015695,0.47903326
3539476638,0.24404572,0.37806612,0.37788826
3539479174,0.47756502,0.25107324,0.27136168
3539567602,0.17251658,0.2921756,0.5353078
3539581956,0.7538535,0.121539935,0.124606624
3539686941,0.26543975,0.36807793,0.3664823
3539832942,0.31221816,0.38453254,0.30324924
3539857135,0.2653785,0.23950157,0.49511993
3539982716,0.39989534,0.3433468,0.2567578
3540119903,0.15717013,0.6391346,0.20369531
3540199820,0.32798266,0.34003696,0.3319804
3540312929,0.3213171,0.31921664,0.3594663
3540609456,0.24656855,0.49858862,0.25484282
3540614605,0.31249955,0.32698622,0.36051422
3540659873,0.13155463,0.7282936,0.14015178
3540787583,0.43636593,0.22255206,0.34108207
3540828627,0.4628523,0.26512694,0.27202082
3540864998,0.6435076,0.12967253,0.22681986
3540897218,0.33780047,0.3902245,0.2719751
3540950520,0.41252956,0.33364597,0.25382447
3540970619,0.6179069,0.16979674,0.21229632
3541015460,0.3494703,0.36183983,0.2886899
3541022349,0.57327396,0.20411426,0.22261176
3541161646,0.8067589,0.075974524,0.11726662
3541170149,0.39269462,0.35416555,0.25313982
3541246571,0.15826799,0.1898425,0.6518895
3541274100,0.22930726,0.26035592,0.5103368
3541296111,0.22081386,0.49795237,0.28123385
3541325717,0.22879924,0.20642875,0.564772
3541395657,0.31581458,0.41112864,0.27305678
3541460840,0.2782156,0.2639358,0.4578486
3541674411,0.15814795,0.15465632,0.6871957
3541714020,0.40471375,0.30096516,0.29432106
3541744963,0.4059937,0.25477353,0.33923268
3541754281,0.17807758,0.35821438,0.46370813
3541785418,0.26690805,0.3597625,0.3733294
3541909120,0.34492317,0.28777096,0.3673059
3542027669,0.23630744,0.35472605,0.40896654
3542033755,0.21308267,0.54056036,0.24635693
3542067151,0.4379356,0.24825267,0.31381175
3542155583,0.45705238,0.30702254,0.23592502
3542163502,0.3723397,0.32797304,0.2996872
3542233866,0.28932092,0.45591223,0.25476694
3542264242,0.29698408,0.3179058,0.38511008
3542306823,0.45415494,0.3013392,0.24450584
3542385981,0.24377461,0.4236882,0.33253714
3542446656,0.36105448,0.26506826,0.3738772
3542612284,0.40506944,0.2785,0.31643054
3542680583,0.334887,0.44198078,0.2231322
3542793185,0.3655786,0.35654202,0.27787936
3542824000,0.53411806,0.24314584,0.22273605
3543001214,0.3301618,0.42125207,0.24858622
3543049949,0.3765372,0.33616012,0.2873026
3543138202,0.5819711,0.20011732,0.21791159
3543175489,0.42343062,0.30493584,0.27163354
3543249753,0.25400934,0.21885477,0.5271358
3543282784,0.17853259,0.16715296,0.6543145
3543653746,0.2295582,0.51798785,0.25245395
3543788562,0.438413,0.24565496,0.31593207
3543806878,0.45582032,0.2936305,0.25054917
3544030483,0.23920755,0.27623314,0.48455936
3544068210,0.47507304,0.24584652,0.27908036
3544110209,0.3870191,0.32766062,0.28532025
3544334307,0.28527114,0.31042624,0.4043026
3544335429,0.25563553,0.28817898,0.45618543
3544337529,0.17360249,0.17533854,0.6510589
3544532619,0.29239297,0.29761067,0.40999633
3544567353,0.33634952,0.37284273,0.29080775
3544593490,0.4205671,0.30980718,0.2696257
3544620499,0.33977923,0.29510975,0.36511108
3544668416,0.5996421,0.20226116,0.19809671
3544684345,0.23226409,0.4851117,0.28262419
3544841510,0.25051793,0.43568465,0.31379744
3544916072,0.5017281,0.2405396,0.2577322
3545001180,0.3119699,0.33654007,0.35149005
3545050685,0.24309075,0.41394603,0.34296328
3545298842,0.09464237,0.09988875,0.80546886
3545374361,0.43036175,0.25152197,0.31811628
3545398119,0.3785264,0.33641183,0.28506175
3545551227,0.35682017,0.39087415,0.25230563
3545555202,0.4385906,0.29515547,0.26625395
3545691651,0.23935752,0.515287,0.24535546
3545722668,0.13167842,0.7320524,0.1362692
3545807576,0.3217355,0.39837882,0.27988568
3545828003,0.35263494,0.24372478,0.4036403
3545840669,0.46132073,0.27235362,0.26632562
3545935378,0.346866,0.35505068,0.29808328
3545962279,0.2962285,0.44007972,0.26369187
3546028574,0.4629857,0.23608051,0.3009338
3546071068,0.13964057,0.7074818,0.15287764
3546299109,0.0689812,0.8362597,0.094759084
3546385566,0.25058556,0.52947015,0.21994437
3546430984,0.23925905,0.4372149,0.32352608
3546438300,0.5147075,0.2628104,0.22248209
3546448098,0.21585234,0.3427966,0.4413511
3546484413,0.23369975,0.47838274,0.28791755
3546601688,0.3624249,0.3588432,0.27873185
3546637174,0.1973409,0.20234089,0.60031813
3546756859,0.1773867,0.24889544,0.57371783
3546782034,0.2256345,0.26547506,0.5088905
3546824610,0.5148105,0.24623719,0.23895223
3546863024,0.5225773,0.25127357,0.22614911
3546896065,0.21703652,0.19408731,0.5888761
3546902123,0.7615277,0.09877143,0.13970084
3547066642,0.3036691,0.40345308,0.29287773
3547127693,0.21462584,0.51610965,0.26926446
3547141716,0.38956735,0.29690522,0.31352746
3547146668,0.53773326,0.2303171,0.2319496
3547433505,0.47208455,0.28735682,0.24055861
3547470330,0.49568722,0.25865865,0.24565408
3547472362,0.24762379,0.44115824,0.31121796
3547658051,0.39461604,0.28913668,0.31624728
3547747397,0.30941838,0.3984368,0.29214483
3547749155,0.18638189,0.21278019,0.600838
3547929942,0.43313858,0.2841226,0.2827388
3548037239,0.13806643,0.66248685,0.1994467
3548082008,0.48196197,0.2718638,0.24617422
3548136364,0.5669525,0.2046218,0.22842565
3548295169,0.11458875,0.11763818,0.7677731
3548341323,0.09529552,0.077687345,0.8270172
3548404990,0.2942814,0.420586,0.2851326
3548417835,0.41218615,0.33295262,0.2548613
3548499885,0.22436757,0.33445784,0.44117457
3548505465,0.23856965,0.5146687,0.24676163
3548646576,0.23677498,0.19648023,0.56674474
3548769648,0.33464307,0.2842165,0.38114038
3548977379,0.1835943,0.15655446,0.6598512
3549164323,0.5745127,0.22266515,0.20282216
3549207092,0.15847148,0.6594359,0.1820926
3549416169,0.34713292,0.34113947,0.3117276
3549694181,0.13520254,0.6942636,0.17053379
3549744784,0.27844226,0.35221565,0.36934212
3549757728,0.13024884,0.7131203,0.15663089
3549808614,0.44234526,0.2621741,0.29548067
3549834831,0.21301292,0.5472133,0.23977382
3549863257,0.2531938,0.20800562,0.5388006
3549925915,0.4382804,0.26376945,0.29795012
3550058200,0.28995365,0.29090494,0.4191414
3550237525,0.26887926,0.34561467,0.38550606
3550250818,0.37108412,0.32970977,0.2992061
3550309125,0.06628622,0.8560798,0.07763396
3550521567,0.06451389,0.059299156,0.8761869
3550596063,0.2916147,0.39779028,0.31059495
3550808545,0.38525242,0.30862844,0.30611908
3550909059,0.3659052,0.3304041,0.30369064
3550933821,0.31946197,0.34449914,0.33603886
3550934056,0.27007946,0.22374211,0.5061784
3551013138,0.35931906,0.32759225,0.31308872
3551023037,0.2298162,0.18819751,0.58198637
3551023753,0.524706,0.2514726,0.2238214
3551044207,0.3903558,0.31868243,0.29096177
3551058175,0.36891404,0.26178977,0.36929616
3551180832,0.3892717,0.3441898,0.2665385
3551245574,0.52053463,0.23949033,0.23997508
3551343313,0.3440241,0.39575613,0.2602198
3551344190,0.17621516,0.5715665,0.25221834
3551477478,0.34175107,0.314166,0.34408292
3551505051,0.16535205,0.17109495,0.663553
3551545990,0.723651,0.10092069,0.17542833
3551628745,0.30622265,0.21106015,0.48271725
3551648058,0.31245762,0.34198067,0.34556174
3551666029,0.3024697,0.26488477,0.43264556
3551788766,0.33422625,0.30793652,0.35783726
3551901422,0.31999046,0.37921157,0.300798
3552006258,0.33126953,0.42826942,0.24046105
3552109324,0.4215831,0.21112892,0.36728805
3552157310,0.37681037,0.3214666,0.30172306
3552195410,0.47727308,0.2634371,0.25928977
3552202212,0.40287384,0.2800195,0.31710663
3552336859,0.37269372,0.28045234,0.34685394
3552423017,0.39050892,0.34227246,0.2672186
3552493402,0.17075346,0.61787343,0.21137305
3552520616,0.49237925,0.26743403,0.2401868
3552622124,0.13472784,0.65979993,0.20547217
3552664032,0.20579134,0.20094909,0.5932595
3552901941,0.43096885,0.21212386,0.35690725
3552907282,0.36172,0.34273225,0.29554772
3553093345,0.4174233,0.38074943,0.20182723
3553135540,0.5594726,0.23767425,0.2028531
3553273171,0.5144064,0.26199144,0.2236022
3553507701,0.30948147,0.3799472,0.31057125
3553571464,0.368144,0.35645345,0.27540258
3553648616,0.3540611,0.39291674,0.25302222
3553699109,0.56688607,0.22407909,0.2090348
3553784689,0.36587888,0.34771612,0.28640506
3553922778,0.33536857,0.35087046,0.313761
3554004309,0.11416675,0.7549749,0.13085827
3554016929,0.16301294,0.6382039,0.1987831
3554017755,0.49560586,0.24913128,0.25526282
3554151155,0.46766964,0.26131392,0.27101648
3554229801,0.087870166,0.79771084,0.11441905
3554291004,0.16800365,0.60669726,0.22529913
3554330500,0.49232775,0.19305216,0.31462002
3554377147,0.67390466,0.14042224,0.18567312
3554433055,0.41380808,0.27221975,0.31397212
3554503683,0.3948869,0.29804334,0.30706972
3554528113,0.1614499,0.6531577,0.1853924
3554601754,0.26783296,0.3749034,0.35726365
3554634508,0.29454494,0.28747827,0.41797686
3554780368,0.38023004,0.30631188,0.31345809
3554788811,0.31219506,0.4031733,0.2846317
3554798061,0.32441452,0.3767381,0.29884738
3554813157,0.350778,0.40562356,0.24359842
3554843249,0.3417066,0.33559823,0.32269517
3554896720,0.48815802,0.27991396,0.231928
3554897905,0.17854029,0.61310273,0.20835698
3555026288,0.3506667,0.35369802,0.2956353
3555132465,0.52306443,0.2559001,0.22103547
3555197494,0.45565483,0.2643555,0.2799897
3555339826,0.40413168,0.31084067,0.28502768
3555369077,0.39307135,0.3035052,0.30342346
3555400181,0.59669346,0.20281923,0.20048736
3555452953,0.62475735,0.19256096,0.18268175
3555559879,0.42809984,0.30515003,0.26675004
3555665795,0.22719139,0.46668378,0.30612487
3555818271,0.27248272,0.24316049,0.48435673
3556007013,0.5573006,0.23335001,0.20934936
3556064190,0.16333173,0.1657748,0.67089343
3556095456,0.20761508,0.19755627,0.5948286
3556098934,0.27131787,0.3241242,0.40455788
3556327804,0.53071517,0.2616341,0.20765069
3556354985,0.30952132,0.41099712,0.27948165
3556554586,0.39448324,0.32675678,0.27876002
3556602351,0.11639998,0.7435431,0.1400569
3556675330,0.4924799,0.27546474,0.2320554
3556754636,0.21425062,0.43272772,0.35302165
3556897985,0.42911497,0.30415174,0.26673335
3556904055,0.29078043,0.28382736,0.42539224
3557140386,0.36345807,0.37099218,0.2655498
3557228238,0.3497466,0.3646136,0.28563982
3557246638,0.42650905,0.33673745,0.23675351
3557293237,0.2406254,0.44812596,0.31124854
3557316347,0.20646417,0.45113772,0.3423982
3557332992,0.14000387,0.71682113,0.14317502
3557347799,0.59653246,0.11188095,0.29158652
3557582494,0.25194675,0.4390987,0.30895463
3557592443,0.25044394,0.4011828,0.34837332
3557653154,0.2978802,0.37321123,0.3289085
3557836259,0.31673482,0.2371575,0.4461077
3557957609,0.22333583,0.5364341,0.24023008
3557982928,0.33782053,0.29368937,0.36849007
3557991702,0.3057112,0.3489225,0.34536633
3558009088,0.16060907,0.647182,0.1922089
3558098864,0.22371009,0.60154355,0.17474642
3558109646,0.28524143,0.3778924,0.33686617
3558157216,0.43643805,0.32279414,0.24076788
3558176917,0.33918786,0.35646486,0.30434725
3558215349,0.39950296,0.32579,0.27470705
3558269194,0.19626303,0.63250047,0.17123649
3558335310,0.28492528,0.4522467,0.262828
3558393920,0.5655449,0.20099586,0.23345931
3558459013,0.24792121,0.265542,0.48653683
3558476042,0.32088488,0.30538157,0.37373355
3558505594,0.4813425,0.27489182,0.24376567
3558652925,0.77109534,0.09136402,0.13754068
3558760613,0.33038425,0.40287122,0.26674452
3558874901,0.28362334,0.42385373,0.2925229
3558909131,0.3825174,0.31259498,0.3048876
3559046464,0.41278964,0.2890562,0.29815412
3559149851,0.5554364,0.21543418,0.22912945
3559260779,0.2936289,0.30208224,0.40428886
3559343191,0.6157584,0.17467731,0.20956431
3559349080,0.557068,0.21684347,0.22608857
3559369723,0.29100314,0.38679647,0.3222005
3559391301,0.13659619,0.14160432,0.7217995
3559404974,0.19880427,0.51661676,0.28457898
3559423938,0.22421402,0.5196132,0.2561727
3559485576,0.5312858,0.23621221,0.23250206
3559580481,0.2711915,0.403317,0.3254915
3559597902,0.23851414,0.26503527,0.49645054
3559660252,0.33496308,0.35283226,0.3122047
3559686054,0.3438222,0.3648498,0.29132795
3559783028,0.21080899,0.54128975,0.2479012
3559804751,0.29999563,0.39276248,0.30724183
3559908200,0.13292728,0.7291292,0.13794352
3560027625,0.1549932,0.6562104,0.18879633
3560202562,0.45439354,0.31084824,0.23475826
3560315109,0.33717245,0.37647566,0.28635186
3560423527,0.32562703,0.2771465,0.39722642
3560603336,0.2708037,0.32275558,0.40644076
3560663526,0.28944555,0.39995667,0.31059778
3560750590,0.12682441,0.70318854,0.1699871
3560859948,0.42215434,0.32567698,0.25216866
3560886581,0.17654504,0.6412263,0.18222867
3560976510,0.058386765,0.05767369,0.8839395
3561097628,0.48569527,0.25854823,0.25575653
3561178324,0.40187067,0.32691073,0.2712186
3561249031,0.63141894,0.19077541,0.17780557
3561294338,0.56295437,0.24728471,0.1897609
3561314272,0.28178617,0.27985603,0.4383578
3561332967,0.10762366,0.10272914,0.78964716
3561338756,0.3278253,0.3337407,0.33843404
3561431227,0.32624575,0.34497988,0.32877433
3561506337,0.12314048,0.73053265,0.14632685
3561546594,0.2554506,0.29514715,0.44940224
3561571043,0.28106225,0.27032524,0.4486125
3561571239,0.205602,0.32165694,0.47274107
3561645159,0.14323641,0.709426,0.14733768
3561659200,0.28084114,0.26637462,0.4527842
3561737544,0.49422112,0.287106,0.21867286
3561863418,0.36892378,0.36762837,0.26344785
3561984673,0.2607248,0.2698755,0.4693997
3562045018,0.39113986,0.35337344,0.2554866
3562124483,0.24244286,0.3278147,0.42974252
3562146282,0.17660882,0.19300069,0.63039047
3562238833,0.44285017,0.27363458,0.2835152
3562277674,0.37907952,0.33647278,0.28444773
3562475939,0.5130176,0.2462193,0.24076305
3562551101,0.35093287,0.3570923,0.2919748
3562602040,0.24785969,0.5006189,0.2515215
3562644414,0.4471567,0.22857334,0.32426992
3562831745,0.29835725,0.36020607,0.34143668
3563010316,0.3760583,0.37231168,0.25162998
3563020197,0.28110063,0.2485534,0.470346
3563157231,0.26771772,0.36352384,0.3687585
3563201707,0.11160661,0.10651873,0.78187466
3563304357,0.29134914,0.3507185,0.3579323
3563497346,0.534592,0.24409038,0.2213176
3563548248,0.15496123,0.14316654,0.7018722
3563568355,0.3468787,0.28995374,0.36316758
3563580556,0.35266843,0.35924104,0.28809053
3563641451,0.8163625,0.06796209,0.115675405
3563700299,0.2918296,0.41250533,0.2956651
3563711262,0.4209247,0.29697782,0.28209755
3563726717,0.309796,0.32279855,0.3674054
3563728459,0.3441175,0.34739783,0.30848467
3563755600,0.37290883,0.31944293,0.3076482
3563907047,0.39954317,0.25470844,0.34574834
3564114850,0.29400402,0.31412536,0.39187065
3564176523,0.2795346,0.39571983,0.32474563
3564310960,0.78722304,0.089088604,0.12368825
3564406950,0.54540384,0.2104335,0.24416266
3564420926,0.22993727,0.15169765,0.61836517
3564520775,0.41771144,0.31521085,0.26707774
3564540482,0.4121318,0.33033854,0.2575296
3564633372,0.26485574,0.4499641,0.28518015
3564667467,0.16203925,0.6433248,0.19463599
3564695703,0.15015113,0.6399365,0.20991232
3564723397,0.51966935,0.23261864,0.24771205
3564876632,0.48510385,0.25180852,0.2630877
3564928854,0.23433633,0.5227785,0.24288517
3565011379,0.41880977,0.27851805,0.3026722
3565172687,0.3756017,0.3808946,0.24350376
3565179748,0.39711985,0.2648536,0.33802655
3565181602,0.1755815,0.17208771,0.65233076
3565252363,0.2363976,0.5118907,0.25171173
3565286605,0.28645885,0.4032251,0.31031606
3565303537,0.36156914,0.3485543,0.28987646
3565314061,0.43357733,0.20195436,0.36446825
3565317149,0.22221783,0.20466381,0.5731184
3565433979,0.27519292,0.22362165,0.5011854
3565632025,0.4361523,0.3041377,0.25970992
3565751739,0.2786375,0.23216507,0.4891975
3566100388,0.374229,0.30721167,0.31855938
3566136276,0.28795627,0.46526238,0.24678136
3566154899,0.4372071,0.2786758,0.2841171
3566353875,0.20294613,0.57933193,0.217722
3566362785,0.25847936,0.29031205,0.45120862
3566436476,0.454626,0.26800722,0.27736673
3566450419,0.18879823,0.14745975,0.66374195
3566530159,0.298787,0.30580956,0.39540344
3566563957,0.22068405,0.5381096,0.24120635
3566617510,0.14134897,0.15603799,0.70261306
3566636449,0.32233405,0.35390645,0.32375953
3566675152,0.41343427,0.33670273,0.249863
3566744071,0.37895042,0.31427178,0.3067778
3566744332,0.3371545,0.34745032,0.31539518
3566839729,0.29159647,0.2731713,0.4352322
3566889670,0.13076358,0.68924373,0.17999266
3566938961,0.051689528,0.8717839,0.07652655
3566985137,0.2043498,0.5344983,0.26115194
3567154018,0.71351296,0.12170382,0.1647832
3567166086,0.273904,0.29234973,0.43374634
3567210401,0.3730049,0.37379298,0.25320217
3567349749,0.34337735,0.3460225,0.31060016
3567401431,0.32241413,0.37113377,0.30645213
3567500711,0.14513844,0.5215201,0.3333415
3567589758,0.49425334,0.22575079,0.27999592
3567611641,0.26727787,0.36940128,0.36332086
3567861835,0.167649,0.58374333,0.24860764
3567864834,0.092330426,0.09255034,0.8151192
3567890942,0.32917964,0.40034926,0.2704711
3567994939,0.29034835,0.32949963,0.38015208
3568005617,0.31715646,0.28926045,0.3935831
3568009981,0.17249288,0.6570702,0.17043693
3568038818,0.42087573,0.28712103,0.2920033
3568039267,0.28631976,0.34668228,0.36699793
3568306348,0.24067725,0.28562966,0.47369307
3568401638,0.5398889,0.25241658,0.20769449
3568405136,0.41922525,0.2954802,0.28529462
3568471936,0.3078961,0.3248958,0.3672081
3568512295,0.23568237,0.23196174,0.53235584
3568567536,0.6147737,0.11593343,0.26929286
3568665288,0.2213098,0.5425807,0.23610951
3568672017,0.31686923,0.36587742,0.31725335
3568682616,0.35385025,0.3544086,0.2917412
3568815290,0.33728784,0.3825379,0.2801742
3568827568,0.19742408,0.5534516,0.24912432
3568874887,0.6873183,0.12887663,0.18380508
3569017602,0.31114525,0.34140587,0.3474489
3569307669,0.3805001,0.3270991,0.29240075
3569547699,0.26348373,0.34371713,0.39279917
3569771913,0.28857976,0.29128397,0.42013624
3569808468,0.49982214,0.25352028,0.2466576
3569811242,0.33142602,0.3477562,0.32081777
3569831397,0.26615223,0.4177647,0.3160831
3569837680,0.3483698,0.35190582,0.29972434
3569929789,0.30401203,0.3456917,0.35029623
3569953588,0.5645141,0.23364288,0.2018431
3570026604,0.27742392,0.36867708,0.35389897
3570064875,0.5418509,0.24125367,0.21689545
3570155398,0.31574124,0.4086401,0.27561858
3570219016,0.15690583,0.6316035,0.2114907
3570231138,0.4513794,0.29501292,0.25360763
3570437489,0.24189049,0.41713166,0.34097782
3570473906,0.2016083,0.38844317,0.4099486
3570506089,0.6876342,0.14221345,0.1701524
3570550294,0.5166692,0.23729923,0.2460315
3570570336,0.35801685,0.28854364,0.35343954
3570630814,0.536393,0.27815464,0.18545242
3570663475,0.64206964,0.16573283,0.19219752
3570689987,0.3472707,0.42563307,0.22709629
3570786623,0.14292443,0.6539561,0.20311937
3570801941,0.58066255,0.21862747,0.20070998
3570936035,0.4892476,0.21757153,0.29318082
3570944236,0.46725747,0.28197137,0.25077122
3571116587,0.09835668,0.7765776,0.12506579
3571142040,0.2858687,0.41195756,0.3021737
3571179882,0.31880066,0.2570979,0.42410144
3571217611,0.30103663,0.45002905,0.24893427
3571463596,0.3034224,0.3667526,0.32982498
3571469205,0.41676795,0.27669182,0.30654022
3571521031,0.36622682,0.38094607,0.2528271
3571610628,0.29878968,0.3576879,0.3435224
3571676119,0.6039977,0.19704777,0.1989545
3571725543,0.69407,0.1407325,0.1651975
3571755963,0.332627,0.26581505,0.4015579
3571763831,0.25513947,0.36031744,0.38454315
3571768479,0.5458175,0.23683661,0.21734592
3571937255,0.15506186,0.6180364,0.22690178
3571949751,0.3170908,0.38172838,0.30118078
3571984753,0.37764755,0.32890064,0.29345182
3572027625,0.342683,0.32892844,0.3283886
3572100635,0.19036165,0.3109212,0.49871722
3572191442,0.25340143,0.275555,0.4710436
3572226405,0.33041805,0.3614204,0.3081615
3572242487,0.33927223,0.28821155,0.37251616
3572318632,0.25051984,0.24267551,0.50680465
3572349551,0.2067817,0.5852104,0.20800789
3572446349,0.35795486,0.33967566,0.30236948
3572449810,0.35633695,0.32929847,0.31436452
3572451762,0.544579,0.25217125,0.20324977
3572545507,0.1599363,0.6596592,0.18040447
3572785514,0.23349349,0.41946572,0.3470407
3572896042,0.12182951,0.12106419,0.75710636
3572990107,0.2555688,0.4015764,0.34285483
3572993153,0.2807135,0.44894162,0.27034488
3573328748,0.41242775,0.29084796,0.29672426
3573445457,0.5507321,0.15605474,0.29321325
3573516689,0.25175726,0.25655088,0.49169183
3573546340,0.47425467,0.25710052,0.26864478
3573559312,0.4131421,0.3427107,0.24414718
3573628775,0.34021443,0.37451524,0.2852703
3573659378,0.55057883,0.17332773,0.27609345
3573714952,0.49699914,0.27843964,0.22456121
3573805226,0.24963169,0.5149761,0.23539229
3573902009,0.37190917,0.35549793,0.27259284
3574108334,0.18535353,0.5660088,0.2486377
3574286692,0.30401137,0.37708518,0.31890348
3574302018,0.34265953,0.28081706,0.37652344
3574420507,0.17484428,0.17106959,0.6540862
3574661821,0.6357021,0.16599798,0.19829996
3574703778,0.20574461,0.5906752,0.2035802
3574713751,0.2244872,0.4960954,0.2794174
3574731913,0.39530957,0.33386213,0.27082828
3575022517,0.2353736,0.47947943,0.28514695
3575039219,0.47301346,0.2751617,0.2518249
3575043693,0.4539946,0.29742026,0.24858513
3575135703,0.4484491,0.26611292,0.285438
3575299396,0.40677696,0.31583259,0.27739045
3575490257,0.21369459,0.17745827,0.60884714
3575496664,0.37039742,0.32539827,0.30420434
3575511295,0.5484001,0.23050652,0.22109328
3575530187,0.5147335,0.25498888,0.23027757
3575579978,0.3203581,0.35118055,0.3284614
3575812488,0.36177355,0.32152927,0.31669718
3575995109,0.46676594,0.26282084,0.27041328
3576030744,0.3330128,0.3992076,0.26777965
3576074313,0.46726644,0.24411555,0.2886181
3576085105,0.18976709,0.48106205,0.32917088
3576153193,0.27282694,0.27083904,0.456334
3576170859,0.3248971,0.38755944,0.28754348
3576231689,0.5657022,0.20042242,0.23387533
3576265130,0.32898158,0.32042268,0.35059577
3576315095,0.29525763,0.36078352,0.34395885
3576327348,0.33768237,0.28558856,0.3767291
3576327563,0.21594802,0.5059897,0.27806234
3576381177,0.2748204,0.35913852,0.36604118
3576392436,0.1870174,0.6073854,0.20559715
3576500534,0.58616954,0.20077145,0.21305896
3576528346,0.38693225,0.28769702,0.32537064
3576544880,0.41731566,0.3312444,0.25144
3576606524,0.24411343,0.39879435,0.35709223
3576660886,0.6860077,0.14040165,0.1735907
3576697876,0.4460847,0.30373645,0.2501788
3576755066,0.46589613,0.29777062,0.23633331
3576795865,0.2764362,0.3458451,0.37771866
3576894648,0.24785812,0.36075208,0.3913898
3577191458,0.30648088,0.36285448,0.33066452
3577476750,0.09892349,0.087862186,0.8132143
3577570956,0.2267901,0.20526136,0.56794846
3577648062,0.31267637,0.27265465,0.41466892
3577691141,0.24973352,0.46227175,0.28799468
3577696110,0.5001615,0.20202176,0.29781672
3577757097,0.18114781,0.11256232,0.7062898
3577843459,0.32720777,0.3227676,0.35002458
3578278075,0.43587902,0.31511304,0.24900788
3578394980,0.4936971,0.28408983,0.22221309
3578415196,0.40291154,0.31075713,0.28633127
3578552320,0.4655726,0.30834237,0.22608499
3578553435,0.4392267,0.31655303,0.24422024
3578593489,0.358647,0.3137544,0.32759854
3578637616,0.18172154,0.6211358,0.19714272
3578676930,0.31207597,0.3965299,0.29139403
3578798844,0.14519423,0.668212,0.18659371
3578893481,0.16777255,0.6562819,0.17594562
3578901439,0.20912892,0.2096375,0.58123356
3579152296,0.36175436,0.28355938,0.3546863
3579155152,0.16465943,0.16372351,0.67161703
3579221622,0.39169064,0.296095,0.3122144
3579333614,0.3206317,0.28456804,0.3948003
3579338407,0.2722125,0.23884131,0.48894623
3579360377,0.48163325,0.2823042,0.23606256
3579445515,0.33712554,0.34597003,0.31690443
3579566556,0.2504873,0.45406282,0.29544988
3579577868,0.26187676,0.3678342,0.37028906
3579579968,0.3783331,0.36340362,0.25826323
3579628989,0.2701014,0.24003288,0.48986575
3579650305,0.37410212,0.26255313,0.36334476
3579662898,0.27945942,0.33809945,0.38244116
3579701577,0.2599817,0.40931165,0.33070663
3579903034,0.29600924,0.3673102,0.33668053
3579915421,0.5238326,0.23046136,0.24570605
3579962041,0.3213925,0.36977935,0.30882812
3580042167,0.112946525,0.10154641,0.785507
3580050634,0.5098811,0.22821486,0.2619041
3580159491,0.4282698,0.2635602,0.30817
3580303784,0.596196,0.17577328,0.22803064
3580339106,0.28585523,0.4767675,0.23737718
3580370320,0.51938456,0.26726496,0.21335049
3580396711,0.4171546,0.32556427,0.25728106
3580682735,0.3240647,0.3090163,0.366919
3580714575,0.226374,0.3527307,0.42089528
3580887518,0.24249455,0.38783354,0.36967194
3580917196,0.141462,0.7073542,0.15118386
3580926356,0.3133299,0.27802274,0.40864733
3580944521,0.2865571,0.3695913,0.34385154
3580951004,0.25328922,0.35655293,0.39015782
3580979781,0.3601042,0.39317444,0.24672127
3580983552,0.34408394,0.2617523,0.39416376
3580995549,0.26647174,0.30452862,0.42899966
3581035746,0.29936546,0.38833693,0.31229767
3581177026,0.11025462,0.1024529,0.78729254
3581235501,0.1973405,0.49811423,0.30454528
3581258374,0.26387474,0.46284816,0.2732772
3581507303,0.2852364,0.37333024,0.34143335
3581594347,0.48708993,0.2610063,0.2519038
3581785330,0.28761533,0.3894722,0.32291237
3581811864,0.122009836,0.75327665,0.12471352
3581899190,0.29388595,0.34226164,0.3638524
3581911204,0.2380768,0.48087645,0.28104675
3581938118,0.14325304,0.42601725,0.43072975
3581977137,0.6158829,0.152457,0.23166019
3582059716,0.6784781,0.13721544,0.18430647
3582188977,0.2615567,0.3037997,0.43464363
3582240183,0.23133843,0.42200547,0.3466562
3582266096,0.19014324,0.17118526,0.6386716
3582293437,0.37415224,0.35100687,0.2748409
3582373289,0.37628925,0.3364908,0.28721997
3582416036,0.35375103,0.3772715,0.26897734
3582439719,0.4312227,0.30191916,0.26685816
3582464636,0.27540705,0.28909338,0.43549955
3582472853,0.53405654,0.2614613,0.20448208
3582498486,0.42796478,0.25426263,0.31777254
3582506900,0.31875882,0.3661704,0.3150708
3582766601,0.40075704,0.27669543,0.3225475
3582895174,0.23537843,0.4148106,0.34981093
3582973489,0.17369166,0.56055063,0.2657577
3583047218,0.36861226,0.30796328,0.32342452
3583108057,0.31870672,0.4091542,0.27213907
3583122858,0.29236147,0.3886079,0.31903073
3583156948,0.39698744,0.33652773,0.26648486
3583304058,0.3179019,0.40213072,0.2799674
3583511107,0.3418275,0.3553157,0.30285683
3583548852,0.53792906,0.21907853,0.2429924
3583570866,0.29352364,0.39048854,0.31598783
3583768271,0.15600559,0.6282855,0.21570891
3583875203,0.366565,0.32981884,0.3036162
3583879258,0.3105343,0.3814193,0.30804643
3583886974,0.17955805,0.6232221,0.1972199
3583927480,0.34968936,0.37211275,0.27819785
3583990853,0.5276292,0.21641323,0.2559576
3583999779,0.37207156,0.37352905,0.25439936
3584004353,0.35054848,0.34263775,0.30681378
3584008935,0.27057704,0.391077,0.33834597
3584576347,0.23293254,0.48618168,0.28088567
3584609073,0.33693796,0.3997009,0.26336116
3584649674,0.27755147,0.19231741,0.5301311
3584702927,0.21040124,0.56386054,0.22573821
3584890120,0.16677436,0.45089173,0.38233384
3585151291,0.17740378,0.63671434,0.1858819
3585179643,0.20366678,0.42346543,0.37286776
3585419991,0.25688043,0.44533113,0.29778838
3585567215,0.60768795,0.1923942,0.19991787
3585586410,0.2830159,0.38129124,0.33569282
3585604082,0.4804259,0.25787425,0.26169983
3585651919,0.5509104,0.22016636,0.2289232
3585657908,0.30516866,0.392282,0.30254933
3585693897,0.22362027,0.21211262,0.56426704
3585894009,0.46551374,0.30375907,0.23072715
3585979491,0.25512952,0.3834909,0.36137956
3585995655,0.52313817,0.2453677,0.23149419
3586016393,0.59252036,0.16790855,0.23957106
3586143770,0.28957585,0.41909888,0.29132527
3586209337,0.40164223,0.26052985,0.3378279
3586238344,0.29527837,0.22842376,0.47629783
3586406432,0.28450722,0.3711232,0.34436965
3586645565,0.5528039,0.19254304,0.25465313
3586837162,0.2807003,0.25973272,0.45956695
3586941925,0.48161188,0.24368213,0.27470592
3587048473,0.5739787,0.22515024,0.200871
3587074482,0.23380725,0.5570696,0.20912318
3587100965,0.23728862,0.16373602,0.5989754
3587126359,0.61913365,0.19633555,0.18453075
3587136464,0.44470537,0.24724834,0.3080463
3587182413,0.41444513,0.29309577,0.2924591
3587193038,0.4253959,0.3057213,0.26888275
3587202373,0.28612396,0.39812353,0.31575242
3587217116,0.75306123,0.11519816,0.1317406
3587381540,0.37529022,0.23327212,0.3914376
3587523121,0.1828921,0.21225627,0.60485166
3587533893,0.26019344,0.46276608,0.27704048
3587540193,0.3000163,0.37342185,0.32656193
3587575513,0.52348256,0.24471346,0.23180401
3587671112,0.44219217,0.2686761,0.28913185
3587685059,0.45956993,0.13709414,0.40333593
3587687760,0.27983704,0.26030344,0.4598595
3587789688,0.283686,0.3604496,0.35586444
3587830837,0.18753375,0.19698562,0.6154806
3587947904,0.5295212,0.23140301,0.23907574
3588246295,0.3647249,0.34453663,0.29073846
3588396411,0.38122404,0.1921016,0.4266744
3588597089,0.3226553,0.39302376,0.28432092
3588652450,0.23589945,0.23232953,0.53177106
3588772424,0.43346432,0.3044121,0.2621235
3588851089,0.3801663,0.28893232,0.33090132
3588886352,0.3360383,0.3079308,0.35603088
3589039142,0.34670138,0.32921028,0.32408834
3589138297,0.32450274,0.28808916,0.3874081
3589145199,0.2948468,0.20285419,0.502299
3589343975,0.6442162,0.16465294,0.19113088
3589410058,0.5048127,0.20932946,0.28585786
3589440147,0.25513953,0.29263753,0.45222294
3589456211,0.20187804,0.4456116,0.3525103
3589679742,0.34316343,0.33012393,0.32671267
3589720584,0.48249477,0.21545793,0.30204722
3589783976,0.23287337,0.30979988,0.45732677
3589837896,0.3168819,0.25939208,0.423726
3589919211,0.35669392,0.3049784,0.33832768
3589975224,0.24918436,0.31216356,0.43865204
3590028618,0.34447002,0.37910447,0.2764255
3590033962,0.2470859,0.321889,0.43102512
3590135597,0.2654777,0.38511792,0.34940445
3590177515,0.26655772,0.43738872,0.29605365
3590327782,0.2488039,0.3136666,0.43752947
3590475961,0.23511395,0.32642454,0.4384615
3590478149,0.23579629,0.18004772,0.58415604
3590583605,0.22642034,0.49555328,0.27802637
3590709601,0.2942175,0.40124708,0.30453548
3590777431,0.26810607,0.25505462,0.47683933
3590887816,0.13160416,0.7065837,0.16181216
3591090855,0.2705299,0.42064843,0.30882168
3591191022,0.32746714,0.38446847,0.28806445
3591233753,0.29185283,0.3566715,0.35147566
3591304107,0.3819215,0.40514874,0.21292979
3591394864,0.13086912,0.1363242,0.7328067
3591502688,0.47286186,0.27805036,0.24908778
3591617543,0.4154796,0.32978055,0.25473988
3591643229,0.28466567,0.33870304,0.37663126
3591771501,0.663987,0.16042276,0.17559028
3591838233,0.15258619,0.70251507,0.14489879
3591861741,0.31879935,0.32365593,0.3575447
3592028644,0.43122235,0.33868328,0.2300943
3592042776,0.64079195,0.1488545,0.21035361
3592060670,0.42712754,0.28491876,0.28795376
3592186978,0.4104929,0.2899458,0.29956126
3592404789,0.45986715,0.278272,0.26186082
3592485435,0.4038214,0.20614523,0.39003336
3592528308,0.35466266,0.36877242,0.27656493
3592578325,0.21704619,0.19610132,0.5868525
3592610606,0.35822022,0.35045293,0.2913268
3592695558,0.12702394,0.71087986,0.16209619
3592760883,0.2707268,0.3932256,0.33604753
3592779218,0.5663139,0.21796077,0.21572527
3592829242,0.45593652,0.29870194,0.24536157
3592831911,0.47564542,0.2931716,0.23118298
3593087389,0.4531365,0.29677865,0.2500848
3593314171,0.3835834,0.36468172,0.25173494
3593319069,0.35202375,0.3114472,0.33652905
3593324350,0.10426984,0.7740739,0.12165627
3593358520,0.27874365,0.31231523,0.4089411
3593585617,0.25434032,0.28776428,0.45789546
3593599878,0.34536004,0.13623182,0.5184082
3593603924,0.3785628,0.31806877,0.30336842
3593704499,0.10126691,0.092159025,0.80657405
3593761982,0.21365777,0.48413622,0.30220598
3593820932,0.33987507,0.33905703,0.3210679
3594041353,0.47337562,0.26037326,0.26625106
3594178576,0.35779232,0.3500677,0.29213998
3594204923,0.21995234,0.17307024,0.60697746
3594227517,0.26762834,0.45055395,0.28181767
3594313438,0.23111127,0.46036777,0.30852094
3594450078,0.3458869,0.3272046,0.32690847
3594466557,0.5261599,0.25299367,0.22084647
3594562154,0.37612948,0.3439491,0.27992135
3594763770,0.2288922,0.3738768,0.397231
3594849932,0.13398547,0.70668876,0.15932576
3594968883,0.1403173,0.67246586,0.18721688
3595035566,0.34421813,0.37034678,0.28543508
3595155982,0.3313857,0.37737858,0.29123577
3595182704,0.779466,0.095225915,0.1253081
3595266604,0.2550064,0.3198535,0.4251401
3595284353,0.64242387,0.15848915,0.19908701
3595342292,0.41062954,0.29881516,0.29055533
3595503866,0.3165209,0.23651108,0.44696802
3595558273,0.4340255,0.29946288,0.26651153
3595630470,0.31815687,0.3609135,0.3209297
3595845136,0.31612805,0.33669052,0.3471814
3596177910,0.2626845,0.3855203,0.35179523
3596206181,0.14143667,0.6912314,0.1673319
3596215560,0.34493783,0.4151054,0.23995674
3596234761,0.2083491,0.5029687,0.2886822
3596445145,0.32967308,0.35378113,0.31654578
3596556211,0.44472155,0.30659503,0.24868348
3596815462,0.4041525,0.2965139,0.2993336
3596855474,0.47441924,0.26613903,0.25944164
3596857246,0.46324965,0.29622546,0.24052484
3596860644,0.15822063,0.18473853,0.65704083
3597104079,0.26671466,0.22877881,0.50450647
3597132074,0.51556236,0.25530425,0.22913337
3597146723,0.17153403,0.1769161,0.6515499
3597151984,0.29369137,0.326943,0.3793656
3597268955,0.6847482,0.13951781,0.17573407
3597370458,0.40982696,0.30950698,0.2806661
3597428673,0.29142907,0.3559036,0.35266733
3597473471,0.25769725,0.48117685,0.26112592
3597579432,0.4027781,0.32863688,0.26858503
3597586445,0.29634142,0.34427217,0.35938638
3597590081,0.28770095,0.4078269,0.30447206
3597590373,0.33591452,0.34081945,0.3232661
3597590750,0.5314155,0.24307616,0.22550836
3597760909,0.26163253,0.30220738,0.43616012
3597862055,0.30932292,0.26260537,0.4280717
3597915091,0.4193009,0.3226744,0.25802472
3597933895,0.30332005,0.44106203,0.25561795
3597996495,0.34824243,0.3428083,0.3089493
3598029284,0.33491868,0.3208874,0.34419394
3598095339,0.6698077,0.153053,0.17713936
3598309829,0.42590764,0.29404148,0.28005084
3598371822,0.27395272,0.43380657,0.29224062
3598399803,0.31340876,0.43064687,0.2559445
3598431465,0.3413795,0.3494607,0.3091599
3598435036,0.4110266,0.3279048,0.26106864
3598450820,0.36468166,0.30562294,0.32969543
3598608451,0.29222494,0.37323722,0.33453792
3598681593,0.24178647,0.5347239,0.22348966
3598699537,0.100742996,0.7729622,0.1262948
3598708691,0.18478958,0.61018246,0.20502798
3598925091,0.35573474,0.37713248,0.26713282
3599057519,0.5043868,0.27234188,0.22327131
3599225590,0.34685034,0.32726976,0.3258799
3599383115,0.2948998,0.404543,0.30055717
3599541244,0.32836145,0.36857033,0.30306822
3599670510,0.44967514,0.27858827,0.27173653
3599722986,0.41070023,0.22076064,0.3685391
3599876947,0.29915968,0.375772,0.32506832
3599952651,0.30432642,0.35693434,0.3387393
3600096178,0.3520723,0.3183306,0.32959703
3600114959,0.29416516,0.24138857,0.46444625
3600309984,0.4505339,0.30592772,0.24353838
3600336384,0.24010861,0.4496924,0.31019896
3600438629,0.75225854,0.09650227,0.15123919
3600465244,0.35094988,0.36174223,0.2873079
3600661511,0.58696663,0.17256221,0.24047123
3600752792,0.574695,0.21009225,0.21521275
3600823155,0.115880415,0.7502442,0.1338754
3600898690,0.22443247,0.54689837,0.22866924
3600907452,0.41220388,0.32156423,0.26623186
3600934075,0.64698106,0.15638706,0.19663191
3600970455,0.48256445,0.26901147,0.24842413
3600984724,0.25191122,0.45355177,0.29453695
3601001680,0.34041852,0.348514,0.31106743
3601052269,0.18744087,0.5453428,0.2672164
3601127041,0.19540551,0.20328899,0.6013055
3601152001,0.42595363,0.3192589,0.25478747
3601216283,0.5066961,0.26634946,0.22695449
3601363995,0.26748314,0.45127925,0.28123757
3601409622,0.36197886,0.37676626,0.26125488
3601447833,0.41067874,0.34193456,0.24738668
3601471784,0.29902953,0.34724936,0.3537211
3601483968,0.32692575,0.37790227,0.29517192
3601507935,0.39748564,0.30698246,0.29553187
3601595616,0.28837022,0.2838426,0.42778713
3601690550,0.73809654,0.115559936,0.14634354
3601715789,0.36727235,0.26528096,0.3674467
3601765145,0.53315204,0.18473156,0.28211638
3601789075,0.15611579,0.17218155,0.6717027
3601802873,0.19609444,0.50919163,0.2947139
3601915072,0.5287096,0.21434121,0.25694922
3601983762,0.20979786,0.42775938,0.3624428
3602178131,0.21970958,0.55111474,0.22917572
3602246322,0.2519228,0.44361225,0.30446497
3602357500,0.39149672,0.30157313,0.30693012
3602360423,0.38406473,0.3110223,0.304913
3602371365,0.47192204,0.22192295,0.306155
3602445554,0.13058965,0.6417894,0.22762094
3602498867,0.44676965,0.30461136,0.24861896
3602600687,0.22258088,0.25344375,0.52397543
3602630627,0.43618804,0.31729963,0.24651235
3602670452,0.37802228,0.30001304,0.32196462
3602713522,0.33890536,0.3393139,0.32178086
3602819727,0.37359908,0.35018,0.27622086
3602874659,0.3057651,0.4422401,0.25199485
3602961464,0.47412863,0.29720807,0.22866327
3602964062,0.12998308,0.116698064,0.7533189
3603054799,0.16962023,0.18968382,0.640696
3603060059,0.3211748,0.34033674,0.33848843
3603077806,0.34078807,0.34018806,0.31902388
3603149326,0.45115027,0.2745797,0.27427006
3603154507,0.35447744,0.3219794,0.32354313
3603179006,0.3402008,0.3369426,0.3228565
3603206414,0.25493994,0.28603888,0.45902127
3603238337,0.43607548,0.31300342,0.2509211
3603258433,0.26666853,0.44406044,0.28927103
3603335052,0.17057748,0.62451637,0.20490617
3603430796,0.37846595,0.3067235,0.3148105
3603439384,0.2948409,0.3353005,0.36985856
3603552676,0.29145125,0.4234839,0.28506488
3603644240,0.09428352,0.7849143,0.12080215
3603744159,0.45081535,0.288775,0.26040962
3603886789,0.17300643,0.15054898,0.6764446
3604181277,0.448105,0.24619316,0.30570182
3604250287,0.18692341,0.22811842,0.5849582
3604442758,0.42555654,0.3412467,0.23319681
3604674778,0.36182615,0.30306485,0.335109
3604754589,0.39029834,0.32258725,0.28711438
3604756904,0.33815962,0.3858951,0.27594528
3604806039,0.33254093,0.37524474,0.2922144
3604848087,0.4649742,0.3075217,0.22750409
3604864182,0.13731204,0.113483995,0.7492039
3604875598,0.4693603,0.29340294,0.23723683
3604909169,0.45196268,0.24383758,0.30419973
3604999265,0.67363685,0.15272096,0.17364217
3605154553,0.50110847,0.28038672,0.21850488
3605224596,0.0786587,0.8245337,0.096807584
3605313884,0.12493534,0.7390269,0.13603774
3605465279,0.3631215,0.36084864,0.27602988
3605489724,0.42637244,0.31366068,0.25996688
3605566747,0.3687922,0.2731801,0.35802764
3605589547,0.2803817,0.40720078,0.31241754
3605598975,0.27572742,0.2632127,0.46105987
3605689258,0.25470594,0.52590257,0.21939151
3605734628,0.45947507,0.29372382,0.24680108
3606104732,0.44833472,0.32604787,0.2256174
3606130183,0.39228955,0.35189062,0.2558198
3606250816,0.18127836,0.18734054,0.6313811
3606325096,0.105144545,0.10494266,0.78991276
3606393522,0.4153463,0.34004423,0.24460948
3606471663,0.3432052,0.28626058,0.3705342
3606516482,0.31098548,0.3130196,0.37599486
3606579136,0.30902973,0.38721102,0.30375922
3606604027,0.64544314,0.17919278,0.17536397
3606610366,0.52677774,0.19559337,0.2776289
3606780073,0.08415012,0.79976904,0.116080806
3606806970,0.22525285,0.25214434,0.52260286
3606900156,0.25125396,0.30719295,0.44155315
3606964246,0.37461147,0.34499377,0.28039473
3607196438,0.19302894,0.589119,0.21785204
3607443084,0.31747606,0.30421972,0.37830427
3607558102,0.37433797,0.33661434,0.28904763
3607733945,0.32702872,0.41087273,0.26209852
3607821489,0.2736347,0.29835126,0.4280141
3607849683,0.2833245,0.38286743,0.33380806
3607855229,0.3046036,0.39359292,0.30180353
3607914905,0.41178155,0.32764313,0.2605753
3608074206,0.43258193,0.29177493,0.27564308
3608096431,0.29943943,0.387468,0.31309262
3608102841,0.4296355,0.350196,0.22016855
3608160808,0.274761,0.3434589,0.38178012
3608178262,0.45188847,0.31576824,0.23234332
3608229249,0.09809926,0.10092553,0.8009752
3608242540,0.20688604,0.52522725,0.2678867
3608274908,0.40532118,0.29465276,0.30002615
3608345791,0.32917944,0.41882795,0.25199264
3608362491,0.24930279,0.30605194,0.44464526
3608365949,0.28422025,0.4328798,0.2828999
3608426223,0.504584,0.18554513,0.30987096
3608583149,0.3085651,0.37051934,0.32091555
3608602073,0.3585659,0.3093494,0.33208472
3608608905,0.08552441,0.80639255,0.10808312
3608641464,0.3682472,0.3011084,0.3306444
3608722117,0.09986926,0.10249967,0.7976311
3608738078,0.24943203,0.44747624,0.3030918
3609031757,0.36535627,0.18390058,0.45074317
3609107579,0.3105715,0.36984047,0.31958804
3609113906,0.4127812,0.3401983,0.2470205
3609287339,0.6355196,0.17502758,0.18945283
3609654779,0.6351716,0.15432732,0.21050106
3609685574,0.36779362,0.36345038,0.268756
3609693282,0.6862447,0.14567186,0.1680834
3609699429,0.39170066,0.33572546,0.27257386
3609705721,0.3506622,0.36764377,0.28169405
3609779730,0.3931856,0.354357,0.25245735
3609866548,0.28529942,0.30152017,0.41318044
3609905997,0.20401393,0.20920391,0.58678216
3609919186,0.4674735,0.2666476,0.26587886
3609947680,0.65953445,0.15228456,0.18818097
3609953696,0.43477145,0.2777715,0.28745705
3609980369,0.26387975,0.4295958,0.30652443
3610013302,0.3644727,0.2839734,0.35155392
3610023705,0.16355474,0.66552675,0.17091848
3610134892,0.1932625,0.18892531,0.61781216
3610143218,0.30906746,0.3511389,0.33979377
3610149658,0.28988996,0.36857423,0.3415358
3610224774,0.29390913,0.3345984,0.37149248
3610259660,0.26669365,0.36035618,0.37295014
3610273175,0.58711386,0.2029246,0.2099616
3610472025,0.44638917,0.29713568,0.25647512
3610507892,0.3267453,0.37864316,0.29461157
3610599372,0.44610488,0.3086244,0.24527074
3610640275,0.2672905,0.21967763,0.51303184
3610677091,0.2052962,0.5763555,0.21834826
3610687858,0.31756735,0.37824953,0.3041831
3610714908,0.19541317,0.17903587,0.625551
3610729839,0.58673257,0.22236775,0.19089967
3610747423,0.53636813,0.23070025,0.23293155
3610820927,0.20027642,0.58021927,0.21950428
3610853986,0.43351483,0.3006402,0.26584497
3610872905,0.168967,0.34418875,0.48684427
3610873465,0.2738344,0.31792304,0.40824246
3610884389,0.34657386,0.3173556,0.33607057
3610929158,0.77471054,0.091777876,0.13351157
3610977304,0.21287887,0.45121765,0.33590353
3610998410,0.58520633,0.20323767,0.211556
3611020337,0.3397206,0.38633138,0.2739481
3611165624,0.37687907,0.3669714,0.25614953
3611170910,0.1282324,0.6766784,0.19508919
3611188317,0.4976171,0.19059272,0.3117902
3611221270,0.27364543,0.30888033,0.41747424
3611336482,0.36860284,0.2688883,0.36250886
3611427909,0.3730781,0.33999512,0.2869268
3611484413,0.774343,0.09179969,0.13385731
3611617802,0.43986458,0.307546,0.2525894
3611664193,0.2740505,0.363537,0.36241248
3611667401,0.31499565,0.3700995,0.31490487
3611698972,0.39323992,0.33063886,0.2761213
3611727393,0.13471638,0.140541,0.72474253
3611879608,0.33139917,0.36413842,0.30446237
3611929103,0.4529346,0.29759234,0.24947307
3611963243,0.31403178,0.31397438,0.3719938
3612029867,0.5073554,0.2737571,0.2188875
3612159425,0.50961167,0.2677294,0.22265895
3612239350,0.386465,0.29384884,0.31968617
3612320829,0.14490183,0.6955575,0.15954073
3612325801,0.5497242,0.22304945,0.22722638
3612328088,0.3112733,0.30072606,0.38800064
3612354677,0.2797145,0.38902983,0.3312557
3612379466,0.2121106,0.28227717,0.5056123
3612505035,0.1978456,0.16848947,0.6336649
3612546956,0.2785107,0.270774,0.45071527
3612570477,0.20319502,0.5566233,0.24018168
3612635671,0.45637208,0.25264665,0.29098132
3612918096,0.52868885,0.23772568,0.23358545
3613042041,0.26869017,0.33797562,0.3933342
3613121792,0.19430502,0.55833,0.24736503
3613152265,0.18426776,0.5708359,0.24489637
3613159969,0.35213485,0.36630243,0.28156272
3613378363,0.3928961,0.31722185,0.2898821
3613398372,0.29877308,0.30604127,0.39518565
3613602538,0.5415425,0.14410767,0.3143499
3613611565,0.20032267,0.57909757,0.22057976
3613694389,0.10136977,0.7387503,0.1598799
3613740553,0.44436887,0.28934884,0.26628226
3613873995,0.24705255,0.5333214,0.21962605
3613917804,0.40103742,0.30381355,0.29514906
3614033611,0.43663228,0.3196997,0.24366799
3614168752,0.21544638,0.5625424,0.22201127
3614458466,0.34446022,0.28699616,0.3685436
3614506947,0.33572134,0.34461758,0.31966108
3614570060,0.36670843,0.36184222,0.2714493
3614617547,0.27023575,0.33682618,0.39293808
3614767584,0.40610576,0.33050293,0.26339135
3614899058,0.38677624,0.36629084,0.2469329
3614987348,0.22455093,0.50346875,0.27198032
3615280694,0.3294536,0.39499766,0.27554876
3615344117,0.19506624,0.5801999,0.22473389
3615358587,0.10767967,0.12811217,0.76420814
3615475757,0.38136193,0.34962067,0.26901746
3615516406,0.32651326,0.2955751,0.3779116
3615529601,0.07178592,0.8331031,0.09511092
3615621116,0.5462891,0.21152714,0.24218379
3615624694,0.23090109,0.3587018,0.4103972
3615657248,0.21466869,0.34318444,0.44214684
3615741639,0.29283148,0.41329187,0.29387668
3615763409,0.091552354,0.80522734,0.10322028
3615776875,0.30397317,0.33874974,0.35727707
3615807787,0.512811,0.23465353,0.25253543
3615981352,0.3018611,0.41911548,0.27902338
3616064204,0.35412553,0.3256622,0.32021222
3616071522,0.10937029,0.09803446,0.79259527
3616079165,0.3028532,0.37063205,0.32651478
3616112393,0.20856312,0.20887725,0.5825596
3616200030,0.1492959,0.6712099,0.17949416
3616333863,0.409979,0.29360232,0.29641864
3616358701,0.1677518,0.6280282,0.20421997
3616398343,0.4666926,0.3001199,0.23318751
3616430296,0.08423012,0.8048439,0.110926
3616456059,0.41712213,0.3096253,0.27325255
3616468270,0.30939358,0.40438494,0.28622144
3616570862,0.15803106,0.14092621,0.7010427
3617069665,0.25351453,0.3537106,0.39277497
3617199858,0.24900237,0.25913674,0.4918609
3617286813,0.3207266,0.37664208,0.30263132
3617447786,0.23349378,0.41262412,0.35388207
3617589480,0.28653345,0.36106962,0.3523969
3617595887,0.52388215,0.20481603,0.27130187
3617712256,0.13016482,0.11605211,0.7537831
3617790338,0.2931521,0.35917825,0.34766963
3617902736,0.43169698,0.2953955,0.27290753
3618073615,0.3302877,0.3801189,0.28959337
3618089237,0.3724314,0.30755177,0.3200169
3618108998,0.2902145,0.34747317,0.3623123
3618427951,0.433796,0.25862923,0.3075748
3618602658,0.23572753,0.4621803,0.30209222
3618668450,0.31424272,0.35069555,0.3350618
3618748717,0.47024018,0.32657713,0.20318268
3618784346,0.5645662,0.2269819,0.20845191
3618823831,0.11446257,0.101911545,0.7836259
3618848922,0.14225122,0.70205843,0.15569033
3618966216,0.21736273,0.20315175,0.57948554
3619158304,0.21257643,0.547182,0.2402415
3619368933,0.20045136,0.17476514,0.6247835
3619384221,0.67584354,0.13797697,0.1861795
3619394441,0.34753355,0.27318025,0.37928617
3619497698,0.3448904,0.3535307,0.3015789
3619531555,0.23855153,0.5158137,0.24563482
3619595654,0.1330569,0.7141828,0.15276033
3619798446,0.52790576,0.24043362,0.23166062
3619811535,0.23190024,0.5165059,0.25159398
3619828900,0.23434381,0.44097963,0.32467657
3619862944,0.06780161,0.06638215,0.8658162
3619889446,0.30717728,0.33958063,0.35324216
3619906558,0.31077573,0.31673014,0.37249416
3619925520,0.28990033,0.3750035,0.3350962
3619999607,0.23957726,0.26573586,0.49468687
3620050099,0.28042933,0.28483838,0.4347323
3620111529,0.2768352,0.2758872,0.44727755
3620127087,0.3226331,0.32049394,0.35687298
3620224139,0.36152962,0.32157606,0.31689432
3620331924,0.26418978,0.39183342,0.3439769
3620375943,0.52651125,0.2399765,0.23351231
3620464025,0.14341101,0.15491785,0.7016711
3620633383,0.54096013,0.25011566,0.2089242
3620640448,0.30172756,0.33003205,0.36824042
3620710928,0.50110495,0.2564645,0.24243048
3620741620,0.2710542,0.397955,0.33099082
3620761970,0.21316513,0.17241175,0.6144231
3620945263,0.42870483,0.28627908,0.28501615
3620950604,0.2730496,0.28453013,0.44242024
3621075138,0.20740028,0.44470692,0.34789273
3621086899,0.25883964,0.38781703,0.35334328
3621106613,0.28149503,0.25249568,0.46600935
3621117511,0.2015732,0.511437,0.28698978
3621365415,0.2208603,0.5291394,0.25000033
3621696833,0.24926178,0.40881646,0.34192172
3621700778,0.5693997,0.20728233,0.22331798
3621794020,0.16921866,0.6506857,0.1800956
3621872275,0.30588716,0.37021497,0.32389793
3621954905,0.31669283,0.3397328,0.3435744
3622323786,0.5126354,0.22739153,0.25997314
3622382423,0.2074437,0.54415,0.24840635
3622503140,0.4772387,0.18105459,0.34170678
3622641401,0.30937582,0.34118852,0.34943572
3622683690,0.43397152,0.14317432,0.42285413
3622720041,0.28726038,0.34776387,0.36497572
3622731894,0.31714666,0.3577454,0.325108
3622748520,0.2942924,0.3354626,0.370245
3622778460,0.26651525,0.37129238,0.36219236
3622813341,0.24509498,0.43931672,0.3155883
3622912011,0.184767,0.14941569,0.66581726
3622921567,0.20883374,0.1505964,0.64056987
3622931525,0.4624242,0.3030361,0.23453964
3622947487,0.6210388,0.20001592,0.1789453
3623071152,0.43622616,0.2602444,0.3035294
3623148314,0.39468026,0.33814174,0.26717794
3623216600,0.30075696,0.43724307,0.262
3623284182,0.44369996,0.31027836,0.24602175
3623288212,0.2052723,0.5675899,0.22713782
3623301755,0.4292141,0.2995973,0.2711886
3623309658,0.5914431,0.19573101,0.21282588
3623372883,0.33750197,0.3516082,0.3108898
3623477408,0.16804032,0.3775381,0.45442158
3623548267,0.34982267,0.3502978,0.29987955
3623672299,0.15192321,0.5921131,0.2559637
3623694773,0.6844069,0.14456193,0.17103122
3623807511,0.8106941,0.07019004,0.11911581
3623877864,0.22739927,0.21715699,0.55544376
3623899493,0.2713373,0.37623954,0.35242322
3623904401,0.5703499,0.21318538,0.21646479
3623938589,0.20590423,0.50300795,0.29108784
3624213171,0.4136586,0.33562824,0.25071317
3624247400,0.4151437,0.2829632,0.30189306
3624316155,0.4816392,0.27480164,0.24355912
3624339021,0.32858583,0.23169479,0.4397194
3624342657,0.34357736,0.22386712,0.43255553
3624400242,0.09824271,0.089214295,0.81254303
3624413008,0.5035335,0.26560977,0.23085678
3624413023,0.44951424,0.2683863,0.28209943
3624455454,0.28522223,0.25875506,0.45602265
3624479300,0.18588665,0.5987515,0.2153618
3624602751,0.20878068,0.5504747,0.24074465
3624662571,0.2555505,0.4649862,0.27946326
3624679964,0.28632554,0.34592664,0.3677478
3624696931,0.75964075,0.095401175,0.14495811
3624806107,0.36593822,0.36389175,0.27017006
3624812830,0.42903912,0.23843962,0.33252126
3624835943,0.2314096,0.51075155,0.25783893
3624938565,0.20835315,0.5274636,0.26418325
3624958873,0.6937572,0.13704287,0.1692
3625127560,0.37206805,0.23998462,0.38794738
3625182849,0.29658616,0.39627236,0.30714148
3625290889,0.73713964,0.11546753,0.14739282
3625329276,0.305705,0.39819363,0.29610136
3625399303,0.18832724,0.17427474,0.637398
3625463758,0.20405643,0.22956397,0.56637955
3625501931,0.3369909,0.37402135,0.28898773
3625602871,0.36652675,0.38191664,0.25155666
3625881563,0.2868071,0.40940502,0.30378798
3626046703,0.20213085,0.1839342,0.613935
3626074474,0.49655437,0.2470039,0.25644165
3626098394,0.20022938,0.2285804,0.57119024
3626163510,0.4375434,0.27062404,0.29183263
3626189478,0.279626,0.31263205,0.407742
3626198183,0.4159102,0.32972753,0.25436223
3626462383,0.40086445,0.31111524,0.28802034
3626495616,0.21685831,0.48533928,0.29780242
3626561917,0.28826725,0.42920265,0.28253004
3626588827,0.25259477,0.4866395,0.26076576
3626677286,0.23441398,0.19817747,0.5674086
3626688845,0.3995504,0.3349594,0.26549017
3626739453,0.43784878,0.3329628,0.22918843
3626766086,0.32041225,0.349744,0.32984385
3626780009,0.24847752,0.2452041,0.50631833
3626795242,0.5272546,0.2264737,0.24627174
3626850518,0.29616606,0.38664326,0.31719074
3626941473,0.30761537,0.3711845,0.32120013
3627012440,0.3530949,0.38676015,0.260145
3627082998,0.38615632,0.3467002,0.26714352
3627185553,0.11191016,0.7621388,0.125951
3627211183,0.33907658,0.35806447,0.3028589
3627254404,0.50759035,0.25282577,0.23958391
3627260148,0.2639124,0.34275696,0.39333066
3627400094,0.185848,0.63203096,0.18212105
3627443748,0.8325923,0.064379774,0.10302795
3627498909,0.5345661,0.24845807,0.21697584
3627569499,0.23266198,0.51281726,0.2545208
3627707184,0.20306705,0.49322435,0.30370864
3627796422,0.09074259,0.08301899,0.82623833
3627886427,0.3305983,0.353495,0.3159067
3627933259,0.3947753,0.268378,0.3368467
3628123453,0.35805702,0.28720143,0.3547415
3628251896,0.28549114,0.39361775,0.32089105
3628341441,0.24410754,0.19955857,0.55633396
3628419645,0.34263116,0.37866542,0.27870342
3628431563,0.31780595,0.3209352,0.36125883
3628543761,0.6786508,0.15305264,0.1682965
3628550994,0.40684488,0.31147486,0.28168032
3628951124,0.30681375,0.35502306,0.33816326
3629038675,0.48367837,0.21221927,0.30410233
3629096984,0.442328,0.31453356,0.24313849
3629132822,0.38662225,0.30787632,0.3055014
3629265033,0.7237109,0.124714755,0.15157434
3629342334,0.57012004,0.20276442,0.22711559
3629518428,0.48109746,0.20256807,0.3163345
3629536328,0.3450705,0.33889604,0.31603345
3629569421,0.1978156,0.5824101,0.2197743
3629608583,0.13946377,0.11773571,0.7428005
3629811372,0.4355851,0.27991575,0.28449914
3629946350,0.23154514,0.43512216,0.3333327
3630156710,0.19643492,0.51539487,0.28817025
3630190290,0.33434403,0.32469684,0.34095913
3630245308,0.3489941,0.40415433,0.2468515
3630270153,0.4735024,0.217899,0.30859864
3630439255,0.8179742,0.07276568,0.10926008
3630443702,0.40383112,0.2762942,0.31987473
3630518008,0.19793634,0.5667767,0.23528692
3630523326,0.42890856,0.29216254,0.27892894
3630578037,0.3571713,0.33717853,0.3056502
3630589779,0.4804322,0.27013883,0.24942896
3630619101,0.33626965,0.3954574,0.26827303
3630653347,0.29267198,0.26190296,0.44542506
3630679975,0.2885617,0.30266526,0.40877312
3630783766,0.22834046,0.25029463,0.521365
3630785138,0.41465384,0.30565327,0.27969292
3630817505,0.15461834,0.65930724,0.1860744
3630824218,0.13199441,0.69218105,0.17582454
3630869269,0.3462021,0.38874936,0.26504847
3630881078,0.54912746,0.22470637,0.22616619
3630937437,0.12638214,0.7418344,0.13178347
3630984713,0.19760667,0.5599114,0.2424819
3630988963,0.3535504,0.37976795,0.26668158
3631164750,0.28009257,0.38092822,0.3389791
3631274535,0.26747137,0.3275816,0.40494707
3631306518,0.20091139,0.54913247,0.24995616
3631413746,0.20983967,0.5517298,0.23843053
3631494542,0.34145302,0.39954722,0.25899982
3631531840,0.31521523,0.3901231,0.29466176
3631681268,0.34492633,0.29341707,0.36165655
3631724351,0.18596534,0.15332122,0.6607134
3631780299,0.41495627,0.27360448,0.31143934
3631908788,0.09543087,0.0859977,0.8185714
3631932205,0.37585667,0.30288836,0.321255
3632016896,0.29616597,0.32179022,0.38204387
3632086367,0.31133196,0.38173637,0.3069317
3632177473,0.4512388,0.33216217,0.21659902
3632253928,0.7211265,0.12631804,0.15255544
3632398648,0.210516,0.21448433,0.57499963
3632413105,0.23710015,0.21181583,0.55108404
3632434046,0.28923044,0.36572808,0.34504142
3632442527,0.5231252,0.26272675,0.21414812
3632489085,0.39000297,0.28603208,0.32396495
3632596511,0.32117954,0.3585089,0.32031152
3632657035,0.38315588,0.3181281,0.29871607
3632671939,0.23190328,0.53654397,0.23155273
3632729187,0.764226,0.10696173,0.12881224
3632868203,0.1505384,0.6977667,0.15169492
3632904258,0.2646296,0.40188137,0.333489
3632918988,0.40503967,0.3198317,0.2751286
3633028664,0.260062,0.43399188,0.3059461
3633230131,0.4583232,0.27952227,0.26215458
3633311816,0.3091969,0.2901737,0.40062937
3633314542,0.23243758,0.4484967,0.31906572
3633396701,0.45401415,0.26434457,0.28164124
3633429564,0.46331638,0.2806054,0.25607824
3633657944,0.34538037,0.28833085,0.3662888
3634049528,0.4864731,0.27836287,0.23516406
3634114086,0.3916106,0.37383023,0.23455921
3634153527,0.17635004,0.579027,0.24462295
3634244472,0.3631803,0.3552266,0.2815931
3634610028,0.34285617,0.4113446,0.24579929
3634701119,0.21588166,0.47980788,0.30431053
3634787194,0.097711824,0.08715769,0.81513053
3634857006,0.42969367,0.26397642,0.30632988
3634874035,0.39964786,0.28630114,0.31405094
3634958237,0.22517237,0.5415734,0.23325428
3634959367,0.34224278,0.34479797,0.31295925
3635047161,0.18162534,0.635612,0.1827627
3635119740,0.5145875,0.25042853,0.23498394
3635180114,0.25702673,0.34392118,0.39905205
3635230344,0.24099907,0.5016403,0.25736052
3635263387,0.21808647,0.4653014,0.31661212
3635268641,0.2904784,0.30025104,0.40927058
3635278547,0.24346347,0.16149896,0.5950375
3635484820,0.32886106,0.34643194,0.32470715
3635498305,0.12074911,0.7522627,0.12698813
3635579152,0.4872273,0.2775307,0.235242
3635654138,0.50698113,0.2558157,0.23720312
3635743746,0.3425557,0.40925097,0.24819334
3635770082,0.26989752,0.33427,0.39583248
3635880065,0.2912831,0.42185238,0.28686455
3635898430,0.5078009,0.23934685,0.25285232
3635912400,0.14932862,0.68495274,0.1657187
3636151236,0.14938638,0.66385347,0.18676014
3636188761,0.23492865,0.2443105,0.52076083
3636203216,0.7103575,0.11897276,0.17066973
3636300592,0.3011526,0.39618495,0.3026625
3636323178,0.6099332,0.1692125,0.22085431
3636377510,0.17119344,0.6251784,0.20362818
3636490433,0.5051501,0.27424455,0.22060534
3636519869,0.3662671,0.35305205,0.2806808
3636713338,0.2617051,0.28119317,0.4571017
3636721233,0.34705696,0.348614,0.30432904
3636724754,0.53692997,0.20079711,0.26227292
3636884986,0.5035659,0.27112153,0.22531256
3636958299,0.055619106,0.8505764,0.0938045
3636975832,0.3519082,0.37213355,0.27595818
3637084588,0.37059313,0.30979043,0.3196165
3637171916,0.5322108,0.24271035,0.22507878
3637179804,0.41198343,0.34092808,0.2470885
3637218980,0.38406196,0.20788158,0.40805647
3637261020,0.27226052,0.28327096,0.44446847
3637303166,0.3820941,0.31486583,0.30304015
3637371647,0.40355566,0.32540044,0.27104387
3637404239,0.29077488,0.38748997,0.32173505
3637470410,0.32105047,0.2674053,0.41154423
3637576663,0.23280562,0.54126894,0.22592539
3637590492,0.4116621,0.31064793,0.27769
3637736902,0.2815065,0.3659469,0.35254666
3637786810,0.20978156,0.23525,0.55496836
3637827997,0.3353826,0.36996603,0.2946514
3637896335,0.052147213,0.87052935,0.07732341
3637987326,0.42248574,0.245395,0.3321192
3638057709,0.29204342,0.4020891,0.30586746
3638109762,0.37139294,0.33778748,0.2908196
3638139002,0.18784438,0.5486602,0.26349536
3638165563,0.32632998,0.3324687,0.3412014
3638178383,0.20957534,0.5585266,0.2318981
3638199809,0.18241467,0.14148208,0.6761033
3638273608,0.3570078,0.357135,0.28585723
3638298299,0.34024706,0.35494703,0.30480587
3638370086,0.39750114,0.31583712,0.28666174
3638425762,0.3446058,0.2391294,0.41626483
3638476908,0.64126414,0.18380913,0.17492667
3638536653,0.18428521,0.5881751,0.22753966
3638674163,0.4892266,0.2726318,0.23814163
3638678314,0.55542904,0.2143064,0.23026451
3638684060,0.20364068,0.56388974,0.2324696
3638713828,0.6838211,0.1508538,0.16532512
3638751794,0.3431185,0.3833639,0.27351758
3638765015,0.44207788,0.28798062,0.26994148
3638767582,0.16672467,0.60083485,0.23244049
3638820593,0.18080822,0.6139288,0.20526297
3638849817,0.3692683,0.307812,0.32291967
3638856698,0.23026542,0.5405066,0.22922798
3638965914,0.2447773,0.5099512,0.24527149
3639157025,0.19093183,0.20292519,0.606143
3639450486,0.55044657,0.19719277,0.25236064
3639568002,0.48573655,0.26158804,0.25267544
3639587425,0.22228445,0.21336083,0.56435466
3639604948,0.25371575,0.44447702,0.3018071
3639635571,0.38821957,0.3467002,0.26508024
3639637766,0.45647448,0.2763647,0.26716077
3639701142,0.26151827,0.43860176,0.29988
3639825057,0.25106046,0.49214053,0.256799
3639935329,0.220676,0.3713595,0.40796456
3639970298,0.41694206,0.29339522,0.28966272
3640268156,0.26063314,0.39404762,0.34531924
3640301759,0.28694996,0.30908683,0.40396327
3640686512,0.29131505,0.3471707,0.3615143
3640710322,0.14543311,0.6879524,0.1666145
3640906103,0.32581437,0.40701893,0.26716664
3641017749,0.31457078,0.38450888,0.3009203
3641179493,0.20395449,0.6001094,0.19593605
3641425746,0.21741866,0.3622049,0.4203765
3641531226,0.46912858,0.29916358,0.23170789
3641625011,0.22703126,0.17575729,0.5972115
3641703696,0.2635278,0.35858005,0.37789217
3641737421,0.51581484,0.24706948,0.23711573
3641852082,0.25008255,0.25878868,0.4911287
3642071637,0.4690591,0.28348073,0.24746023
3642249916,0.18330315,0.2676745,0.5490224
3642278103,0.13742551,0.6830342,0.1795403
3642299455,0.42975625,0.29006198,0.28018177
3642351306,0.26961124,0.37738556,0.3530032
3642588573,0.34879738,0.3096785,0.34152403
3642594431,0.37053862,0.3280084,0.301453
3642604942,0.35637805,0.3674593,0.27616262
3642614799,0.17565621,0.43262392,0.3917199
3642619734,0.5263073,0.24113734,0.2325554
3642636659,0.40085793,0.28749806,0.311644
3642764717,0.5193367,0.22545893,0.25520432
3642877442,0.41857347,0.24385719,0.33756936
3642904542,0.56917745,0.22387882,0.20694372
3642926049,0.28399023,0.26754966,0.44846013
3642945173,0.20779532,0.5369077,0.25529698
3642966515,0.20605044,0.60633934,0.18761024
3642986087,0.45133418,0.29333186,0.25533396
3643033261,0.2602942,0.30918452,0.4305213
3643067396,0.26949468,0.46776804,0.26273736
3643068349,0.3862409,0.33222082,0.28153822
3643137226,0.25070548,0.31530163,0.43399286
3643195194,0.11009872,0.10061184,0.7892894
3643258090,0.23105443,0.46098477,0.30796087
3643326806,0.7121916,0.10528745,0.18252091
3643364753,0.26143274,0.32393208,0.41463515
3643404046,0.27678707,0.30947176,0.41374117
3643553683,0.36214194,0.27787825,0.3599798
3643556900,0.39060977,0.36051348,0.24887674
3643579286,0.48900154,0.26592422,0.24507423
3643592775,0.12659965,0.7317355,0.14166485
3643631284,0.10507194,0.78128654,0.1136415
3643697037,0.37550917,0.3716618,0.25282905
3643757964,0.41309652,0.24497303,0.34193048
3643961439,0.39810723,0.2594176,0.34247515
3644124704,0.2225752,0.19921029,0.5782146
3644514481,0.5222012,0.25038156,0.22741729
3644644223,0.5233908,0.26164603,0.21496312
3644645477,0.16491444,0.58761233,0.24747321
3644669781,0.5614787,0.22190765,0.21661374
3644736557,0.69908094,0.14924173,0.15167733
3644739783,0.16475637,0.55553746,0.27970615
3644944607,0.3353032,0.3757644,0.2889324
3645003894,0.7980496,0.08213762,0.11981273
3645138575,0.4019168,0.32628778,0.27179545
3645252946,0.37262997,0.3089686,0.31840137
3645517702,0.2956499,0.3207891,0.38356096
3645552483,0.16607757,0.16822933,0.66569304
3645631267,0.13916862,0.7029561,0.15787533
3645842853,0.3329249,0.27790365,0.38917145
3645897735,0.16254814,0.6575137,0.17993817
3645993188,0.35646662,0.36929947,0.27423397
3646125898,0.5287199,0.2431938,0.22808628
3646145223,0.46327212,0.27090725,0.26582062
3646279948,0.252699,0.35854587,0.38875517
3646594052,0.37845725,0.3528316,0.26871115
3646643324,0.7164302,0.1267996,0.15677017
3646663793,0.1906591,0.21806249,0.59127843
3646811578,0.5187397,0.24542134,0.23583895
3646868117,0.32147935,0.41037756,0.26814306
3647020989,0.15294908,0.6841619,0.16288902
3647048342,0.65914047,0.1400438,0.20081577
3647135249,0.17760022,0.60852426,0.21387553
3647352665,0.5641074,0.21964708,0.21624555
3647363412,0.37991285,0.3266423,0.29344478
3647399393,0.36180025,0.35633454,0.28186524
3647483620,0.15990251,0.16411309,0.6759843
3647565275,0.32691252,0.3505454,0.322542
3647674946,0.25601545,0.41548574,0.32849884
3647770722,0.1837486,0.16104756,0.6552039
3647814249,0.40141118,0.31054428,0.2880445
3647987855,0.4036344,0.33050472,0.26586092
3648055152,0.1423347,0.113623105,0.7440422
3648078273,0.1963222,0.59752804,0.20614979
3648160676,0.12359095,0.11705847,0.7593506
3648343961,0.17709327,0.49420598,0.32870078
3648344386,0.6468889,0.15863831,0.19447272
3648346541,0.11693885,0.73799235,0.14506873
3648355199,0.34305206,0.34711176,0.30983618
3648383109,0.2813749,0.29227233,0.4263527
3648386806,0.21956058,0.4719028,0.30853665
3648402717,0.45172387,0.30124074,0.24703537
3648413493,0.109605834,0.089711815,0.80068237
3648472911,0.4877252,0.29263166,0.21964312
3648523933,0.21937478,0.42969486,0.35093036
3648536826,0.16699821,0.6466574,0.18634444
3648650693,0.567708,0.17581992,0.25647208
3648723080,0.36578688,0.3488726,0.28534052
3648755308,0.25805077,0.27629468,0.46565446
3648788697,0.1497036,0.13304576,0.71725065
3648833216,0.3140778,0.3412178,0.34470448
3649006441,0.73053527,0.11196195,0.1575028
3649010343,0.31508386,0.36681786,0.31809834
3649302637,0.26237088,0.33769006,0.3999391
3649309032,0.39374068,0.31362465,0.29263464
3649316778,0.36258873,0.319027,0.3183843
3649348988,0.30083132,0.34967944,0.3494893
3649441817,0.72879833,0.12191156,0.14929014
3649458962,0.26636076,0.4566009,0.2770383
3649459701,0.13993797,0.15131651,0.70874554
3649466381,0.34491575,0.37093645,0.28414777
3649526540,0.18853813,0.19310614,0.61835575
3649559243,0.2908704,0.3807829,0.32834676
3649574415,0.35410053,0.25739738,0.3885021
3649689558,0.071371935,0.83056074,0.0980673
3649706457,0.18534435,0.58733076,0.22732489
3649805909,0.38170123,0.2541199,0.3641789
3650033377,0.53660244,0.24114475,0.22225285
3650160293,0.1421114,0.6811613,0.17672735
3650206397,0.32694426,0.31705102,0.35600474
3650237838,0.16219978,0.64667445,0.19112581
3650297289,0.12453474,0.729145,0.14632027
3650367041,0.27362058,0.3140582,0.41232115
3650375014,0.3441909,0.32482183,0.33098727
3650511805,0.17679377,0.19846259,0.6247436
3650564731,0.16253363,0.15481298,0.68265337
3650692039,0.51466525,0.2214993,0.26383537
3650743176,0.18458076,0.21462889,0.6007904
3650758625,0.2828669,0.41398472,0.3031484
3650765309,0.14713064,0.1353292,0.71754026
3650835382,0.27101362,0.43132097,0.29766536
3650867192,0.1799912,0.5957694,0.22423945
3650897599,0.5574097,0.21381232,0.22877796
3650906501,0.31870946,0.2930738,0.38821673
3650971193,0.3612351,0.2555731,0.3831918
3651125760,0.4737043,0.3140605,0.21223523
3651126145,0.5031518,0.2783042,0.21854395
3651278941,0.16165826,0.17278717,0.66555464
3651288814,0.2474556,0.48209265,0.2704517
3651363537,0.5586407,0.17964162,0.2617177
3651384162,0.53102916,0.20429702,0.26467383
3651390431,0.29261893,0.49443692,0.21294415
3651506097,0.22494961,0.22955434,0.54549605
3651508507,0.8070331,0.086182944,0.106783934
3651614122,0.12817459,0.1202379,0.7515875
3651625533,0.44023544,0.30154455,0.25822
3651628119,0.32240513,0.35677344,0.32082155
3651786559,0.21785569,0.38660944,0.39553478
3651796686,0.7310721,0.11384669,0.15508127
3651810453,0.5611691,0.19696422,0.24186668
3651853942,0.20487411,0.57577,0.2193558
3652085364,0.37984192,0.36048082,0.2596773
3652185521,0.29578608,0.3048836,0.39933044
3652221179,0.44770503,0.21956298,0.332732
3652266977,0.39636564,0.3218506,0.28178373
3652288451,0.3459257,0.37982446,0.27424982
3652701899,0.29202285,0.2669607,0.44101644
3652864364,0.27880302,0.4330214,0.28817558
3652963745,0.24255818,0.4848116,0.27263024
3652973805,0.5829682,0.20555595,0.21147588
3652989148,0.34187606,0.37664255,0.28148142
3653109432,0.3834842,0.3530032,0.26351267
3653195160,0.34365943,0.38149586,0.27484468
3653195833,0.34493217,0.39308718,0.2619806
3653220361,0.41228378,0.32756603,0.26015016
3653316916,0.4044406,0.3615257,0.23403361
3653428406,0.6483522,0.16430181,0.18734598
3653455926,0.32931194,0.3943391,0.27634895
3653461116,0.0993582,0.07881131,0.8218305
3653491136,0.24028155,0.33224177,0.42747667
3653689283,0.26458883,0.41459036,0.32082087
3653844077,0.389926,0.32921576,0.28085825
3653845774,0.45574972,0.32237387,0.2218764
3653967389,0.11475414,0.7517602,0.13348562
3654273970,0.34135836,0.27919245,0.37944916
3654371015,0.42544353,0.31954288,0.25501364
3654391968,0.53779376,0.2458635,0.21634276
3654553937,0.22344294,0.34259355,0.43396348
3654644333,0.42661458,0.3094517,0.26393378
3654654994,0.2586085,0.20453987,0.5368516
3654792239,0.26617274,0.29065537,0.44317186
3654820777,0.7360471,0.11622065,0.14773221
3654822642,0.10192186,0.7547555,0.14332266
3654895945,0.3092592,0.35584715,0.3348937
3654914308,0.3939228,0.34095562,0.26512158
3654937416,0.20396924,0.26828304,0.5277477
3654969083,0.3769859,0.35321477,0.26979932
3655136629,0.58951986,0.19474232,0.2157378
3655193347,0.22180392,0.1948225,0.58337355
3655289448,0.27741513,0.31144667,0.41113815
3655349114,0.38250148,0.34520325,0.27229527
3655402913,0.175293,0.63748574,0.18722127
3655405444,0.3915101,0.34277073,0.2657192
3655596274,0.1413595,0.1581616,0.700479
3655647151,0.26774228,0.47319382,0.25906384
3655874963,0.34848577,0.33299232,0.31852192
3656133031,0.44715613,0.25869995,0.2941439
3656327574,0.38062176,0.25421414,0.36516413
3656424002,0.10913637,0.75797635,0.13288723
3656453594,0.334764,0.36433727,0.30089885
3656574643,0.23517507,0.5020491,0.2627758
3656637115,0.2124518,0.21593085,0.57161736
3656714533,0.3425169,0.34911376,0.30836937
3656720206,0.23739591,0.49190658,0.27069747
3656752997,0.3235335,0.37252784,0.30393866
3656855322,0.24213678,0.30568638,0.45217687
3656874201,0.23228131,0.44110274,0.32661605
3657119254,0.25420013,0.25818518,0.48761463
3657304598,0.5405684,0.2309207,0.22851083
3657400672,0.5253955,0.27455896,0.20004548
3657565753,0.34095162,0.30951622,0.34953216
3657612859,0.44990027,0.27350003,0.27659976
3657685761,0.116441935,0.74748373,0.13607427
3657764601,0.19381286,0.25007147,0.55611575
3657767355,0.26247862,0.43988726,0.29763412
3657801254,0.3722891,0.32244143,0.30526945
3657843813,0.31114075,0.35554633,0.33331287
3657861493,0.31591702,0.2894134,0.39466962
3657869156,0.22063494,0.4474792,0.33188578
3657898157,0.46916404,0.25462326,0.27621263
3657947201,0.52730644,0.24271278,0.22998074
3657997996,0.3276274,0.44382262,0.22854991
3658078769,0.3631638,0.33246252,0.3043737
3658105609,0.32232326,0.3047897,0.37288702
3658110292,0.3250873,0.37258583,0.30232686
3658121753,0.19435596,0.5795772,0.22606689
3658193276,0.427201,0.35724518,0.21555385
3658247072,0.35200816,0.3898411,0.25815076
3658285698,0.29483408,0.2847329,0.4204331
3658286797,0.2561528,0.4106256,0.33322158
3658318160,0.27634534,0.42349854,0.30015624
3658319941,0.25483832,0.32565677,0.4195049
3658380911,0.16369048,0.6514066,0.18490292
3658392229,0.25835484,0.45668662,0.28495857
3658449981,0.20455018,0.19959116,0.5958586
3658551692,0.25746372,0.5373365,0.20519972
3658559905,0.26160154,0.2688178,0.46958068
3658566676,0.42922375,0.26146314,0.30931315
3658667104,0.2795092,0.39605433,0.3244365
3658680456,0.058644444,0.85362667,0.08772886
3658705542,0.24647689,0.35575154,0.39777163
3658795654,0.53410447,0.23671116,0.22918434
3658863011,0.28133285,0.27609664,0.4425705
3658951201,0.25278878,0.173192,0.57401925
3658991985,0.51311684,0.21321571,0.27366745
3659089830,0.28332046,0.31027892,0.40640062
3659132851,0.34073082,0.4086382,0.25063094
3659165598,0.5210843,0.26173928,0.2171764
3659222814,0.18534102,0.57103616,0.24362282
3659262834,0.42043936,0.35142052,0.22814013
3659307331,0.34674954,0.341342,0.31190845
3659596565,0.26961967,0.31102058,0.41935974
3659988358,0.23770268,0.28305998,0.47923735
3660026664,0.5563756,0.15897188,0.28465253
3660102240,0.3067058,0.3956803,0.29761386
3660150394,0.5091933,0.22081797,0.2699888
3660277709,0.5557127,0.23412411,0.21016312
3660302350,0.19636394,0.18653987,0.61709625
3660418010,0.24388276,0.18450333,0.57161385
3660466495,0.10663965,0.10492512,0.78843534
3660513949,0.08729172,0.08941084,0.82329744
3660531720,0.13833626,0.1291261,0.7325376
3660541492,0.51344365,0.21080321,0.27575308
3660571303,0.2795737,0.38558158,0.33484468
3660749794,0.37475777,0.3152354,0.3100068
3660767266,0.24405898,0.28676274,0.4691782
3660850580,0.11044758,0.77062565,0.11892672
3660887021,0.24571133,0.23578972,0.5184989
3660932823,0.6114903,0.18004742,0.20846227
3661027313,0.08723843,0.7847951,0.12796648
3661029551,0.27776217,0.3122052,0.4100327
3661077896,0.3344434,0.3990078,0.26654884
3661079031,0.3723327,0.36877942,0.25888792
3661093853,0.20576942,0.21492922,0.57930136
3661116957,0.2531881,0.40190023,0.3449117
3661275627,0.34456122,0.33505642,0.3203824
3661329993,0.30629772,0.4043805,0.28932178
3661361346,0.29542887,0.42457548,0.27999562
3661371584,0.35316348,0.29113513,0.3557014
3661518167,0.30285797,0.4332499,0.26389208
3661566590,0.54977065,0.22406559,0.22616383
3661602776,0.08922907,0.8011592,0.10961175
3661998886,0.2274094,0.19930308,0.57328755
3662074587,0.26057577,0.3548052,0.384619
3662294764,0.07397971,0.82596964,0.100050665
3662324702,0.58287174,0.18945782,0.22767043
3662472209,0.27934015,0.28202915,0.4386307
3662487043,0.380591,0.35718206,0.26222694
3662572515,0.3598137,0.33261248,0.3075738
3662665208,0.39303917,0.35023865,0.25672224
3662720314,0.39172482,0.30706447,0.3012106
3662900623,0.4090138,0.310371,0.2806152
3662965953,0.14738227,0.68577886,0.1668389
3663124022,0.3505426,0.3690565,0.28040102
3663268034,0.37226304,0.22148877,0.4062482
3663276995,0.16595142,0.6279973,0.20605132
3663294101,0.46670926,0.24674189,0.28654885
3663387785,0.36744446,0.30693617,0.32561937
3663449696,0.28353998,0.28411636,0.43234363
3663474723,0.07311377,0.83154535,0.095340826
3663609598,0.49337143,0.26162916,0.24499941
3663730448,0.09576645,0.80556726,0.09866629
3663733323,0.2266393,0.21120143,0.56215936
3663892675,0.26776674,0.19660772,0.53562546
3663922097,0.31365752,0.32863423,0.35770825
3663973000,0.07254346,0.06452655,0.86293006
3663978685,0.48775113,0.2643996,0.24784933
3663980897,0.39519995,0.29359037,0.31120974
3664031139,0.23545054,0.46645567,0.29809377
3664068636,0.5183836,0.22167398,0.25994244
3664086244,0.2688554,0.32434395,0.40680066
3664130256,0.22427016,0.4357626,0.33996734
3664188933,0.3877388,0.3521778,0.26008335
3664377205,0.2964711,0.33682254,0.36670634
3664479297,0.3280324,0.401102,0.27086562
3664491663,0.29867837,0.24467278,0.45664895
3664623592,0.46698228,0.30766338,0.22535431
3664714481,0.10063052,0.77334744,0.12602203
3664772136,0.39751413,0.31529412,0.28719178
3664781998,0.1715919,0.6428789,0.18552923
3664816008,0.19506077,0.55863965,0.2462996
3665168096,0.45949638,0.28696382,0.25353977
3665214541,0.2809023,0.20451689,0.5145807
3665291582,0.1584259,0.5914502,0.2501239
3665359811,0.26717404,0.27418804,0.45863798
3665371388,0.50782686,0.24632633,0.24584682
3665554866,0.24893703,0.21987014,0.5311929
3665569780,0.6367957,0.16592261,0.1972817
3665572075,0.22615623,0.29579562,0.47804815
3665581034,0.17545955,0.5251604,0.29938012
3665695972,0.43377158,0.27465275,0.29157567
3665795964,0.5851886,0.19656488,0.21824649
3665825699,0.3606551,0.31206,0.32728487
3665936827,0.42509478,0.32559916,0.249306
3666115233,0.795852,0.07423871,0.12990928
3666132562,0.23245032,0.24787745,0.5196722
3666334400,0.38586557,0.3752286,0.23890576
3666459233,0.5889138,0.22074607,0.19034019
3666625434,0.2757155,0.35901132,0.36527324
3666635915,0.3589411,0.34371075,0.29734817
3666735176,0.4124369,0.27625647,0.31130663
3666854070,0.43849593,0.30622467,0.25527936
3666999521,0.28065628,0.32490852,0.39443517
3667127618,0.43166003,0.26350373,0.3048363
3667177642,0.51991564,0.23991819,0.24016613
3667253889,0.43376526,0.278712,0.2875227
3667468990,0.36171708,0.3712102,0.2670727
3667583513,0.2532493,0.28789774,0.45885298
3667591909,0.5249934,0.25191578,0.22309084
3667625383,0.31969187,0.3776762,0.30263206
3667676210,0.28324217,0.38509306,0.3316647
3667834028,0.15612274,0.6387237,0.20515366
3668083338,0.44147184,0.29325566,0.26527253
3668251932,0.2328857,0.41384932,0.35326505
3668364749,0.12726116,0.7305656,0.14217322
3668369328,0.45786995,0.27663407,0.26549602
3668542793,0.19817467,0.5511505,0.25067475
3668648093,0.35398665,0.34436667,0.30164668
3668766471,0.32619846,0.2539101,0.41989154
3668933086,0.5240193,0.24907374,0.22690694
3668989979,0.16777408,0.6338506,0.19837537
3668991488,0.27342558,0.2818994,0.44467494
3668993262,0.31514776,0.34217563,0.3426766
3669005667,0.37983784,0.35598373,0.26417845
3669007133,0.28821757,0.2607654,0.45101702
3669026635,0.31321076,0.34626606,0.34052312
3669059273,0.3899384,0.33798546,0.2720761
3669094371,0.4038031,0.31894574,0.27725115
3669117249,0.35908216,0.38473058,0.25618726
3669120722,0.15956989,0.64261514,0.19781503
3669174233,0.4453491,0.27814865,0.27650222
3669201990,0.4734808,0.2661847,0.26033452
3669341895,0.5547301,0.23932154,0.20594835
3669442778,0.42177555,0.19570675,0.38251764
3669577586,0.60714275,0.18848617,0.20437117
3669580463,0.3785593,0.27811944,0.34332126
3669618922,0.29873636,0.41261086,0.28865278
3669668964,0.27586213,0.28902805,0.4351098
3669704738,0.6402463,0.16152576,0.19822796
3669717422,0.18932432,0.2535935,0.5570822
3670010156,0.30491132,0.3159004,0.37918824
3670143119,0.16551365,0.17605576,0.6584306
3670158526,0.21101077,0.5371177,0.25187153
3670373159,0.66542804,0.15009889,0.18447308
3670487849,0.7848757,0.08757524,0.12754905
3670493232,0.38621294,0.31682038,0.29696667
3670596186,0.32389316,0.31994376,0.35616314
3670602139,0.29021162,0.30712792,0.4026604
3670670082,0.31611586,0.35282332,0.33106077
3670974888,0.17511804,0.14405398,0.680828
3671357633,0.21871065,0.34071988,0.4405694
3671358218,0.20468767,0.12758972,0.66772264
3671397778,0.42565903,0.31087035,0.26347068
3671621704,0.3619357,0.32635632,0.31170797
3671675308,0.6795228,0.14607604,0.17440115
3671708435,0.40824354,0.32455903,0.26719746
3671739089,0.36995462,0.3082327,0.32181266
3671829798,0.13415392,0.12014472,0.7457014
3671831472,0.28869388,0.42742974,0.28387636
3671891887,0.10951857,0.10060971,0.7898717
3671958777,0.39085343,0.27707466,0.33207193
3672031764,0.19476192,0.5284848,0.27675322
3672057573,0.36519796,0.31165662,0.32314545
3672177816,0.36380208,0.37106398,0.26513395
3672331595,0.30322182,0.35053843,0.34623975
3672363453,0.4350106,0.3122184,0.25277096
3672399914,0.122163445,0.7425079,0.13532871
3672428001,0.26768783,0.3550428,0.37726936
3672499088,0.19547477,0.5953773,0.20914787
3672537460,0.50008965,0.26256227,0.23734803
3672710194,0.4734058,0.28985703,0.23673716
3672813751,0.23600459,0.5489457,0.21504967
3672827485,0.35249448,0.2967094,0.3507961
3672885031,0.4459977,0.31571326,0.2382891
3672949798,0.5638407,0.21789478,0.21826454
3672957441,0.31856462,0.20769957,0.47373584
3672962834,0.076964654,0.8135007,0.10953457
3673046513,0.25634688,0.327863,0.41579017
3673241598,0.31643617,0.34668568,0.33687812
3673472734,0.24623202,0.29399443,0.45977354
3673488879,0.32994226,0.29742947,0.3726283
3673550570,0.27105275,0.38915962,0.33978766
3673573425,0.21459515,0.14641692,0.6389879
3673585695,0.64770705,0.15498234,0.19731061
3673631257,0.09406849,0.77327585,0.13265568
3673743930,0.38544858,0.29275367,0.32179776
3673843273,0.18426064,0.5735005,0.24223882
3673915424,0.5116495,0.24780585,0.24054462
3673928993,0.39483613,0.31088716,0.29427668
3674026201,0.35765398,0.29510495,0.34724107
3674047451,0.28737363,0.3573429,0.35528344
3674056820,0.35622114,0.35836762,0.28541124
3674134690,0.23531328,0.5079796,0.25670716
3674212947,0.10785146,0.7805099,0.111638635
3674215663,0.21269147,0.5423063,0.24500214
3674220736,0.17513219,0.5184995,0.3063683
3674284413,0.34125656,0.3366622,0.3220813
3674372368,0.50014806,0.25364694,0.246205
3674641973,0.37408552,0.3305517,0.29536277
3674744249,0.3871439,0.33505055,0.2778055
3674909307,0.29625997,0.2941142,0.40962583
3674991978,0.46726435,0.27388847,0.2588472
3675052073,0.41480568,0.24765271,0.33754164
3675251354,0.09387622,0.7785166,0.12760721
3675264140,0.07468776,0.8237937,0.101518534
3675376941,0.3110033,0.313752,0.37524474
3675436013,0.3662014,0.31504574,0.31875288
3675470930,0.35043702,0.31830528,0.33125773
3675501526,0.41859075,0.34506354,0.23634572
3675573142,0.46409684,0.27707085,0.25883228
3675583679,0.36524162,0.38737178,0.24738656
3675745855,0.314687,0.2712929,0.41402015
3675871959,0.3172702,0.32366994,0.35905987
3675985723,0.39863342,0.18284746,0.4185191
3676044983,0.5267393,0.22414838,0.24911238
3676254828,0.5327217,0.25579134,0.21148703
3676319948,0.3476964,0.32972375,0.32257983
3676331144,0.6043396,0.16842179,0.22723858
3676346837,0.3350723,0.40005517,0.2648725
3676353312,0.179374,0.6284603,0.19216573
3676556156,0.15046042,0.69712645,0.15241314
3676567220,0.3153548,0.31115016,0.37349498
3676649708,0.29255125,0.25044918,0.4569996
3676751156,0.21767789,0.50212127,0.2802008
3676829172,0.23923223,0.5233675,0.23740028
3676852925,0.12767224,0.7203747,0.15195303
3676854194,0.19203295,0.5990592,0.20890778
3676864924,0.31246614,0.41807026,0.2694636
3676872664,0.1938983,0.5959524,0.21014929
3676884742,0.26159593,0.21321094,0.52519315
3676944211,0.67881304,0.14889643,0.17229055
3677042146,0.39376825,0.31861153,0.2876202
3677158449,0.2962758,0.3607317,0.3429925
3677158576,0.4985683,0.2764331,0.22499861
3677242851,0.14047688,0.7036558,0.1558673
3677281150,0.34776533,0.26639184,0.38584283
3677288322,0.26728863,0.4177964,0.314915
3677331851,0.09908415,0.76645416,0.13446164
3677359478,0.121732555,0.11775323,0.7605142
3677380317,0.5020792,0.26513338,0.23278733
3677472526,0.5705989,0.1912968,0.23810442
3677542270,0.22466797,0.17887482,0.5964571
3677666042,0.28937566,0.2964849,0.41413948
3677672523,0.5414259,0.21422967,0.24434443
3677678708,0.50627774,0.24645112,0.24727115
3677695035,0.33481726,0.3160457,0.34913707
3677809919,0.26264712,0.4996437,0.23770924
3678065219,0.32184005,0.35045806,0.327702
3678234055,0.14898714,0.6941636,0.15684916
3678314759,0.42347407,0.28043246,0.29609346
3678316143,0.536927,0.19265364,0.27041936
3678344046,0.2850855,0.32130727,0.39360717
3678354771,0.3479047,0.369314,0.28278133
3678494888,0.12912188,0.7396905,0.1311876
3678586755,0.27080163,0.29422674,0.4349716
3678724717,0.37875623,0.3484512,0.27279264
3678773411,0.28858128,0.41918015,0.29223853
3678863989,0.21007216,0.47917816,0.31074977
3678876028,0.38599288,0.32336947,0.29063764
3678918256,0.50574255,0.2518874,0.24236995
3679087670,0.49558684,0.19712447,0.30728874
3679132468,0.13114364,0.6148474,0.25400895
3679209343,0.29881346,0.26330388,0.43788263
3679211938,0.37690476,0.29258513,0.33051005
3679501003,0.36708772,0.3100837,0.32282853
3679535066,0.3246484,0.31347728,0.36187425
3679644285,0.6182596,0.2009021,0.18083826
3679744909,0.27901855,0.2900983,0.43088314
3679752016,0.22558272,0.19992939,0.5744879
3679861908,0.42219532,0.34997958,0.22782508
3679872881,0.16266838,0.65967846,0.17765313
3679941508,0.5019453,0.27331892,0.22473578
3679979952,0.38119727,0.30046085,0.31834194
3680031316,0.21488044,0.54400486,0.24111477
3680089413,0.23041932,0.5172056,0.25237507
3680111467,0.3985963,0.31099197,0.29041174
3680177410,0.36521846,0.36501536,0.26976615
3680181826,0.26332113,0.42656192,0.31011695
3680245145,0.2352428,0.21489304,0.54986423
3680268090,0.3331285,0.34278858,0.324083
3680412110,0.3420155,0.39385334,0.26413122
3680515046,0.25039145,0.44482312,0.30478543
3680563722,0.28007847,0.4038197,0.31610182
3680613291,0.10156979,0.09124086,0.8071893
3680647458,0.40369454,0.29012406,0.3061814
3680673043,0.34477046,0.30780712,0.34742242
3680678754,0.28301293,0.27627012,0.44071695
3680721070,0.267227,0.25474837,0.4780246
3680864910,0.27862427,0.4117299,0.3096459
3680868481,0.68824565,0.10480663,0.2069477
3680869611,0.22893769,0.24043906,0.53062326
3680879679,0.38069367,0.33365285,0.28565338
3680992180,0.29635483,0.44018176,0.2634635
3681063038,0.33110568,0.30573693,0.36315742
3681122136,0.06698186,0.8455858,0.08743231
3681312843,0.3879582,0.38503852,0.2270033
3681683500,0.32509094,0.3075229,0.36738625
3682116501,0.32697505,0.34384844,0.32917655
3682119430,0.30477935,0.37428075,0.3209398
3682173708,0.52299786,0.2541922,0.22280997
3682238382,0.2528348,0.46969837,0.2774668
3682303795,0.2543101,0.15661637,0.5890736
3682303914,0.10792349,0.7684279,0.12364862
3682358226,0.40087295,0.36232367,0.2368034
3682449322,0.32595256,0.33703914,0.33700836
3682509003,0.3243879,0.3363067,0.3393054
3682533559,0.29831526,0.42437324,0.27731144
3682613026,0.39980882,0.35364714,0.24654408
3682672488,0.15336096,0.1969384,0.6497006
3682673639,0.5722742,0.21689118,0.21083461
3682707117,0.337918,0.2618878,0.40019423
3682738987,0.098507896,0.08051463,0.82097745
3682748106,0.26748344,0.2986607,0.43385595
3682864589,0.5855629,0.19896063,0.21547638
3682941009,0.27875444,0.38244557,0.33880004
3683036709,0.26728195,0.41860893,0.3141092
3683066810,0.16931348,0.5063523,0.3243342
3683100897,0.30534008,0.3958996,0.29876032
3683133922,0.28879327,0.23628446,0.47492227
3683184042,0.37902626,0.35192215,0.26905158
3683432898,0.3351253,0.23500606,0.4298687
3683467212,0.269847,0.2966542,0.43349883
3683480096,0.14147556,0.7052359,0.15328859
3683488221,0.42254195,0.23355202,0.34390596
3683616020,0.42267716,0.31429955,0.2630233
3683690755,0.39041695,0.30453527,0.30504778
3683773966,0.38036808,0.37485197,0.24477997
3683784098,0.10168272,0.72031325,0.17800404
3683810074,0.33945373,0.25365075,0.40689555
3683865732,0.5258956,0.2469661,0.22713827
3684040589,0.10325754,0.7831612,0.11358127
3684237310,0.3636782,0.31769326,0.31862858
3684280330,0.44440588,0.3356155,0.21997866
3684303288,0.6257498,0.18351923,0.19073096
3684328848,0.24776798,0.20268536,0.54954666
3684376048,0.19938172,0.5451491,0.25546917
3684479279,0.2724029,0.31796175,0.40963528
3684627889,0.25931066,0.28919896,0.4514903
3684769709,0.6814019,0.1498642,0.16873395
3684951393,0.41647026,0.2995681,0.28396165
3685029918,0.51844037,0.26319602,0.21836357
3685046668,0.26292256,0.2893418,0.4477356
3685054900,0.7000526,0.13386351,0.16608389
3685312925,0.34312546,0.3832023,0.2736723
3685361624,0.27064487,0.30913612,0.42021897
3685382479,0.33975095,0.38820606,0.27204305
3685438612,0.4265902,0.29490316,0.27850673
3685629364,0.45505226,0.21340321,0.33154458
3685793559,0.3417196,0.3831448,0.27513564
3685824509,0.5606376,0.20573889,0.2336235
3685939873,0.10677184,0.7699356,0.123292506
3685943128,0.2629704,0.2548875,0.48214215
3686007885,0.4971632,0.26052,0.24231681
3686077168,0.5234711,0.22893758,0.24759127
3686114133,0.3095883,0.40373403,0.2866777
3686152160,0.13225737,0.72126627,0.14647636
3686175999,0.56040746,0.2260012,0.21359134
3686232527,0.21554746,0.23898114,0.5454714
3686301853,0.28073606,0.37545687,0.3438071
3686384627,0.3137355,0.34844947,0.337815
3686492164,0.5423284,0.18493664,0.27273497
3686617184,0.4395741,0.29750687,0.26291895
3686668168,0.27541274,0.46079758,0.26378968
3686746532,0.16707915,0.631531,0.20138983
3686781752,0.33998117,0.33989716,0.32012174
3686790183,0.37982148,0.36853376,0.25164473
3686843013,0.23745255,0.25155988,0.5109876
3686910324,0.32132256,0.3227485,0.35592884
3687000119,0.23314653,0.48822126,0.2786321
3687000284,0.41074082,0.25272372,0.3365355
3687011406,0.4776319,0.2105514,0.3118167
3687066890,0.22805429,0.44410336,0.32784232
3687074879,0.26849195,0.2555112,0.47599688
3687082825,0.2678563,0.3039231,0.42822066
3687161968,0.26560298,0.40101638,0.33338064
3687273689,0.31257477,0.3183127,0.36911252
3687297983,0.16606313,0.6455413,0.18839562
3687481850,0.5234798,0.24218875,0.23433141
3687510342,0.26944712,0.2984667,0.4320861
3687590069,0.39299798,0.32780924,0.27919278
3687595941,0.30799738,0.27567014,0.41633248
3687635454,0.49943617,0.24964514,0.2509187
3687736476,0.19974494,0.510754,0.28950107
3687746974,0.4613604,0.22896874,0.3096709
3687761656,0.5802127,0.2031847,0.2166026
3687794551,0.37911645,0.29037753,0.33050603
3687807651,0.41968066,0.29625893,0.28406045
3687829294,0.42726132,0.28034008,0.29239854
3687854081,0.2925917,0.28571874,0.4216896
3687946915,0.27327076,0.27844736,0.4482819
3688072371,0.32787845,0.33230042,0.33982116
3688177637,0.31353104,0.38494098,0.30152798
3688205359,0.2243613,0.22448821,0.55115044
3688226303,0.24699712,0.23033315,0.5226698
3688261984,0.3781114,0.32349825,0.2983903
3688321088,0.33265132,0.3298883,0.33746034
3688342904,0.41588938,0.35876235,0.22534823
3688346070,0.37361497,0.3660244,0.2603606
3688367664,0.1860159,0.50486845,0.30911574
3688555096,0.1499634,0.15091619,0.69912046
3688601026,0.31998238,0.42058578,0.2594318
3688676242,0.46952006,0.27880153,0.25167844
3688891241,0.24433115,0.32752472,0.42814416
3688933862,0.37516314,0.32475957,0.30007732
3688936406,0.23991574,0.22465971,0.5354246
3688955192,0.150718,0.66531694,0.18396509
3688994942,0.26795843,0.32706308,0.4049785
3689041027,0.3018871,0.3072983,0.39081463
3689057317,0.4112592,0.31411946,0.2746213
3689158153,0.24988845,0.44282585,0.30728573
3689371708,0.08182896,0.8115769,0.10659414
3689417023,0.31161532,0.33124107,0.35714358
3689434174,0.17106892,0.6410522,0.18787892
3689472626,0.41674814,0.32239515,0.26085675
3689522908,0.25732586,0.5053322,0.237342
3689577690,0.24158277,0.24132533,0.5170919
3689670558,0.31122857,0.30776563,0.38100582
3689687911,0.09574678,0.7914902,0.11276303
3689688249,0.15405063,0.12580416,0.7201452
3689803229,0.38480103,0.39591032,0.21928865
3689807178,0.51206166,0.23176187,0.25617644
3689809270,0.47951436,0.29884478,0.22164088
3689901164,0.32967526,0.23120603,0.43911868
3689937226,0.23591675,0.34118426,0.42289907
3690002338,0.44183716,0.277938,0.2802248
3690021948,0.36357144,0.2812656,0.35516298
3690057183,0.16681151,0.62954485,0.20364371
3690329224,0.30382392,0.38759276,0.30858332
3690347874,0.5398133,0.22051282,0.23967388
3690449146,0.20069538,0.20926619,0.5900385
3690757682,0.5629703,0.2072843,0.22974546
3690778641,0.3513348,0.31459552,0.33406964
3690826391,0.22289996,0.18295033,0.59414977
3690848084,0.4829512,0.25564146,0.26140738
3690871312,0.26371935,0.38538074,0.35089993
3691016286,0.4487724,0.27729315,0.2739345
3691040204,0.4343228,0.26504865,0.30062854
3691060514,0.3672731,0.34413552,0.28859136
3691136141,0.07336297,0.8167767,0.10986032
3691166498,0.35036182,0.35773584,0.29190233
3691253408,0.3233837,0.33204904,0.34456724
3691318835,0.21466021,0.5666617,0.21867812
3691430931,0.18937801,0.571439,0.23918287
3691514083,0.51227635,0.23388538,0.2538382
3691530961,0.3362578,0.4282539,0.23548827
3691720121,0.3095479,0.4105763,0.2798757
3691720622,0.24822448,0.35332882,0.39844668
3691742633,0.37789622,0.32770583,0.29439804
3691809420,0.2954888,0.21263851,0.49187267
3691848438,0.5895279,0.1855192,0.22495289
3691887330,0.56540275,0.23460655,0.1999907
3691980282,0.32400528,0.33566216,0.34033254
3691999802,0.23545192,0.4441629,0.3203852
3692411368,0.1643782,0.1759981,0.6596237
3692499121,0.38528848,0.3587114,0.2560001
3692700791,0.5779417,0.19905071,0.22300759
3692719823,0.48505247,0.2991303,0.21581718
3692810841,0.23945534,0.49080378,0.2697409
3692833533,0.4159204,0.22903198,0.35504758
3692845304,0.60243505,0.19374995,0.20381497
3693121192,0.37913316,0.32992724,0.29093954
3693125506,0.39886066,0.36721548,0.23392385
3693155604,0.30442852,0.31642318,0.3791483
3693160435,0.28821117,0.44870853,0.2630803
3693213509,0.2628561,0.3871802,0.34996367
3693502236,0.39582968,0.30845535,0.29571494
3693522072,0.2548836,0.45708725,0.28802916
3693574479,0.5527936,0.24530028,0.20190616
3693621168,0.19058059,0.57792354,0.23149587
3693653598,0.41504848,0.3278067,0.25714478
3693656689,0.21908647,0.5454504,0.2354631
3693704817,0.35572496,0.39326292,0.2510121
3693740808,0.5050616,0.24115674,0.25378174
3693748801,0.2525805,0.26118273,0.4862368
3693805077,0.37964046,0.37442037,0.24593915
3693887115,0.27329367,0.46467704,0.26202932
3693888999,0.293284,0.35880825,0.3479078
3693967863,0.23960261,0.25724292,0.5031545
3694095504,0.14441913,0.6891348,0.16644612
3694157864,0.2465238,0.45765364,0.29582253
3694234981,0.37553793,0.29946956,0.32499254
3694583141,0.17776947,0.16786325,0.6543672
3694646966,0.3357126,0.35804665,0.3062407
3694856400,0.67426157,0.12966734,0.19607115
3694917168,0.18683408,0.15651985,0.65664613
3695032801,0.23538159,0.47463125,0.28998718
3695128110,0.5350047,0.22235519,0.24264014
3695236195,0.23020841,0.5671305,0.20266104
3695365246,0.23927814,0.46778172,0.29294008
3695479953,0.17518872,0.6242536,0.20055781
3695607048,0.27684242,0.2819488,0.44120872
3695632667,0.21538778,0.31031543,0.47429678
3695669672,0.54283124,0.23236193,0.22480687
3695705791,0.31499028,0.34309512,0.3419146
3695730529,0.2026952,0.5548543,0.24245049
3695893003,0.3396007,0.37068778,0.2897115
3695934489,0.36890408,0.334183,0.29691294
3696025079,0.31462708,0.17405255,0.51132035
3696050003,0.363112,0.35060027,0.28628767
3696499629,0.17448488,0.6271201,0.19839513
3696515701,0.34417865,0.34406272,0.31175858
3696778961,0.25621152,0.28345895,0.46032947
3696927226,0.37519345,0.30420983,0.32059675
3696942633,0.29102278,0.27654776,0.4324295
3697012880,0.49133617,0.27331492,0.23534882
3697047650,0.22610068,0.21420866,0.55969065
3697082456,0.094461,0.088587895,0.81695116
3697154082,0.36533758,0.37665647,0.258006
3697176208,0.27138934,0.34745118,0.3811595
3697201848,0.38469145,0.3142967,0.30101183
3697295617,0.20040648,0.5686536,0.23094001
3697387771,0.28283232,0.24456832,0.47259933
3697449017,0.17631629,0.5272887,0.29639506
3697544388,0.09795317,0.10515836,0.7968885
3697778683,0.3320692,0.44023612,0.22769463
3697788099,0.25097743,0.30907944,0.43994313
3697877660,0.21768449,0.5403413,0.24197413
3697979962,0.3401367,0.292962,0.36690128
3698163030,0.43313202,0.28558493,0.28128308
3698182249,0.105936676,0.77219296,0.12187035
3698200435,0.20428863,0.22246926,0.57324207
3698219651,0.52510095,0.21066962,0.26422945
3698412685,0.5640299,0.19159132,0.24437876
3698450240,0.327498,0.27313268,0.39936927
3698654501,0.23412934,0.20612681,0.5597439
3698702224,0.24818388,0.29208097,0.4597351
3698762499,0.26281875,0.26350188,0.47367933
3698798798,0.06780161,0.06638215,0.8658162
3698901729,0.3465419,0.31121668,0.34224132
3699105182,0.7450592,0.11400062,0.14094019
3699294446,0.29809943,0.36203727,0.3398633
3699369595,0.31175745,0.35639542,0.3318471
3699565590,0.26442498,0.30483645,0.43073848
3699764199,0.3591784,0.33829233,0.30252925
3699813401,0.4384695,0.29518008,0.26635045
3699822885,0.38227558,0.28948697,0.3282374
3699863168,0.45606634,0.29667413,0.24725956
3699865854,0.31470332,0.43317285,0.25212386
3699896292,0.12961446,0.7221861,0.14819947
3700426648,0.32311553,0.3431906,0.33369383
3700474814,0.24684568,0.24187404,0.5112803
3700566762,0.40103102,0.29059023,0.3083788
3700577071,0.31961867,0.29739347,0.3829879
3700581208,0.5241296,0.22778262,0.24808776
3700718927,0.32981205,0.32601514,0.34417278
3700803622,0.5425633,0.24321878,0.21421786
3700832940,0.3792645,0.35089433,0.26984113
3700842000,0.4025235,0.33920884,0.2582677
3701022986,0.47999513,0.260281,0.2597239
3701074401,0.5754971,0.22444847,0.20005445
3701115868,0.29725373,0.3087738,0.39397246
3701317994,0.6462213,0.1449303,0.20884848
3701410998,0.09317438,0.7846055,0.12222015
3701436024,0.3228273,0.34540164,0.3317711
3701437098,0.3794424,0.36835843,0.2521991
3701437371,0.28235203,0.28091317,0.4367348
3701442695,0.23449253,0.4390996,0.32640794
3701455325,0.10189458,0.75990814,0.13819724
3701475482,0.16261765,0.646241,0.19114128
3701588710,0.4318039,0.29600447,0.27219167
3701762874,0.414147,0.30360356,0.2822494
3701896356,0.36778298,0.28545746,0.34675956
3701900348,0.26491952,0.431471,0.3036095
3701961104,0.24475767,0.31711856,0.43812382
3701965308,0.23715888,0.47528094,0.28756016
3702096459,0.27434605,0.40397698,0.3216769
3702123801,0.29144952,0.3722583,0.33629218
3702162931,0.48846558,0.27605274,0.23548171
3702179310,0.33646104,0.27181938,0.3917196
3702184878,0.3633784,0.3241659,0.31245565
3702225864,0.7000251,0.12721525,0.17275968
3702345090,0.32814556,0.26446906,0.4073854
3702529300,0.18641008,0.61757076,0.19601916
3702590495,0.35316074,0.36859742,0.27824184
3702614679,0.32374135,0.4304025,0.24585624
3702788231,0.17659545,0.5838688,0.23953573
3702891527,0.1788618,0.17375304,0.64738524
3703039733,0.07948351,0.81353104,0.10698547
3703116209,0.3311505,0.37957174,0.28927773
3703119501,0.19170795,0.26978076,0.5385112
3703141146,0.35478336,0.3341276,0.311089
3703216286,0.10869217,0.7500629,0.14124493
3703268540,0.5987839,0.20815879,0.1930573
3703274211,0.6375669,0.16117178,0.20126131
3703288612,0.3321969,0.3951379,0.27266523
3703298031,0.14712009,0.123441294,0.7294386
3703347832,0.6044636,0.20380247,0.19173403
3703401303,0.2164705,0.21161075,0.5719187
3703539418,0.6309606,0.15880418,0.21023528
3703807426,0.32936206,0.33255994,0.33807796
3703826432,0.554226,0.23063718,0.21513689
3703893461,0.52055705,0.22580518,0.25363776
3703948918,0.26609504,0.22667374,0.5072312
3704110395,0.4033385,0.33919492,0.25746658
3704208685,0.25374827,0.41653705,0.32971466
3704362981,0.25869185,0.17345758,0.56785053
3704367063,0.23845582,0.50377345,0.25777066
3704431379,0.5494103,0.23972869,0.21086104
3704471220,0.4865704,0.2556464,0.2577832
3704559972,0.1471535,0.68932,0.16352645
3704595236,0.23192585,0.28093043,0.48714373
3704664857,0.3620499,0.31866747,0.31928262
3704874935,0.68982905,0.1375476,0.17262338
3705027930,0.3337079,0.33478957,0.33150253
3705157874,0.33208284,0.4093123,0.2586048
3705174565,0.19657683,0.61678916,0.18663394
3705269362,0.23679534,0.3383997,0.424805
3705277011,0.30071113,0.44139418,0.25789467
3705315538,0.20184183,0.17974345,0.61841464
3705519877,0.1575356,0.17370534,0.6687591
3705563586,0.32578155,0.34996215,0.3242563
3705612429,0.44890025,0.2965587,0.25454107
3705697806,0.41910204,0.28286806,0.29802996
3705730049,0.3249065,0.33377817,0.34131536
3705753186,0.38100305,0.3543571,0.26463988
3705760677,0.16796564,0.15699,0.67504436
3706099949,0.2166612,0.4970756,0.2862631
3706181114,0.27598345,0.3473949,0.37662163
3706280130,0.43249834,0.2594927,0.308009
3706433352,0.38287118,0.30240956,0.3147192
3706672788,0.34625238,0.37548897,0.27825874
3706756941,0.26866516,0.37575227,0.3555826
3706924601,0.20786871,0.21485639,0.57727486
3706930074,0.5909076,0.1983761,0.2107163
3706968151,0.095666096,0.77957344,0.12476043
3707100000,0.17260066,0.6273037,0.2000956
3707208630,0.50307053,0.2560132,0.24091622
3707317712,0.2377187,0.49047554,0.27180576
3707378093,0.15031324,0.6660617,0.18362506
3707441872,0.3513131,0.40131497,0.24737196
3707463367,0.35261008,0.26988357,0.3775063
3707479007,0.5905559,0.21449737,0.19494672
3707598400,0.38166285,0.30181557,0.31652164
3707652340,0.28988904,0.35104108,0.35906988
3707703587,0.64983124,0.17059702,0.17957172
3707708741,0.18052271,0.61999106,0.19948617
3707724680,0.16450784,0.1757362,0.65975595
3707751245,0.3599352,0.27402133,0.36604348
3707884411,0.38011587,0.3539071,0.26597705
3708108737,0.2220966,0.5225776,0.25532582
3708190155,0.40939987,0.31977543,0.27082476
3708229258,0.111581445,0.7087602,0.17965831
3708273287,0.24749872,0.3364511,0.4160502
3708529438,0.33755112,0.29085,0.3715989
3708591548,0.34263253,0.26027128,0.3970962
3708697020,0.17499244,0.15823711,0.6667704
3708759483,0.24804552,0.40931395,0.3426405
3708767663,0.38806015,0.35871476,0.2532251
3708780803,0.54726833,0.22590177,0.2268299
3708797485,0.48292783,0.25965032,0.2574218
3708821684,0.13553692,0.7296609,0.13480219
3708848178,0.08589505,0.08323377,0.83087116
3709001771,0.6582571,0.17031448,0.1714283
3709151547,0.4118581,0.2741298,0.31401205
3709238063,0.14293064,0.6785297,0.17853974
3709299191,0.32794207,0.38217464,0.28988326
3709416269,0.35174733,0.33946165,0.30879107
3709480948,0.18144128,0.27810034,0.5404583
3709570234,0.6419837,0.16904235,0.18897401
3709586737,0.3616392,0.33875197,0.29960886
3709663467,0.10227715,0.7730312,0.12469165
3709798919,0.47593015,0.27081484,0.25325504
3709828705,0.6060214,0.14959694,0.2443816
3709960701,0.10729255,0.7624306,0.13027687
3709962686,0.62795746,0.1784842,0.19355837
3710011374,0.2967088,0.40281895,0.30047235
3710135548,0.3977273,0.3157722,0.28650054
3710290750,0.468158,0.2417831,0.2900589
3710353258,0.16781472,0.66243035,0.16975494
3710447640,0.3370678,0.335078,0.32785422
3710500400,0.23997052,0.2708696,0.4891599
3710571251,0.3545927,0.34787416,0.29753318
3710571565,0.33172676,0.24599555,0.42227775
3710602042,0.6038889,0.20499559,0.19111548
3710617803,0.2669202,0.34826103,0.3848188
3710679182,0.3710596,0.2681814,0.36075896
3710779577,0.3237459,0.29864934,0.37760475
3710814731,0.3904232,0.27319628,0.33638054
3710839179,0.21086377,0.57015747,0.21897869
3710840159,0.6074047,0.19978976,0.19280541
3710901085,0.19623426,0.20391111,0.5998546
3710945249,0.21068147,0.55062354,0.23869503
3711040732,0.28289986,0.39447677,0.32262334
3711076413,0.36035326,0.3716008,0.26804596
3711135394,0.35095438,0.32267675,0.32636887
3711141935,0.30211413,0.37433428,0.32355154
3711196880,0.389413,0.31839094,0.292196
3711336122,0.41940582,0.35135123,0.229243
3711349428,0.35458097,0.37516862,0.2702505
3711430048,0.22275048,0.36776832,0.4094812
3711440916,0.5217913,0.22502355,0.25318515
3711485475,0.12640211,0.7282306,0.14536726
3711498481,0.34593275,0.37194902,0.2821181
3711572426,0.4110783,0.28322205,0.3056996
3711651074,0.6401058,0.18747027,0.172424
3711677764,0.46205315,0.24386792,0.29407898
3711699654,0.23182783,0.4741298,0.2940423
3711914323,0.2239756,0.28485492,0.49116954
3712004428,0.13159768,0.72748435,0.14091802
3712026570,0.39952895,0.28920507,0.31126606
3712043652,0.32345477,0.39815745,0.27838778
3712076237,0.34192982,0.27681574,0.38125443
3712274856,0.5292792,0.24089563,0.22982523
3712292271,0.2983175,0.33941904,0.36226344
3712305232,0.3413411,0.3884953,0.2701635
3712392764,0.31591502,0.3369253,0.34715968
3712425521,0.24616544,0.28009918,0.4737354
3712498996,0.1520694,0.12803182,0.71989876
3712523567,0.45226893,0.30070454,0.2470265
3712616095,0.31544477,0.33915013,0.3454051
3712618783,0.31361353,0.39777523,0.2886112
3712643744,0.25702304,0.44004437,0.3029326
3713030092,0.2952117,0.2912536,0.41353473
3713046666,0.21957612,0.5167352,0.26368862
3713066587,0.5718703,0.22002393,0.20810574
3713130369,0.22683935,0.5434042,0.22975644
3713190332,0.17653498,0.59474367,0.22872134
3713244948,0.484921,0.19267938,0.32239965
3713326809,0.2921974,0.31818524,0.38961735
3713371401,0.41511002,0.30647355,0.27841645
3713435944,0.5891634,0.19503757,0.21579894
3713445172,0.24639934,0.26975107,0.4838496
3713567712,0.105471775,0.10048148,0.7940467
3713622295,0.45543638,0.311822,0.23274165
3713829923,0.4794169,0.2965027,0.22408037
3713868738,0.400739,0.35527846,0.24398254
3713918030,0.12401111,0.7319962,0.14399272
3713924344,0.15520616,0.6537955,0.19099827
3714114848,0.2688613,0.38260236,0.34853637
3714189502,0.122499295,0.11880817,0.7586925
3714255796,0.24778971,0.47098467,0.2812256
3714334729,0.44740775,0.27770692,0.2748854
3714378603,0.35494477,0.34564224,0.29941297
3714387334,0.2247227,0.5136821,0.26159516
3714511516,0.2990325,0.422858,0.2781095
3714648359,0.36881903,0.33933568,0.2918453
3714775970,0.16613872,0.65967494,0.1741863
3714794293,0.1721662,0.62831694,0.19951689
3714855208,0.2623412,0.3069205,0.4307383
3714866923,0.2548842,0.34441492,0.40070084
3714901937,0.3069849,0.27348164,0.41953343
3715002202,0.44520992,0.26304218,0.29174793
3715066342,0.24445549,0.3602144,0.3953301
3715165360,0.16721173,0.6423606,0.19042762
3715175597,0.34799996,0.327806,0.32419407
3715250053,0.24216835,0.23335294,0.5244787
3715268410,0.13139385,0.71521276,0.15339336
3715283537,0.3682062,0.26652312,0.36527067
3715318345,0.20653082,0.1918112,0.60165787
3715386767,0.13897598,0.71140033,0.14962374
3715401887,0.3215622,0.34004134,0.3383964
3715463573,0.1668872,0.18822116,0.6448916
3715608168,0.17184982,0.20181295,0.6263373
3715654751,0.167502,0.14018208,0.69231594
3715692368,0.09206344,0.805642,0.10229454
3715814867,0.45050362,0.29876903,0.2507274
3715837998,0.78492206,0.08874737,0.12633054
3715928276,0.13377675,0.72830003,0.13792326
3716074659,0.45731476,0.29174814,0.25093707
3716351301,0.118869066,0.72429687,0.15683407
3716371936,0.36128002,0.3237917,0.31492823
3716440837,0.32533655,0.36328426,0.31137913
3716444822,0.3130527,0.41343445,0.2735128
3716454654,0.51862615,0.23489662,0.24647726
3716859929,0.37349638,0.32139423,0.30510932
3716871024,0.27992284,0.26438186,0.45569536
3716876408,0.3272326,0.26572388,0.40704346
3716931328,0.3111232,0.3902511,0.29862574
3716946276,0.43293324,0.30460346,0.26246336
3716981070,0.1837061,0.17008646,0.64620745
3716992370,0.6076908,0.18956114,0.20274803
3717005065,0.19139543,0.4288857,0.3797188
3717101898,0.37883624,0.2874834,0.33368036
3717199921,0.28800696,0.3011978,0.41079527
3717219948,0.20321265,0.25473136,0.54205596
3717360871,0.4822398,0.21444865,0.30331156
3717465904,0.1660109,0.6157064,0.21828264
3717527351,0.2589074,0.4660952,0.27499744
3717529825,0.30923358,0.31805518,0.37271124
3717583549,0.097369224,0.77512723,0.12750351
3717686644,0.49938563,0.26906797,0.23154634
3717721903,0.41664255,0.32529014,0.25806728
3717724012,0.35973856,0.2997064,0.34055507
3717751575,0.120084874,0.10851127,0.7714038
3717781886,0.08027039,0.8139843,0.10574532
3717959461,0.16444302,0.65239125,0.18316571
3717993526,0.26833934,0.32634047,0.4053202
3718021905,0.39453787,0.36695725,0.23850489
3718203659,0.2975398,0.3067229,0.39573732
3718302460,0.23067011,0.22116373,0.54816616
3718312839,0.24181414,0.42124605,0.33693978
3718315861,0.40326568,0.30153057,0.29520375
3718406458,0.17666563,0.63145834,0.19187613
3718467835,0.28528425,0.38013217,0.33458355
3718489573,0.18860121,0.6006006,0.21079822
3718532247,0.77461267,0.08789754,0.1374898
3718556367,0.2917407,0.2674577,0.44080156
3718727649,0.2885408,0.33640254,0.37505662
3718791374,0.35579142,0.3290384,0.31517014
3718997461,0.30750325,0.27086672,0.42162997
3719048931,0.4068941,0.33920035,0.2539056
3719060601,0.31233287,0.42972568,0.25794145
3719107224,0.23924279,0.44939566,0.31136155
3719195086,0.40336293,0.28125766,0.31537944
3719322338,0.4881256,0.28340623,0.22846824
3719380885,0.16547786,0.23452282,0.5999993
3719489924,0.15069042,0.6795564,0.16975312
3719525923,0.70958906,0.13689914,0.15351178
3719588178,0.42510715,0.24509664,0.3297962
3719661386,0.2194063,0.42938069,0.35121295
3719713710,0.31690392,0.3995049,0.28359127
3719777594,0.11499007,0.7406275,0.14438234
3719791418,0.43057612,0.327954,0.24146985
3719892018,0.3867629,0.2901218,0.32311532
3720001310,0.5323754,0.1816279,0.28599676
3720005219,0.43018264,0.25517678,0.31464055
3720006109,0.4042465,0.32871142,0.26704216
3720038219,0.2637221,0.2520015,0.4842764
3720182490,0.17944083,0.21524166,0.60531753
3720290634,0.13065773,0.17850818,0.69083405
3720346735,0.54710233,0.19762608,0.25527167
3720384994,0.33967632,0.28805736,0.37226626
3720415625,0.4013597,0.33692545,0.26171488
3720620747,0.4571029,0.26309058,0.27980646
3720699524,0.29845747,0.38202128,0.31952134
3720709833,0.48520932,0.26941136,0.24537937
3720760777,0.52578264,0.22974224,0.24447513
3720762636,0.42652652,0.2704934,0.30298012
3720907579,0.29294086,0.41965795,0.28740126
3720928395,0.22380467,0.5252767,0.2509187
3721051004,0.4826073,0.19873184,0.31866083
3721077798,0.36075917,0.3236224,0.3156184
3721316667,0.2579158,0.41582733,0.3262568
3721330649,0.7892062,0.07508138,0.13571233
3721399115,0.34110862,0.36106676,0.29782462
3721743268,0.23264258,0.49094394,0.27641356
3721838525,0.31266454,0.41523084,0.27210462
3721874821,0.15715873,0.15040426,0.692437
3722067249,0.39981005,0.30246165,0.29772836
3722068641,0.2979018,0.25451553,0.44758263
3722250556,0.25497928,0.31951854,0.42550224
3722383489,0.28004563,0.42211676,0.29783767
3722436192,0.35134357,0.30758262,0.34107384
3722473932,0.13956721,0.15724066,0.7031921
3722478645,0.32159546,0.37582597,0.30257857
3722494442,0.405908,0.33167905,0.26241297
3722500795,0.3484385,0.33742478,0.31413674
3722575419,0.23625231,0.48989373,0.27385396
3722663595,0.41341063,0.32924893,0.25734046
3722712205,0.3081941,0.40832847,0.28347743
3722826231,0.4767311,0.218544,0.3047249
3722838067,0.22884372,0.5518854,0.21927086
3722922021,0.36046836,0.3070843,0.33244732
3723232777,0.30265388,0.3802136,0.3171326
3723285150,0.5871374,0.1424177,0.27044496
3723635528,0.22365429,0.39816234,0.37818336
3723689058,0.30212045,0.39679012,0.30108944
3723766284,0.3432332,0.33082938,0.3259374
3723889120,0.29285607,0.38998714,0.31715682
3724023434,0.30288285,0.33939195,0.3577252
3724066854,0.39148214,0.30592287,0.302595
3724118576,0.6503843,0.15699072,0.19262494
3724189966,0.21509604,0.18253586,0.60236806
3724205743,0.5141129,0.24930918,0.23657802
3724219186,0.1878115,0.5229291,0.28925943
3724242453,0.18803184,0.60096306,0.21100517
3724319901,0.6329928,0.19262649,0.17438072
3724354238,0.18556383,0.19725974,0.61717635
3724414766,0.36556405,0.34745353,0.28698236
3724484784,0.38359714,0.3259857,0.29041716
3724547812,0.18345632,0.5883891,0.22815463
3724860212,0.2419648,0.45238677,0.30564842
3724912777,0.23418486,0.55679196,0.20902319
3724943600,0.32764685,0.35717684,0.3151764
3724976446,0.3730466,0.3212338,0.3057196
3725027931,0.4071949,0.3027701,0.29003495
3725099934,0.23992279,0.3850075,0.37506965
3725406667,0.726176,0.13425824,0.13956581
3725460559,0.504639,0.25687823,0.23848262
3725462415,0.36197972,0.3438319,0.29418838
3725486005,0.12143386,0.69507307,0.18349308
3725505210,0.21331374,0.266241,0.5204453
3725624220,0.31048942,0.38329548,0.3062151
3725635014,0.53209484,0.23099856,0.23690665
3725653619,0.54571927,0.22687922,0.22740147
3725726453,0.4076197,0.3393889,0.25299147
3725789243,0.47287336,0.2685486,0.258578
3725842581,0.5746681,0.20024642,0.2250855
3725970054,0.41555735,0.3319414,0.25250125
3725974457,0.21492146,0.52398485,0.26109362
3726023799,0.6907043,0.1459292,0.16336645
3726167791,0.348555,0.36610577,0.28533927
3726171361,0.29648507,0.3561771,0.34733784
3726276320,0.2575239,0.35245702,0.3900191
3726415651,0.30952427,0.35185733,0.3386184
3726433876,0.15164696,0.19143288,0.6569202
3726531309,0.061957352,0.8512919,0.08675075
3726628193,0.07916362,0.80862784,0.1122086
3726653682,0.31880724,0.35533848,0.32585427
3726666602,0.30271545,0.36448509,0.33279952
3726792117,0.23777966,0.5255598,0.23666057
3726833862,0.12616241,0.70524186,0.16859573
3727170884,0.45560142,0.29912683,0.2452718
3727201088,0.38468912,0.33730307,0.27800786
3727209221,0.107362844,0.77334857,0.1192886
3727267373,0.3115057,0.36625874,0.32223552
3727284166,0.12631182,0.71293193,0.16075622
3727288444,0.33686176,0.36580235,0.2973359
3727304104,0.4680129,0.29755068,0.23443644
3727346021,0.35124567,0.34908393,0.29967037
3727371622,0.5478561,0.24075246,0.21139151
3727470635,0.711218,0.105712086,0.18306987
3727498441,0.3273458,0.20631194,0.4663423
3727680992,0.39568886,0.32066685,0.28364426
3727792927,0.26860952,0.24350676,0.48788375
3727869361,0.17267889,0.63303655,0.19428454
3727923887,0.22588447,0.51154417,0.26257136
3727978045,0.37099096,0.33921242,0.28979665
3727996944,0.3414589,0.3354096,0.3231315
3728155402,0.6367014,0.15920691,0.20409165
3728194605,0.0979674,0.7638921,0.13814044
3728229999,0.06507425,0.8446642,0.09026154
3728246220,0.20716831,0.32352662,0.46930504
3728314032,0.54399717,0.22217514,0.23382773
3728336483,0.38751727,0.31508583,0.2973969
3728460229,0.36530042,0.35641187,0.2782878
3728490720,0.19005832,0.60698843,0.20295323
3728637176,0.24765371,0.4545729,0.29777342
3728672010,0.37224397,0.35408467,0.27367136
3728794351,0.62328804,0.19015798,0.18655398
3728804995,0.41484335,0.3293058,0.25585088
3728869560,0.34013855,0.33935535,0.32050607
3728992360,0.36362463,0.40211713,0.23425825
3729162934,0.21587332,0.24745084,0.5366759
3729257358,0.37485832,0.27349797,0.3516437
3729393639,0.36063525,0.2804387,0.3589261
3729395661,0.1882047,0.21903156,0.59276366
3729428194,0.5172662,0.21873419,0.2639995
3729441856,0.3901069,0.34568027,0.26421288
3729581395,0.34484285,0.35640532,0.29875183
3729607942,0.27948973,0.44479418,0.2757162
3729656827,0.42658433,0.30273324,0.27068242
3729662328,0.2850446,0.32829717,0.38665822
3729715526,0.34942368,0.29800162,0.35257474
3729833889,0.51341784,0.2810899,0.2054923
3729837682,0.33240992,0.38810295,0.2794871
3729897140,0.2764076,0.48213914,0.24145313
3730029201,0.721052,0.121390775,0.15755717
3730145328,0.31197947,0.2745173,0.41350323
3730270867,0.5328774,0.23699309,0.23012951
3730302850,0.27542835,0.37308913,0.35148248
3730388304,0.4048373,0.3284269,0.26673585
3730481112,0.15170291,0.14580743,0.70248973
3730605045,0.21426772,0.47955498,0.30617723
3730777287,0.58986396,0.18116787,0.22896822
3731007975,0.124262184,0.13248008,0.7432577
3731042597,0.20213683,0.16665705,0.6312061
3731049087,0.1405438,0.14579313,0.71366316
3731056844,0.46266776,0.2692181,0.26811412
3731135687,0.38851613,0.15845136,0.45303255
3731148637,0.5160607,0.20783854,0.2761007
3731255387,0.13482468,0.7171388,0.14803647
3731292408,0.2521872,0.22529627,0.52251655
3731408340,0.6893632,0.13652714,0.17410971
3731430537,0.61861277,0.17886138,0.2025259
3731479928,0.36146975,0.1869833,0.451547
3731525601,0.3998101,0.30192167,0.29826814
3731568423,0.29615837,0.27508968,0.42875198
3731752732,0.5643213,0.21153796,0.22414084
3731768466,0.42031103,0.32400084,0.25568807
3731785663,0.26645836,0.3730921,0.36044958
3731799708,0.3570129,0.35368252,0.28930452
3731824435,0.2621308,0.2855031,0.45236614
3731895431,0.7424412,0.10242415,0.15513471
3731998809,0.3916635,0.31377858,0.2945579
3732086202,0.11594465,0.7362439,0.1478114
3732116132,0.35591045,0.35927913,0.28481042
3732183849,0.29357824,0.32887548,0.3775464
3732225241,0.14213547,0.70830107,0.14956349
3732293659,0.30903316,0.42870605,0.26226082
3732327482,0.2140376,0.5949361,0.19102636
3732336716,0.17124972,0.25122774,0.5775226
3732399590,0.3354467,0.37192813,0.29262525
3732404309,0.25170594,0.53497064,0.2133235
3732571378,0.38150743,0.34092388,0.27756873
3732592870,0.59969985,0.20147161,0.19882858
3732711645,0.2598818,0.44802472,0.29209346
3732729486,0.25890186,0.4313183,0.3097798
3732821697,0.27612928,0.33906558,0.38480517
3732843490,0.3874193,0.28596658,0.32661414
3732848011,0.13814676,0.6951382,0.16671501
3732909513,0.17278074,0.6548251,0.17239416
3732958258,0.15572435,0.5609,0.28337565
3732990790,0.156476,0.64645696,0.19706702
3733056755,0.30650604,0.37997842,0.31351554
3733078820,0.36353433,0.33578128,0.30068436
3733218516,0.7580154,0.080663,0.1613216
3733267506,0.094997264,0.7890612,0.11594158
3733319312,0.24981016,0.35499024,0.3951996
3733578443,0.47245672,0.28216416,0.24537908
3733606904,0.64550287,0.17146415,0.18303293
3733614450,0.6116335,0.14525837,0.24310817
3733627202,0.16902927,0.17206088,0.65890986
3733680017,0.1151326,0.10806169,0.7768057
3733798004,0.3816543,0.287318,0.33102772
3733824558,0.37373462,0.31379068,0.31247473
3733868143,0.37606335,0.30208692,0.3218498
3733960318,0.22051114,0.2643581,0.51513076
3733981321,0.15935914,0.6681737,0.17246714
3734131702,0.35233268,0.32718372,0.32048354
3734147079,0.39515972,0.3320854,0.27275485
3734161806,0.34042007,0.39718127,0.26239866
3734172477,0.21345603,0.56311417,0.22342971
3734218942,0.41143066,0.27521414,0.31335518
3734311558,0.1924796,0.58176124,0.22575915
3734330395,0.23647939,0.23561214,0.5279085
3734376451,0.20825242,0.6008764,0.19087122
3734445836,0.31651473,0.15151213,0.5319731
3734506541,0.36850363,0.3070397,0.32445663
3734529356,0.40978333,0.3462077,0.24400894
3734562104,0.3141628,0.3543629,0.33147424
3734944021,0.28680262,0.39413556,0.3190618
3735006993,0.43573326,0.2961049,0.26816186
3735017777,0.5103863,0.26780525,0.22180845
3735073858,0.28744435,0.32404605,0.38850957
3735152806,0.43181184,0.3127119,0.2554763
3735282800,0.37220645,0.35918552,0.26860803
3735314232,0.2729162,0.42166996,0.30541387
3735408811,0.31442618,0.3218255,0.3637483
3735558078,0.48367652,0.25494617,0.26137733
3735560557,0.3226086,0.32983577,0.34755555
3735585610,0.77260816,0.08668817,0.14070365
3735639810,0.26940557,0.46436372,0.26623076
3735730700,0.32822272,0.39115533,0.28062198
3735766114,0.48568204,0.26164973,0.25266826
3735918262,0.3502687,0.29890677,0.3508245
3736161819,0.29638416,0.3734569,0.33015895
3736235940,0.3121935,0.38901192,0.29879463
3736274800,0.26597378,0.28748772,0.44653854
3736337847,0.69076073,0.14510389,0.16413532
3736370176,0.31824145,0.3638943,0.31786427
3736477516,0.17118205,0.18824573,0.6405722
3736499174,0.24334353,0.45806837,0.298588
3736630199,0.7897921,0.08682644,0.12338147
3736889986,0.48664245,0.29622316,0.21713446
3736960442,0.34367108,0.32003567,0.33629322
3736995727,0.09695444,0.08976052,0.8132851
3737015423,0.49956402,0.27824476,0.22219129
3737031010,0.19078894,0.62019104,0.18902
3737069000,0.30600768,0.41312808,0.2808642
3737188175,0.3139522,0.36896607,0.31708172
3737257757,0.24790394,0.24049588,0.5116002
3737319341,0.37951106,0.28224596,0.338243
3737429611,0.32369372,0.3460903,0.33021596
3737444300,0.25845116,0.35920513,0.38234374
3737474138,0.5601009,0.21209711,0.22780192
3737543136,0.3883653,0.3117257,0.29990903
3737563682,0.112577945,0.101829864,0.7855922
3737566571,0.7371851,0.100226656,0.16258821
3737728942,0.30951783,0.33699206,0.35349017
3737851192,0.4905241,0.2525075,0.2569684
3737858439,0.63719034,0.19257738,0.1702323
3737896227,0.38258857,0.35458368,0.26282775
3737982119,0.3695342,0.38009632,0.25036943
3737984919,0.3352104,0.41181812,0.25297153
3738010876,0.31238812,0.30903134,0.3785805
3738200428,0.2561731,0.27874303,0.46508387
3738232163,0.23513561,0.5341907,0.23067376
3738243442,0.11183879,0.7484915,0.13966972
3738331574,0.59116,0.20586427,0.20297568
3738344338,0.5526617,0.19574247,0.2515958
3738348886,0.5457457,0.21652786,0.23772648
3738360932,0.46278927,0.28390437,0.25330633
3738387519,0.25748414,0.40284187,0.33967406
3738404108,0.30579427,0.31747836,0.37672737
3738456599,0.31938964,0.32786864,0.35274172
3738559037,0.33147645,0.3508091,0.31771445
3738592086,0.11233622,0.75685275,0.13081098
3738674887,0.26209834,0.20682536,0.5310764
3738709202,0.1941039,0.59147704,0.21441902
3738749806,0.28271553,0.3678845,0.3494
3739042517,0.22069982,0.5327259,0.24657427
3739255177,0.44310862,0.2945284,0.26236293
3739346291,0.4422051,0.2986422,0.25915268
3739462441,0.4168577,0.30958065,0.27356163
3739486994,0.33120114,0.36071253,0.30808634
3739558809,0.38183817,0.3420263,0.27613553
3739568658,0.36180264,0.36655068,0.27164656
3739590948,0.49595943,0.28080827,0.22323236
3739602374,0.24555786,0.41436884,0.3400733
3739618078,0.33329156,0.40852484,0.25818354
3739632566,0.35284668,0.17147265,0.47568062
3739654860,0.30086303,0.3107774,0.38835955
3739666136,0.22040333,0.24316482,0.5364318
3739717638,0.31628367,0.29028183,0.3934344
3739733933,0.48080572,0.28544912,0.23374519
3739817938,0.32139075,0.38017347,0.29843587
3739993851,0.24569821,0.3073628,0.44693896
3740018414,0.44702518,0.30640164,0.24657322
3740057142,0.14943297,0.6803472,0.17021987
3740057771,0.22599621,0.4925029,0.28150085
3740071849,0.23805408,0.4998321,0.2621139
3740102985,0.30256617,0.3821181,0.31531566
3740183519,0.3380824,0.37504697,0.2868706
3740188909,0.41267183,0.31711438,0.27021375
3740295668,0.10418058,0.7797738,0.11604562
3740326330,0.34698406,0.36773658,0.28527936
3740388825,0.7376971,0.11326992,0.14903294
3740495791,0.38526967,0.3235639,0.29116648
3740545611,0.14382686,0.6976197,0.15855348
3740859354,0.1806829,0.59866273,0.22065434
3740884877,0.33403108,0.35217747,0.3137915
3740941622,0.48428994,0.22461629,0.29109377
3740978033,0.25997233,0.22391762,0.5161101
3741329789,0.27801567,0.29439616,0.4275882
3741334360,0.17150317,0.6189864,0.20951037
3741601061,0.29516724,0.37448132,0.3303515
3741689399,0.37731615,0.312199,0.31048486
3741690540,0.23211616,0.13166505,0.6362188
3741735864,0.34490976,0.21318021,0.44191006
3741752260,0.6367187,0.1771685,0.18611288
3741755812,0.25871447,0.4501698,0.29111582
3741781378,0.14061031,0.12474077,0.73464894
3741801190,0.28024167,0.3169699,0.40278843
3742020009,0.3678483,0.30583504,0.32631665
3742245725,0.08339112,0.80715835,0.10945052
3742252703,0.27554527,0.28580585,0.43864888
3742327721,0.22370067,0.25511324,0.5211862
3742478187,0.6568197,0.16463643,0.17854379
3742499089,0.54035896,0.25666672,0.20297426
3742599824,0.32762367,0.17459641,0.49777997
3742633995,0.7335541,0.10802064,0.15842526
3742642618,0.09612632,0.78641415,0.11745959
3742686654,0.32252064,0.34108853,0.33639082
3742702910,0.21315956,0.4303242,0.35651624
3742760845,0.3204752,0.40317383,0.276351
3742820169,0.33624431,0.25236395,0.41139168
3742901912,0.3781205,0.2514636,0.3704159
3742932642,0.27892533,0.32957613,0.39149848
3743054600,0.16273071,0.65418535,0.18308397
3743074443,0.35114688,0.34436804,0.30448508
3743187888,0.54291207,0.21389854,0.24318942
3743220645,0.2463338,0.44333193,0.31033424
3743232910,0.24668208,0.23195924,0.52135867
3743307353,0.3926925,0.24840474,0.35890275
3743318948,0.32188475,0.38312536,0.2949899
3743391962,0.34695524,0.22938389,0.42366096
3743427541,0.44536456,0.31485936,0.23977605
3743497050,0.19733441,0.6155658,0.18709975
3743626190,0.10215338,0.0865017,0.8113449
3743660196,0.10807778,0.12771128,0.76421094
3743743457,0.22704272,0.48252958,0.2904277
3743874734,0.23250721,0.250743,0.51674974
3744015319,0.3913376,0.36498496,0.24367738
3744155147,0.43697518,0.3364607,0.22656417
3744180200,0.38993046,0.3149346,0.29513496
3744303549,0.5395062,0.24454634,0.21594746
3744385158,0.56283957,0.21444608,0.22271441
3744513562,0.22181875,0.21610719,0.56207407
3744548464,0.19246179,0.27430004,0.53323823
3744656253,0.2215159,0.5207364,0.25774774
3744709847,0.34315047,0.2860615,0.370788
3744744793,0.50398123,0.25612274,0.239896
3744884282,0.5156367,0.2426996,0.2416637
3745050032,0.20131542,0.58288664,0.21579795
3745155179,0.34191415,0.3513225,0.30676338
3745181406,0.48573476,0.2711258,0.24313954
3745223690,0.5098341,0.26117828,0.22898759
3745457646,0.6038531,0.19185908,0.20428775
3745469809,0.2540159,0.19799447,0.5479897
3745503703,0.3726825,0.32657444,0.30074304
3745601239,0.2585735,0.47530288,0.26612362
3745692523,0.63153887,0.17220546,0.1962556
3745816177,0.3780728,0.32285526,0.29907194
3745897759,0.25578785,0.3845391,0.35967305
3745958052,0.30442044,0.3253424,0.37023714
3746035738,0.102606416,0.78256494,0.114828594
3746040845,0.21392965,0.20403683,0.58203346
3746045551,0.22702171,0.5229574,0.25002083
3746075052,0.20838721,0.21466681,0.5769459
3746195187,0.21908703,0.429609,0.35130394
3746261075,0.5620753,0.21853934,0.21938536
3746301976,0.18346311,0.16955073,0.6469861
3746350111,0.7428336,0.11537298,0.14179346
3746358009,0.11528593,0.12817925,0.7565348
3746494995,0.3496189,0.3122319,0.3381492
3746555880,0.39589185,0.35476562,0.24934253
3746631947,0.16261104,0.6286678,0.20872122
3746686033,0.34486425,0.31927773,0.335858
3746708399,0.14170288,0.6591237,0.1991734
3746868648,0.24321608,0.28593963,0.47084424
3746910970,0.32283807,0.36762244,0.30953953
3746954523,0.37990564,0.3468298,0.27326462
3747093474,0.2974774,0.40046832,0.3020543
3747097560,0.259026,0.41988853,0.32108545
3747126136,0.37646097,0.32003418,0.3035049
3747496222,0.4243195,0.2986449,0.27703562
3747530961,0.07480688,0.8259248,0.09926831
3747541139,0.49009287,0.25572768,0.2541795
3747675779,0.3198581,0.32991412,0.35022777
3747691768,0.19552062,0.19010714,0.6143723
3747712799,0.21231203,0.20298623,0.5847018
3747795109,0.25511295,0.36646533,0.37842175
3747898670,0.11785613,0.12396394,0.7581799
3747910041,0.23996875,0.32561854,0.43441272
3748156535,0.2971571,0.4423767,0.2604662
3748180674,0.33495575,0.32651794,0.3385263
3748192224,0.26970345,0.36369422,0.36660227
3748377195,0.15550733,0.14740184,0.69709086
3748396828,0.31421125,0.3313095,0.35447925
3748518295,0.17388678,0.6394773,0.18663585
3748640858,0.3612064,0.28761432,0.3511792
3748678930,0.23864198,0.27919778,0.48216033
3748857829,0.36761233,0.35476232,0.27762535
3748957253,0.59412336,0.19671273,0.20916387
3748960040,0.50514144,0.25813785,0.23672067
3749019136,0.25887707,0.28013596,0.46098694
3749023236,0.23150861,0.4804275,0.288064
3749050241,0.3459283,0.23990558,0.4141661
3749065924,0.3461586,0.41784775,0.23599362
3749118402,0.39979813,0.30396095,0.296241
3749203017,0.118566856,0.75398827,0.12744494
3749297763,0.36146477,0.30012724,0.33840805
3749335714,0.45423076,0.24909158,0.29667765
3749382959,0.13840856,0.6919265,0.16966495
3749391134,0.3056579,0.29521385,0.3991283
3749519125,0.50122774,0.26833823,0.23043403
3749525184,0.23168392,0.37606892,0.3922472
3749557287,0.60062915,0.16748278,0.23188806
3749646233,0.47537166,0.2859477,0.23868062
3749781750,0.33437192,0.34283078,0.32279733
3749877656,0.29522237,0.34343868,0.36133897
3749932508,0.4222342,0.31910115,0.25866467
3749948752,0.4447703,0.30546737,0.24976237
3749975439,0.12967217,0.71312654,0.1572013
3750020108,0.40685406,0.31721437,0.27593166
3750035884,0.32117024,0.3689736,0.3098561
3750126352,0.32507735,0.38164696,0.2932757
3750351635,0.72621864,0.12985648,0.14392489
3750415411,0.21389413,0.52096486,0.265141
3750418626,0.29258606,0.42954233,0.27787164
3750514510,0.28669852,0.40008265,0.3132188
3750606520,0.32687873,0.33745012,0.33567116
3750610280,0.2865129,0.26872227,0.44476488
3750626655,0.17557569,0.5915358,0.23288856
3750833887,0.382018,0.3180533,0.29992872
3750842127,0.51895046,0.2089619,0.2720876
3750854297,0.414702,0.28652596,0.29877204
3751005810,0.3387876,0.35999915,0.30121332
3751120425,0.30889085,0.4225264,0.26858282
3751222888,0.43324727,0.30891094,0.25784183
3751314777,0.1489641,0.66137624,0.1896596
3751351081,0.55424225,0.22128697,0.22447082
3751411440,0.11704213,0.10334102,0.77961683
3751492229,0.27849036,0.41641647,0.3050932
3751523683,0.5614022,0.22106408,0.21753372
3751571607,0.37629837,0.3453878,0.27831385
3751671172,0.47777733,0.26552072,0.25670198
3751749550,0.21287572,0.4536273,0.33349696
3751753183,0.14494051,0.6697408,0.18531871
3751815232,0.27438036,0.33943158,0.38618803
3751848139,0.6467803,0.1619567,0.19126303
3751861492,0.45699564,0.24735902,0.29564533
3751917710,0.3267095,0.32028684,0.35300365
3751999729,0.069968194,0.8342129,0.09581893
3752160578,0.3294829,0.31446868,0.35604838
3752164241,0.15245096,0.64326066,0.20428842
3752222513,0.101005964,0.7661816,0.13281243
3752244768,0.108658105,0.10482945,0.78651243
3752482833,0.602348,0.19866228,0.19898961
3752484671,0.1423345,0.6983543,0.1593112
3752490723,0.40486878,0.2697025,0.32542875
3752638383,0.25542003,0.16953275,0.57504725
3752690913,0.5860958,0.21291015,0.200994
3752795034,0.32040417,0.39689517,0.28270072
3752850843,0.21830526,0.49824747,0.28344736
3752933000,0.314001,0.37248892,0.3135101
3752996035,0.10040926,0.106888235,0.7927025
3753004450,0.49082112,0.2665446,0.24263424
3753010781,0.2340188,0.47212237,0.2938588
3753061042,0.19954595,0.5125119,0.28794217
3753168292,0.16943675,0.65093386,0.1796294
3753176000,0.3464188,0.34074965,0.31283152
3753348653,0.096701995,0.08986874,0.81342936
3753391914,0.46555156,0.2571802,0.27726826
3753524977,0.13429403,0.7066068,0.15909919
3753571831,0.14514747,0.13839465,0.7164579
3753574670,0.37203565,0.31239462,0.31556967
3753732720,0.2693316,0.3151155,0.41555282
3753802269,0.3666749,0.37177896,0.2615461
3753842690,0.29623199,0.33623248,0.36753556
3753882781,0.2340369,0.32149735,0.44446573
3754049619,0.3238472,0.39478746,0.2813654
3754065133,0.36991054,0.28475773,0.3453317
3754118767,0.23262815,0.49053594,0.27683592
3754136899,0.26136157,0.46341598,0.27522236
3754464420,0.33038333,0.3464944,0.32312226
3754726950,0.5508424,0.21891335,0.23024432
3754786150,0.21595009,0.44027773,0.3437723
3754830277,0.18740135,0.17478938,0.6378092
3754971086,0.7795845,0.088718735,0.1316967
3755117254,0.2528446,0.41787907,0.32927632
3755127319,0.32397074,0.35057735,0.32545185
3755191689,0.25209054,0.24306713,0.50484234
3755293409,0.37150502,0.3161007,0.31239432
3755451447,0.32114536,0.2619331,0.4169216
3755455157,0.27893212,0.27889007,0.4421778
3755586917,0.38879567,0.29662865,0.3145757
3755670003,0.09713536,0.79038936,0.11247525
3755682076,0.5554494,0.19619836,0.2483522
3755684571,0.30055925,0.2890414,0.41039932
3755833128,0.29274493,0.23527545,0.47197968
3755905280,0.32833362,0.18906616,0.4826002
3756063037,0.634763,0.16121268,0.20402427
3756242083,0.39802104,0.31657273,0.28540623
3756355577,0.3838872,0.3271631,0.28894967
3756417594,0.3769911,0.25849319,0.36451575
3756420604,0.3595864,0.3014996,0.3389141
3756421444,0.33814296,0.29425845,0.3675986
3756445148,0.31294194,0.35113,0.3359281
3756491459,0.7024825,0.12472212,0.17279536
3756585658,0.38985637,0.29765534,0.3124883
3756588315,0.3022783,0.3028929,0.39482883
3756628684,0.2921974,0.31818524,0.38961735
3756668797,0.09072335,0.78730536,0.121971294
3756785110,0.6539634,0.16501266,0.18102393
3756823139,0.48476937,0.2691795,0.24605112
3756896983,0.28816718,0.33614278,0.37569007
3757099105,0.32774305,0.17765227,0.49460462
3757625602,0.24043693,0.23614289,0.52342016
3757700160,0.36577967,0.3455145,0.28870583
3757808274,0.25673234,0.3000584,0.44320923
3757897517,0.40833914,0.22807527,0.36358565
3757908057,0.21863796,0.23920242,0.54215956
3757908827,0.3641358,0.34556824,0.290296
3758049327,0.20792882,0.2226318,0.5694394
3758070308,0.5793566,0.22282419,0.19781926
3758091796,0.29412845,0.41786417,0.28800738
3758192510,0.11480407,0.7514882,0.13370773
3758207435,0.323949,0.3440558,0.33199522
3758274822,0.16897385,0.18138023,0.649646
3758306981,0.26929232,0.44457012,0.28613758
3758376998,0.17112747,0.17822862,0.65064394
3758448267,0.15889288,0.14414881,0.6969583
3758499260,0.17293379,0.1670227,0.66004354
3758515265,0.37931117,0.31114343,0.30954537
3758715968,0.3249532,0.36302188,0.31202498
3758789787,0.28928638,0.2584889,0.4522247
3758816380,0.31726354,0.35107845,0.331658
3758896284,0.2387759,0.3703381,0.39088604
3758945933,0.20595343,0.44978407,0.34426254
3759150161,0.23747079,0.50280744,0.25972182
3759278098,0.1996435,0.51120347,0.28915292
3759323482,0.48979488,0.25342983,0.2567753
3759332697,0.22714873,0.43887985,0.33397147
3759352585,0.2627119,0.22800064,0.5092875
3759545157,0.29854423,0.2998598,0.401596
3759751639,0.2892398,0.4540465,0.25671375
3759767372,0.13506313,0.7180806,0.14685631
3759864416,0.43844768,0.28991133,0.27164105
3759889336,0.55819565,0.22476035,0.21704401
3759956951,0.13381581,0.67414737,0.1920368
3759958464,0.26746964,0.24695493,0.4855755
3759997228,0.44665653,0.24034673,0.31299672
3760046629,0.289314,0.41485998,0.295826
3760049298,0.34896848,0.3213149,0.32971665
3760107600,0.22909999,0.17409045,0.59680957
3760188321,0.55762124,0.23212601,0.21025275
3760215177,0.5946127,0.20092654,0.2044607
3760216111,0.26164508,0.4104047,0.32795027
3760439929,0.21765701,0.5798055,0.20253749
3760455711,0.24119565,0.51529616,0.24350822
3760541530,0.18201062,0.62079275,0.19719662
3760552092,0.33075923,0.36508247,0.30415827
3760726154,0.2427375,0.35529968,0.4019628
3760802936,0.4344759,0.26736155,0.29816246
3760998330,0.23959218,0.35044762,0.40996024
3761004347,0.2517449,0.47312817,0.27512684
3761034898,0.2714795,0.43033943,0.29818106
3761119095,0.19368353,0.5798317,0.22648473
3761125210,0.37794882,0.34552833,0.2765229
3761180381,0.32067007,0.30198267,0.37734723
3761213237,0.45227653,0.27435195,0.27337155
3761339886,0.38233677,0.3427697,0.27489352
3761357639,0.44339004,0.26018107,0.2964289
3761409737,0.3844455,0.33308944,0.28246507
3761431876,0.16551472,0.16215494,0.6723304
3761520487,0.3061118,0.39289337,0.30099487
3761547405,0.52893096,0.21911874,0.2519503
3761739037,0.20427999,0.18633324,0.60938674
3761792089,0.36539313,0.28884506,0.34576178
3761857471,0.24105416,0.35645822,0.4024877
3761926843,0.3446575,0.34430298,0.31103954
3761948397,0.5796765,0.22799762,0.19232589
3762026937,0.62076956,0.19457549,0.18465495
3762051552,0.52007914,0.23715931,0.24276151
3762196983,0.21083146,0.5328177,0.2563507
3762198604,0.26861924,0.42538646,0.3059943
3762631344,0.28157628,0.45057514,0.2678486
3762682310,0.3921842,0.30740556,0.30041033
3762818618,0.54695255,0.17702007,0.27602732
3763088057,0.28125113,0.3221004,0.39664838
3763182154,0.14709075,0.6792859,0.17362332
3763184161,0.27059576,0.3561256,0.37327862
3763191966,0.3805283,0.3452664,0.27420533
3763225849,0.2116298,0.39425218,0.39411792
3763331210,0.33328736,0.35070017,0.3160124
3763552221,0.26149058,0.5042948,0.23421468
3763700560,0.26264918,0.2686501,0.46870068
3763762558,0.26045135,0.42272943,0.3168192
3763822413,0.318295,0.41390827,0.26779678
3763886748,0.20640084,0.22782053,0.5657786
3763893852,0.17857784,0.56660104,0.2548211
3763916938,0.2756609,0.4387476,0.28559148
3763995350,0.3556034,0.408278,0.23611857
3764094717,0.17203808,0.1935784,0.63438356
3764162314,0.15066186,0.1423701,0.70696807
3764248509,0.24984533,0.38367355,0.36648104
3764452979,0.5184292,0.25432667,0.22724417
3764488776,0.2941196,0.3512195,0.35466084
3764493735,0.4512101,0.2869179,0.26187205
3764639217,0.31509832,0.35655475,0.32834688
3764660351,0.40965527,0.261175,0.32916972
3764660837,0.3395402,0.33307755,0.32738227
3764668563,0.36209115,0.300259,0.33764988
3764686981,0.37535307,0.34738517,0.2772617
3764843303,0.41456118,0.3219893,0.26344958
3764855568,0.19717787,0.19493648,0.6078856
3764905091,0.29397166,0.40446538,0.30156296
3765087832,0.21651982,0.32102144,0.46245882
3765093586,0.43532643,0.30990726,0.25476632
3765098524,0.3081741,0.33644104,0.35538483
3765100577,0.408093,0.33728492,0.25462204
3765170654,0.10993872,0.6659322,0.22412908
3765279485,0.5042411,0.276745,0.21901385
3765305495,0.21078382,0.5757413,0.21347484
3765349614,0.35512227,0.33548772,0.30938998
3765417783,0.615011,0.16991413,0.21507493
3765590473,0.09833781,0.104778305,0.7968839
3765599159,0.35791552,0.3401763,0.30190822
3765719304,0.13359419,0.72841537,0.13799044
3765866923,0.4090367,0.3232076,0.2677558
3765940499,0.6870084,0.12913108,0.18386054
3766021995,0.29345405,0.15498927,0.55155677
3766138211,0.20426112,0.33929104,0.45644787
3766341025,0.1861614,0.17750709,0.6363315
3766372654,0.36405998,0.28681388,0.34912622
3766411270,0.5315585,0.250715,0.21772645
3766482247,0.25944462,0.44328713,0.2972683
3766495468,0.31349787,0.30862302,0.37787914
3766496710,0.55041033,0.2297903,0.21979934
3766532499,0.24491821,0.22810425,0.52697754
3766590058,0.20236866,0.5654244,0.23220696
3766699109,0.5431155,0.24919653,0.20768802
3766821786,0.49145338,0.25604284,0.25250375
3766904979,0.63649994,0.17163129,0.19186872
3767051597,0.24292424,0.5046208,0.2524549
3767062978,0.4900866,0.24202694,0.26788652
3767267212,0.26943257,0.36385745,0.36670998
3767277141,0.3375141,0.31810182,0.34438407
3767342966,0.4047412,0.30109218,0.29416662
3767500421,0.37673968,0.32156745,0.30169284
3767624105,0.24212909,0.21644075,0.5414302
3767641517,0.34840712,0.3450335,0.30655938
3767642004,0.4903559,0.22391598,0.28572804
3767665636,0.29441053,0.36136422,0.34422523
3767716538,0.32081994,0.38600624,0.29317388
3767762665,0.38321254,0.32992017,0.2868673
3767793899,0.36260822,0.3629543,0.27443755
3768037628,0.55030054,0.2335937,0.21610579
3768267378,0.18174653,0.17295998,0.6452934
3768343103,0.17721951,0.62642354,0.19635691
3768404526,0.4321895,0.3383218,0.22948864
3768406353,0.20062652,0.20443906,0.5949344
3768459307,0.37183756,0.35123962,0.27692285
3768538518,0.32228962,0.36505866,0.31265166
3768637134,0.07937859,0.07268548,0.84793603
3768753421,0.120214626,0.73113304,0.14865236
3768954678,0.27242842,0.25333098,0.47424057
3768993120,0.2523998,0.22100995,0.5265902
3769114854,0.35853094,0.1449047,0.49656433
3769136184,0.51519334,0.2085505,0.2762562
3769175917,0.26273364,0.34559587,0.39167053
3769261864,0.4577186,0.25947192,0.2828095
3769310431,0.79608047,0.07499666,0.12892283
3769618278,0.37025163,0.3447081,0.2850403
3769636196,0.34861755,0.33805642,0.31332606
3769861423,0.3856336,0.37744558,0.23692085
3769913719,0.39438468,0.29562372,0.30999157
3770006663,0.21351375,0.29861796,0.48786834
3770112426,0.27278054,0.39137718,0.3358423
3770201654,0.40169385,0.23585978,0.3624464
3770507351,0.36390844,0.33093134,0.30516016
3770561373,0.3860113,0.34754124,0.26644745
3770628473,0.32534686,0.37144828,0.30320483
3770672901,0.2920098,0.22989526,0.47809494
3770774049,0.27873468,0.37805083,0.34321442
3770827494,0.29766366,0.39560008,0.30673635
3770878800,0.6070262,0.1875296,0.20544416
3770890701,0.477685,0.26381364,0.25850135
3770942318,0.37740576,0.30409288,0.31850135
3770982460,0.32322586,0.37555203,0.30122215
3771002520,0.51640344,0.2551662,0.22843036
3771057737,0.3976394,0.30304384,0.29931676
3771098618,0.16251011,0.16701967,0.6704702
3771135279,0.2669849,0.35222122,0.38079384
3771139270,0.26851425,0.2265266,0.50495917
3771172165,0.14694871,0.68847805,0.16457328
3771265728,0.10922874,0.1026071,0.7881642
3771316582,0.24517266,0.40423295,0.3505944
3771407796,0.29551733,0.39502975,0.30945292
3771453361,0.36503035,0.30054685,0.3344228
3771656835,0.26740894,0.3785859,0.35400516
3771704468,0.27600762,0.30474293,0.41924945
3771724399,0.22475387,0.2063102,0.5689359
3771771183,0.39317125,0.3293429,0.2774859
3772046898,0.36400643,0.3365628,0.2994308
3772206500,0.25976434,0.29186913,0.4483665
3772225675,0.31377175,0.26938158,0.41684666
3772256723,0.36182716,0.3748691,0.2633037
3772346152,0.29180187,0.37361145,0.3345868
3772370225,0.252542,0.522092,0.225366
3772396767,0.297937,0.32214877,0.37991422
3772621273,0.48184758,0.25032628,0.26782614
3772629128,0.16715154,0.16626091,0.66658753
3772684797,0.3543793,0.3424242,0.3031965
3772731413,0.19686413,0.19802709,0.60510886
3772846778,0.2352038,0.54156923,0.22322696
3772866992,0.2692629,0.3040005,0.4267366
3772870721,0.11663438,0.11107483,0.7722909
3772872987,0.2091759,0.57672524,0.21409886
3772975709,0.38615724,0.26225865,0.35158414
3773015095,0.38380614,0.30510122,0.31109267
3773163717,0.29417747,0.2802811,0.42554134
3773391197,0.2262853,0.4762994,0.29741526
3773401058,0.4400496,0.26902196,0.29092845
3773402284,0.32052237,0.33491036,0.34456736
3773437963,0.27742848,0.3153073,0.40726423
3773687448,0.35632938,0.33639076,0.30727988
3773706340,0.45105523,0.30903047,0.23991425
3773890243,0.3648635,0.36824542,0.26689103
3774306841,0.111107424,0.10697541,0.78191715
3774345543,0.17325397,0.18458092,0.6421651
3774358971,0.65963894,0.15568292,0.1846781
3774510690,0.24008828,0.5282058,0.23170584
3774524045,0.6931335,0.12773624,0.1791303
3774574747,0.09127772,0.07965884,0.8290634
3774608094,0.66960585,0.13304788,0.19734626
3774908221,0.37187007,0.3796502,0.2484798
3774950465,0.52227956,0.25596842,0.22175202
3775090664,0.34842908,0.353352,0.2982188
3775275551,0.3285648,0.35453856,0.31689662
3775293538,0.7162043,0.11044359,0.17335206
3775489739,0.7491307,0.10448068,0.14638856
3775586054,0.1823187,0.16072139,0.6569599
3775771101,0.21797895,0.21281745,0.5692037
3775780143,0.38208354,0.27774322,0.3401733
3775812132,0.5032406,0.21755335,0.27920613
3775837273,0.15726899,0.15127675,0.6914543
3775856409,0.20962907,0.55303633,0.23733453
3775875795,0.18807566,0.6062391,0.20568527
3775935329,0.39606965,0.34081972,0.26311067
3775940710,0.36048666,0.2852328,0.35428056
3775968783,0.24625221,0.26382172,0.48992607
3776003117,0.14751063,0.6778345,0.17465484
3776030625,0.22585474,0.37911633,0.39502895
3776147279,0.32836363,0.32445946,0.34717694
3776152299,0.18680713,0.56048805,0.25270483
3776167119,0.41567802,0.32107267,0.26324928
3776180488,0.277102,0.21532686,0.50757116
3776233740,0.2306877,0.40300643,0.36630592
3776250968,0.34581,0.34419248,0.30999753
3776269278,0.3236988,0.31021622,0.366085
3776478443,0.28770423,0.38242608,0.3298697
3776619201,0.755827,0.10358294,0.14059007
3776717931,0.2597261,0.36494052,0.37533334
3776828648,0.6079478,0.1873217,0.20473051
3776862851,0.46433556,0.29105473,0.24460977
3776910653,0.40067306,0.31757268,0.28175429
3776920422,0.30541736,0.4071719,0.28741074
3776958886,0.29195943,0.38000682,0.32803378
3776989105,0.2763647,0.44003874,0.28359652
3777132867,0.5474694,0.22914284,0.22338773
3777564349,0.21061602,0.22465518,0.56472886
3777596731,0.3563578,0.3061485,0.33749366
3777602856,0.39784402,0.34409985,0.25805616
3777684179,0.4719301,0.13088696,0.39718297
3777785588,0.13501503,0.71348774,0.15149726
3777802025,0.22036627,0.54582524,0.23380843
3777819795,0.11340027,0.76033044,0.12626925
3777889204,0.30161053,0.29954517,0.39884436
3777947892,0.25924397,0.49777502,0.24298109
3777987118,0.3748928,0.31553617,0.30957103
3778060032,0.3896086,0.27813554,0.33225584
3778089808,0.31963336,0.26395082,0.4164158
3778287383,0.26751092,0.42867473,0.30381432
3778382255,0.3560466,0.37384704,0.27010638
3778404033,0.32164708,0.35694638,0.32140654
3778446072,0.28960449,0.25848055,0.4519149
3778561201,0.34682462,0.31516203,0.33801332
3778570114,0.12325469,0.6831792,0.19356605
3778626211,0.12170616,0.098272584,0.7800213
3778644702,0.32017845,0.3117119,0.3681096
3778644944,0.23290336,0.25190705,0.51518965
3778770107,0.44818306,0.2601978,0.29161924
3778871569,0.37763873,0.22920276,0.3931585
3778890574,0.065854274,0.84139264,0.09275313
3778946250,0.2179316,0.54700524,0.23506312
3778983776,0.3416167,0.32725373,0.3311296
3778996326,0.3664507,0.32354122,0.31000814
3779011382,0.30435386,0.3868499,0.30879623
3779022849,0.3041406,0.3612737,0.33458567
3779097155,0.19213709,0.25602558,0.5518373
3779292734,0.56393826,0.22051749,0.21554421
3779387466,0.23580334,0.5169243,0.24727233
3779412832,0.43815175,0.28324485,0.27860337
3779451444,0.20575215,0.5361926,0.25805518
3779483553,0.34681508,0.42192757,0.23125732
3779503594,0.12549682,0.13824545,0.7362577
3779510200,0.33959153,0.36917198,0.29123655
3779534600,0.5109281,0.18268622,0.3063857
3779548151,0.24100783,0.37625983,0.38273233
3779580886,0.25074726,0.24075997,0.5084928
3779582459,0.3362593,0.40166107,0.26207957
3779779328,0.5741281,0.17563213,0.25023976
3779884751,0.5779255,0.19108865,0.23098586
3779889354,0.28834778,0.47070992,0.24094227
3780160565,0.26501057,0.24019906,0.4947904
3780191489,0.074347526,0.82794535,0.09770715
3780317064,0.3686063,0.38854632,0.24284735
3780323554,0.24012809,0.4615715,0.2983005
3780327498,0.21311377,0.20968203,0.5772041
3780354095,0.3457814,0.34010157,0.31411704
3780357432,0.21026437,0.5545671,0.23516853
3780525876,0.23341145,0.51376474,0.25282386
3780547297,0.3184694,0.40534827,0.27618226
3780579605,0.4233532,0.29160246,0.28504437
3780592340,0.1184025,0.74052685,0.14107062
3780729289,0.53468746,0.22782765,0.23748486
3780777761,0.32737342,0.37755617,0.29507038
3780886211,0.368198,0.32854006,0.30326194
3781083209,0.24641876,0.25516552,0.49841574
3781128862,0.45766702,0.30903956,0.23329347
3781357756,0.48352453,0.300892,0.21558347
3781372084,0.4225999,0.34377024,0.23362991
3781480177,0.31417513,0.35944995,0.3263749
3781518781,0.68553585,0.155262,0.1592022
3781564911,0.2980986,0.4125656,0.2893358
3781786293,0.53885263,0.23136379,0.22978361
3781865383,0.76570165,0.097773746,0.13652456
3781879787,0.10214903,0.08822219,0.8096287
3781914755,0.38522646,0.19663489,0.4181386
3781978410,0.40415713,0.31716418,0.27867875
3782094445,0.6033522,0.18733498,0.20931277
3782099582,0.32389435,0.36044547,0.31566018
3782148912,0.20025264,0.5167167,0.2830306
3782216229,0.3661232,0.32883036,0.30504647
3782244228,0.27021843,0.44668403,0.28309762
3782328392,0.7203384,0.11497541,0.16468617
3782487383,0.36118877,0.3286932,0.31011805
3782490648,0.44412583,0.32540494,0.23046911
3782823683,0.3105118,0.3133729,0.37611526
3782839591,0.31180054,0.28062463,0.40757486
3782896658,0.5553231,0.23305246,0.21162444
3782910020,0.31947833,0.39776033,0.28276137
3783104098,0.35961562,0.32785258,0.31253177
3783111386,0.34979042,0.19954225,0.45066726
3783220661,0.16430642,0.6448772,0.19081639
3783280405,0.66086644,0.1717795,0.16735412
3783314182,0.36398816,0.278683,0.3573289
3783359552,0.38456973,0.36455366,0.25087664
3783510835,0.2624519,0.36543876,0.37210935
3783542263,0.4654982,0.31124172,0.22326007
3783589306,0.33861104,0.3188757,0.34251323
3783664494,0.15153287,0.67811424,0.17035288
3783688065,0.3247938,0.35981008,0.31539607
3783794109,0.33488947,0.3332125,0.33189803
3783800934,0.4184549,0.30674383,0.2748013
3783829341,0.39545113,0.24521449,0.35933444
3783844300,0.44541544,0.24479486,0.3097897
3783856759,0.31019694,0.3734318,0.31637126
3783953576,0.3216651,0.38721746,0.29111746
3784062847,0.49305528,0.22022894,0.2867158
3784249362,0.28465238,0.32883984,0.38650787
3784282755,0.31574148,0.30848092,0.3757775
3784341237,0.47343975,0.27803496,0.24852529
3784396569,0.28499532,0.35194445,0.36306018
3784414187,0.1840429,0.20768869,0.60826844
3784483967,0.40966806,0.25146538,0.33886656
3784498740,0.37615228,0.33486232,0.28898546
3784801711,0.23320931,0.35977194,0.4070187
3784867911,0.17666762,0.67355466,0.14977773
3784921473,0.16799058,0.6261575,0.20585191
3785063489,0.2670499,0.30196717,0.43098295
3785146071,0.2643284,0.4309884,0.30468315
3785152761,0.15723825,0.12642075,0.716341
3785258599,0.12033857,0.75765264,0.12200878
3785275026,0.4979953,0.27500877,0.22699594
3785290243,0.29229462,0.4531877,0.25451767
3785338398,0.094134316,0.795754,0.11011165
3785358548,0.3091992,0.41332024,0.2774805
3785385075,0.31020504,0.3610418,0.32875317
3785435377,0.3800635,0.28573158,0.33420494
3785671057,0.506811,0.2960446,0.19714446
3785794646,0.76637703,0.09978546,0.13383748
3785846027,0.3561446,0.31312776,0.33072764
3785864447,0.3131293,0.34899342,0.3378773
3785935973,0.71247655,0.12247695,0.16504644
3785951189,0.26842487,0.3246047,0.4069705
3785991689,0.34579086,0.3116709,0.3425382
3786022677,0.25456804,0.4537165,0.29171538
3786067200,0.25326133,0.44728476,0.29945394
3786100677,0.290508,0.35100463,0.35848734
3786147713,0.28358456,0.38787118,0.32854423
3786192983,0.7686031,0.09195328,0.13944358
3786226686,0.27015865,0.23706074,0.49278066
3786284482,0.17713575,0.49165362,0.33121052
3786299285,0.26419213,0.27624747,0.45956042
3786568837,0.39767623,0.35233873,0.24998507
3786706288,0.4223059,0.33405572,0.24363838
3786796333,0.3024751,0.42061815,0.27690682
3786878206,0.25529006,0.4075785,0.33713135
3786899937,0.23725037,0.2660623,0.49668732
3787048625,0.36184782,0.31277156,0.32538056
3787173535,0.2655157,0.33137926,0.40310505
3787372254,0.35134348,0.40941423,0.2392422
3787377213,0.2946039,0.3311076,0.37428856
3787387849,0.10948759,0.74446607,0.14604636
3787390560,0.35444137,0.33637992,0.30917868
3787447321,0.36213204,0.32638735,0.3114806
3787578630,0.21302508,0.5136879,0.27328706
3787910194,0.28385347,0.38666722,0.3294793
3788175356,0.22034493,0.47649378,0.30316126
3788213295,0.18900773,0.5390001,0.27199212
3788399945,0.2237591,0.2107875,0.5654534
3788546570,0.30391827,0.3902511,0.3058307
3788909523,0.23529309,0.3575311,0.40717578
3788920085,0.24988988,0.2515704,0.4985397
3788960138,0.121639214,0.7243228,0.15403807
3789206026,0.4960967,0.26569098,0.23821239
3789325216,0.3325323,0.35086587,0.31660184
3789345998,0.26561177,0.32154244,0.41284576
3789357612,0.25966975,0.45968717,0.2806431
3789359717,0.3097206,0.3568727,0.33340666
3789415250,0.07406619,0.07619055,0.8497433
3789545059,0.15368825,0.15203132,0.6942805
3789552914,0.3688944,0.34382665,0.28727892
3789588494,0.8301806,0.066098966,0.103720434
3789612581,0.08883453,0.076006494,0.83515894
3789651727,0.48670456,0.24909748,0.26419792
3789742361,0.3347795,0.33895043,0.32627013
3789819515,0.27431056,0.3380823,0.38760713
3789890465,0.24805246,0.22003059,0.53191686
3790038845,0.2915758,0.3856227,0.3228015
3790195437,0.28477854,0.37087923,0.34434223
3790375400,0.38350627,0.3117203,0.30477345
3790433358,0.44468918,0.29548302,0.2598278
3790435011,0.49720383,0.27991307,0.22288315
3790436416,0.45776322,0.27227697,0.26995984
3790513417,0.35482606,0.30967668,0.3354973
3790554851,0.17409118,0.63772494,0.18818396
3790616720,0.40228212,0.34882268,0.24889517
3790644736,0.11994905,0.13737202,0.742679
3790688075,0.12581599,0.7375146,0.13666935
3790843015,0.27345386,0.24786738,0.47867876
3790851561,0.26061675,0.45357978,0.28580347
3790876907,0.34841093,0.32422677,0.32736227
3790917395,0.39215812,0.32800362,0.27983832
3791146524,0.09272454,0.7788212,0.12845434
3791263266,0.39006954,0.37132308,0.23860738
3791323566,0.17937087,0.16920969,0.6514194
3791443361,0.114456445,0.7544516,0.13109197
3791456292,0.3096239,0.42643493,0.26394117
3791537345,0.5224971,0.2364618,0.24104105
3791558212,0.2354345,0.46651143,0.29805407
3791645517,0.6005447,0.20185,0.19760531
3791805312,0.46855202,0.29020718,0.2412408
3791936071,0.44575235,0.29806775,0.25617987
3791936630,0.3264921,0.34740785,0.32610002
3791957292,0.44777802,0.31621537,0.23600662
3792060424,0.13318872,0.09842398,0.76838726
3792114830,0.34542757,0.3363263,0.3182461
3792170292,0.18757184,0.13096622,0.68146193
3792371432,0.4248387,0.31922084,0.25594047
3792381618,0.3176948,0.34522843,0.33707687
3792584422,0.43197837,0.23897922,0.32904243
3792703047,0.18420103,0.22705242,0.58874655
3792771939,0.35621613,0.34592444,0.29785943
3792825533,0.32090145,0.34338713,0.33571148
3792831840,0.26226285,0.21642789,0.52130926
3793074797,0.27647117,0.2794055,0.4441233
3793119258,0.37312353,0.33087507,0.2960014
3793210675,0.33599424,0.36481303,0.29919273
3793234139,0.09831821,0.0858494,0.8158324
3793342621,0.22897902,0.5175014,0.2535195
3793563161,0.1959256,0.23814169,0.56593275
3793569901,0.22067903,0.46615192,0.31316903
3793680728,0.37074035,0.3264501,0.3028095
3793685820,0.38572723,0.17553127,0.43874148
3793761363,0.20251368,0.21360902,0.58387727
3793799160,0.54294574,0.24015667,0.21689764
3793926111,0.33094126,0.3379292,0.33112967
3793945606,0.21798177,0.51546705,0.26655117
3794197274,0.1749671,0.59841585,0.2266171
3794220164,0.18847755,0.53678083,0.27474162
3794271151,0.38218123,0.28011113,0.3377076
3794412408,0.47253278,0.29714105,0.23032612
3794415117,0.43428734,0.29720846,0.26850423
3794492655,0.3192257,0.4163228,0.26445153
3794524165,0.5014715,0.24284592,0.25568253
3794669100,0.72634673,0.09714284,0.1765104
3794719197,0.37027073,0.29349503,0.33623412
3794945679,0.2593617,0.2864606,0.45417768
3795001888,0.43996626,0.2781209,0.28191277
3795023799,0.24083054,0.28905332,0.47011617
3795027446,0.39387092,0.282971,0.32315797
3795035110,0.36716884,0.30534232,0.32748884
3795095104,0.17397323,0.61344886,0.21257791
3795113522,0.33922902,0.37928805,0.28148296
3795313370,0.22053787,0.49838987,0.2810723
3795342015,0.5435123,0.24085763,0.21563013
3795403408,0.43093544,0.2820792,0.28698537
3795515352,0.25806862,0.38449502,0.3574364
3795528017,0.5797103,0.2056947,0.21459506
3795775397,0.25129575,0.42415145,0.3245528
3795777210,0.6373436,0.16782865,0.19482777
3795926469,0.23417689,0.22676986,0.5390532
3795934580,0.4224146,0.27263567,0.30494976
3796042811,0.34353268,0.31849518,0.3379721
3796173882,0.093012474,0.7792402,0.12774731
3796188258,0.31667957,0.35491556,0.32840487
3796194829,0.39173254,0.3275992,0.2806682
3796262722,0.32798204,0.23925634,0.4327616
3796350393,0.29674336,0.26332393,0.4399327
3796377542,0.5330518,0.2362948,0.2306534
3796401115,0.35571793,0.3066498,0.33763224
3796479253,0.4935189,0.25539336,0.2510877
3796573188,0.11220084,0.093369626,0.7944295
3796696510,0.3702193,0.24845384,0.38132688
3796720818,0.55268407,0.22562455,0.22169138
3796838265,0.76775545,0.092427574,0.13981704
3796880054,0.2463093,0.41956425,0.3341265
3796900745,0.36477974,0.31388214,0.32133812
3797060152,0.3293545,0.3167749,0.35387063
3797121454,0.19281593,0.16693522,0.64024895
3797307708,0.37068686,0.33740643,0.29190677
3797338484,0.35230717,0.37876514,0.26892766
3797405137,0.21479587,0.532515,0.25268912
3797407118,0.36624777,0.34604877,0.28770342
3797430759,0.47799328,0.26372176,0.25828505
3797448364,0.3009124,0.2577228,0.44136482
3797459731,0.3049291,0.35324857,0.34182236
3797482474,0.33773315,0.34499136,0.3172756
3797650279,0.49174085,0.28279507,0.2254641
3797667232,0.78145933,0.08997104,0.12856957
3797877898,0.38099745,0.35296923,0.26603338
3797948287,0.2593697,0.44513115,0.29549912
3798064898,0.40546575,0.29418507,0.30034915
3798141099,0.2456134,0.4137127,0.34067383
3798464023,0.7033461,0.12423084,0.17242308
3798481978,0.3589273,0.34220076,0.29887187
3798494249,0.42582968,0.31343624,0.260734
3798668614,0.33582342,0.33468223,0.3294944
3798766599,0.28167218,0.28938743,0.42894036
3798771668,0.18891254,0.6008384,0.21024907
3798807679,0.43369758,0.27452147,0.291781
3798854266,0.37066752,0.33859336,0.29073906
3798998187,0.13194957,0.7033893,0.16466112
3799351229,0.2682821,0.38605025,0.34566772
3799361367,0.18556342,0.46167648,0.35276008
3799380960,0.3032717,0.32320806,0.37352017
3799496003,0.3586041,0.32734066,0.3140553
3799619258,0.40000898,0.33436075,0.2656303
3799666746,0.32835957,0.3542797,0.3173607
3799717723,0.1526991,0.14928888,0.69801205
3799764371,0.29350588,0.37956965,0.32692438
3799834852,0.3578335,0.27743798,0.36472857
3799855442,0.5623921,0.19833642,0.23927146
3799927825,0.16436459,0.6111434,0.22449197
3800055899,0.5805478,0.20296973,0.2164824
3800070905,0.24405992,0.51805705,0.23788299
3800509997,0.6610235,0.13143939,0.2075371
3800554880,0.42422426,0.34074435,0.23503146
3800649211,0.19737324,0.5493154,0.25331137
3800743261,0.29872042,0.29695937,0.40432024
3800930942,0.2956131,0.35998505,0.3444018
3801184671,0.1761674,0.17557694,0.64825565
3801226297,0.09885483,0.7711634,0.12998176
3801284557,0.35285777,0.37107885,0.27606335
3801304722,0.53017986,0.24072309,0.22909704
3801328690,0.46051127,0.24152073,0.297968
3801405026,0.23674445,0.48241743,0.2808382
3801614802,0.55301857,0.20322692,0.2437545
3801655387,0.123690076,0.11686208,0.75944793
3801660817,0.48253253,0.24076076,0.27670676
3801721091,0.68897516,0.1467238,0.16430102
3801768644,0.661271,0.16155712,0.17717192
3801884093,0.6189516,0.20243712,0.17861126
3802013968,0.38395834,0.29109976,0.32494187
3802073634,0.19877967,0.23185112,0.56936926
3802154869,0.32688048,0.38544858,0.287671
3802311431,0.24302615,0.46999106,0.28698283
3802436696,0.32141137,0.3792852,0.2993034
3802463066,0.3551246,0.34140927,0.30346614
3802464503,0.32434246,0.36700907,0.3086485
3802502818,0.32373363,0.40634632,0.26992008
3802697792,0.26762217,0.2857539,0.4466239
3802711968,0.29791516,0.34152377,0.36056113
3802722390,0.4793882,0.27476636,0.24584544
3802729246,0.068953656,0.8286331,0.10241318
3802730297,0.12896325,0.7259003,0.14513652
3802908266,0.41014287,0.26604033,0.32381678
3803079514,0.35594395,0.404298,0.23975812
3803172970,0.2521999,0.14652747,0.60127264
3803222747,0.30614534,0.34811306,0.34574157
3803345477,0.24925703,0.3034195,0.44732353
3803354242,0.10978723,0.7659788,0.124233894
3803393913,0.3977875,0.33919796,0.26301458
3803457080,0.33734256,0.3798325,0.2828249
3803462748,0.28939116,0.28704542,0.42356345
3803580909,0.432393,0.24215496,0.32545203
3803986900,0.33138144,0.31191057,0.35670802
3804008987,0.45333573,0.19010262,0.35656157
3804048258,0.33277756,0.3683588,0.29886368
3804317763,0.5426668,0.24490827,0.21242501
3804363574,0.31447902,0.3110591,0.37446192
3804447856,0.091086484,0.7880798,0.12083374
3804539612,0.3675459,0.29045904,0.34199512
3804548820,0.2749178,0.3066123,0.41846988
3804583935,0.26439267,0.5492991,0.18630825
3804617081,0.5877422,0.15146126,0.26079658
3804643554,0.34767652,0.33263394,0.3196896
3804703117,0.3597222,0.36614224,0.2741355
3804836512,0.5527687,0.18972552,0.2575057
3804867283,0.10985699,0.09853951,0.79160357
3804894537,0.26228383,0.3862162,0.35149994
3804898655,0.18432216,0.21844108,0.59723675
3805051264,0.29924187,0.32162228,0.3791359
3805054113,0.20468044,0.21721584,0.57810366
3805195905,0.14009774,0.70229256,0.15760975
3805273058,0.38160753,0.33944654,0.27894586
3805343455,0.3780439,0.34350106,0.27845505
3805356928,0.34819007,0.276857,0.3749529
3805420447,0.29639125,0.391237,0.31237164
3805421488,0.39904708,0.29323083,0.30772206
3805545825,0.25717708,0.39063373,0.3521892
3805577563,0.45152843,0.264315,0.2841566
3805707321,0.23673931,0.19546898,0.56779176
3805755931,0.3159223,0.4141239,0.26995376
3805760210,0.46529603,0.26065695,0.27404702
3805813493,0.28538036,0.3825104,0.33210927
3805928975,0.2046937,0.5636973,0.23160896
3806073990,0.14286326,0.7031832,0.15395358
3806194791,0.17499024,0.17459565,0.65041417
3806286720,0.32221845,0.4630437,0.21473783
3806446579,0.53065187,0.23278244,0.23656571
3806497364,0.3517976,0.37996516,0.26823717
3806540798,0.38381308,0.33520558,0.28098136
3806568781,0.46224526,0.29655677,0.24119794
3806625810,0.24155483,0.3583163,0.4001289
3806674157,0.2126448,0.25341314,0.53394204
3806706763,0.45034903,0.28117692,0.268474
3806714304,0.28024435,0.44647318,0.2732824
3806746755,0.43871367,0.26872033,0.292566
3806786746,0.42506498,0.24271628,0.3322187
3806993512,0.12717217,0.73438716,0.13844061
3807018253,0.43132544,0.28702947,0.28164506
3807031957,0.2962637,0.3293501,0.37438616
3807225748,0.32895857,0.34850574,0.32253572
3807229967,0.11046547,0.11481312,0.77472144
3807298714,0.19670723,0.21004821,0.5932445
3807305788,0.2847117,0.40862393,0.30666447
3807495100,0.65288615,0.15749942,0.18961443
3807564868,0.39215007,0.32632512,0.28152472
3807588346,0.21685348,0.40691242,0.37623408
3807643350,0.33373648,0.22880219,0.43746144
3807687637,0.42624462,0.29382193,0.27993345
3807708558,0.72037846,0.10904366,0.17057797
3807720488,0.32222557,0.33222592,0.34554848
3807800729,0.17308046,0.63242215,0.19449742
3807825433,0.6937671,0.13216384,0.17406905
3807858884,0.22404757,0.21186781,0.5640846
3807876369,0.24725385,0.16147761,0.59126854
3808010900,0.35629785,0.2709336,0.37276858
3808113231,0.59307766,0.16951111,0.23741122
3808276122,0.31843328,0.36857098,0.31299573
3808412708,0.74234104,0.10869419,0.14896482
3808800993,0.13627501,0.7161916,0.14753345
3809142108,0.33102763,0.3481755,0.32079688
3809351157,0.29586527,0.24082612,0.4633087
3809376553,0.6403696,0.17728007,0.18235035
3809439544,0.39128044,0.27362278,0.33509675
3809501871,0.51154166,0.2568395,0.23161878
3809558774,0.23895861,0.49310502,0.26793635
3809765781,0.34077445,0.40373015,0.2554954
3809874415,0.35246307,0.30714145,0.34039554
3809885138,0.20338343,0.5739785,0.22263812
3809936468,0.24318354,0.22496462,0.5318519
3809956582,0.49106717,0.24904782,0.25988495
3810063895,0.4887867,0.26157528,0.24963802
3810284703,0.43930095,0.27075836,0.28994077
3810378307,0.4731337,0.26662284,0.26024342
3810391087,0.40076265,0.32724744,0.27198994
3810426554,0.41458207,0.2222274,0.3631906
3810499716,0.19080657,0.55625516,0.2529383
3810709172,0.22747529,0.49380732,0.27871737
3810760382,0.42031765,0.35862383,0.2210585
3810793695,0.23152582,0.30064896,0.46782517
3810847310,0.25091627,0.53057325,0.21851046
3810875998,0.47186768,0.19405027,0.3340821
3811007297,0.22248763,0.2771124,0.5004
3811015098,0.28458405,0.33565128,0.37976468
3811141870,0.09851621,0.099550076,0.80193377
3811169882,0.38107538,0.25436777,0.36455688
3811223084,0.3205838,0.3668305,0.31258568
3811232664,0.23772764,0.47615904,0.28611326
3811484485,0.46563312,0.2850819,0.24928492
3811491215,0.47194955,0.2943704,0.23367998
3811521828,0.73745495,0.10450328,0.15804178
3811635033,0.14337645,0.24721299,0.6094105
3811638337,0.1579608,0.6371168,0.20492236
3811741935,0.3298466,0.36561984,0.30453363
3811892793,0.5052303,0.25731978,0.23744982
3811906970,0.28009453,0.30181533,0.41809008
3812212401,0.34456378,0.396584,0.2588522
3812243874,0.37587968,0.35041618,0.27370417
3812253477,0.14633831,0.16546796,0.6881938
3812335555,0.074910335,0.8239823,0.101107314
3812377411,0.31631753,0.36123055,0.3224519
3812443553,0.38649914,0.30525225,0.3082486
3812461967,0.5848132,0.21941137,0.19577534
3812477461,0.2395599,0.5005619,0.25987825
3812516230,0.10742971,0.7553576,0.13721271
3812614080,0.284047,0.3843845,0.33156848
3812833914,0.34800988,0.35357746,0.29841262
3812868816,0.30828243,0.3419626,0.34975496
3812938758,0.17243664,0.5717453,0.25581807
3813181158,0.6242844,0.14829306,0.22742258
3813220812,0.36272734,0.3306769,0.30659574
3813313366,0.30416802,0.33140042,0.36443162
3813350965,0.2775839,0.3088652,0.41355094
3813483073,0.095080845,0.7932263,0.111692764
3813525143,0.1521749,0.63541263,0.21241245
3813580231,0.4677884,0.30122185,0.23098972
3813807352,0.19028398,0.18532875,0.6243872
3813892623,0.116951995,0.10852265,0.7745254
3813903599,0.36573124,0.34499365,0.28927505
3813970625,0.34508047,0.36503994,0.2898796
3813979806,0.35430098,0.30494642,0.34075263
3814014170,0.1545303,0.6339802,0.21148945
3814029685,0.35052106,0.3973645,0.25211436
3814190234,0.33343613,0.29271215,0.37385172
3814193150,0.20838952,0.2988818,0.49272868
3814245107,0.28489304,0.33603388,0.37907302
3814425967,0.70966953,0.10838535,0.18194513
3814469033,0.20615192,0.62377363,0.17007446
3814499451,0.18087085,0.6035554,0.21557383
3814662739,0.41060328,0.2845972,0.30479956
3814671602,0.29528573,0.28602862,0.41868564
3814740415,0.5466748,0.23302352,0.22030175
3814886800,0.47560495,0.24882545,0.2755696
3815027373,0.25903437,0.2842294,0.45673624
3815090319,0.34635252,0.34684184,0.30680567
3815132424,0.28451186,0.4745637,0.24092443
3815181314,0.45489872,0.30901942,0.23608188
3815304704,0.355211,0.31632218,0.32846686
3815339010,0.6296229,0.18057884,0.18979827
3815366019,0.144037,0.15972011,0.6962429
3815468319,0.36040053,0.3042014,0.33539802
3815515602,0.43102315,0.29124776,0.2777291
3815585192,0.30205637,0.3355635,0.36238003
3815666468,0.3611898,0.3230519,0.31575832
3815691306,0.31053656,0.31124577,0.37821773
3815803871,0.44023535,0.28036729,0.27939734
3815876714,0.35877976,0.34079933,0.30042094
3815893321,0.22747421,0.5509557,0.22157004
3816031664,0.36492077,0.2784349,0.35664433
3816108619,0.39528087,0.32615665,0.2785625
3816209365,0.371529,0.26700574,0.36146528
3816221050,0.3082798,0.29503256,0.39668766
3816356165,0.26727003,0.3180825,0.41464743
3816428447,0.37276903,0.343676,0.283555
3816444524,0.09415399,0.80051464,0.105331376
3816446468,0.5523856,0.2264573,0.22115706
3816449000,0.4177726,0.33583242,0.24639498
3816658522,0.35834947,0.30743042,0.33422008
3816663925,0.07366639,0.8048885,0.12144517
3816790077,0.29041755,0.38889128,0.32069117
3816869371,0.3487683,0.3815537,0.26967797
3816957113,0.19589154,0.58775157,0.21635686
3816996794,0.19086377,0.21199262,0.59714365
3817012018,0.27557978,0.4903685,0.2340517
3817015984,0.35493982,0.2665342,0.37852597
3817074223,0.32233015,0.2090017,0.46866804
3817091119,0.2849982,0.33910072,0.37590113
3817146812,0.51034963,0.24724565,0.24240473
3817202070,0.48218927,0.25302082,0.26479
3817223871,0.53942376,0.26128414,0.19929212
3817441189,0.20079695,0.5827076,0.2164954
3817455738,0.6995235,0.14200154,0.15847494
3817605275,0.2859627,0.3452186,0.36881873
3817832521,0.20848376,0.20589893,0.5856173
3817953939,0.3242754,0.364621,0.3111035
3818001958,0.3273773,0.3742491,0.2983736
3818083228,0.5630259,0.20979443,0.2271797
3818106976,0.3604961,0.39092296,0.24858095
3818171346,0.2439222,0.48260182,0.27347592
3818242307,0.21348894,0.53958505,0.24692607
3818256821,0.3370803,0.28638864,0.3765311
3818266273,0.5257231,0.24764927,0.22662756
3818279441,0.41649246,0.3337989,0.24970871
3818411187,0.45653182,0.30655468,0.23691349
3818449762,0.2855354,0.27867472,0.4357899
3818553252,0.08786734,0.7981443,0.11398838
3818578649,0.42037982,0.29987332,0.2797468
3818681926,0.53385365,0.2554344,0.21071197
3818719550,0.26333797,0.31651857,0.42014346
3818795359,0.30119085,0.31947818,0.379331
3818831974,0.3596715,0.33809224,0.30223617
3818842161,0.18063219,0.60362196,0.21574582
3818846283,0.41005498,0.2873266,0.3026184
3818854885,0.26939616,0.25727248,0.47333133
3819089277,0.16982079,0.66043574,0.16974348
3819131248,0.23474833,0.41282576,0.35242593
3819170486,0.19169863,0.1911145,0.61718696
3819261512,0.20929733,0.2020324,0.5886702
3819276074,0.44066396,0.27581906,0.2835169
3819302388,0.30214098,0.4043509,0.29350814
3819314200,0.21072723,0.36840883,0.4208639
3819414932,0.40864897,0.3346317,0.2567193
3819551605,0.27358618,0.40150213,0.32491168
3819684632,0.25341332,0.38378784,0.36279893
3819837464,0.1372271,0.6800382,0.18273467
3819861204,0.3485135,0.37122333,0.2802631
3819938545,0.2837682,0.20114894,0.51508284
3819989882,0.36906788,0.33656475,0.2943674
3820031335,0.21314076,0.4933014,0.29355782
3820036357,0.46267822,0.31734785,0.21997389
3820197885,0.19024882,0.19006649,0.61968476
3820232054,0.43390974,0.26567918,0.30041108
3820363831,0.41978323,0.3177996,0.26241714
3820393335,0.25799912,0.33084315,0.41115773
3820397661,0.47498718,0.2730968,0.25191605
3820404595,0.36741522,0.32216287,0.3104219
3820448030,0.38623288,0.38279906,0.23096813
3820796948,0.44651458,0.20300388,0.35048148
3820843833,0.68449295,0.11099512,0.20451194
3820900711,0.35865533,0.32562795,0.3157167
3820949211,0.41541705,0.33980677,0.2447762
3821289167,0.25140736,0.2418077,0.506785
3821325702,0.27586454,0.3689895,0.355146
3821365645,0.51263684,0.24451897,0.24284421
3821483949,0.26841855,0.23059377,0.5009877
3821591776,0.38707104,0.3063528,0.3065762
3821642938,0.4962991,0.24793027,0.2557706
3821693345,0.47102043,0.22583541,0.3031441
3821746239,0.15149401,0.69969356,0.14881241
3821842269,0.42563596,0.3081133,0.2662507
3821863648,0.2917248,0.1985792,0.50969607
3822091752,0.41798326,0.23977147,0.34224534
3822111075,0.35744792,0.34790528,0.29464683
3822111853,0.2573388,0.31328222,0.42937893
3822164367,0.26672748,0.2814596,0.45181292
3822233482,0.14285661,0.6969302,0.16021311
3822248037,0.3184995,0.36495632,0.31654415
3822395807,0.24243003,0.46184763,0.29572234
3822532431,0.52534664,0.26651227,0.2081411
3822623829,0.21681383,0.5396693,0.24351694
3822705974,0.214343,0.21658097,0.56907606
3822791393,0.2840027,0.27405092,0.44194633
3822954932,0.5008398,0.2909485,0.20821166
3822977525,0.41019297,0.2798077,0.3099993
3823049127,0.37005737,0.31369016,0.31625247
3823086876,0.53542644,0.20548494,0.2590886
3823155189,0.65707225,0.16369936,0.17922835
3823158403,0.34819913,0.30475226,0.34704858
3823365416,0.53418714,0.26371288,0.20209993
3823401351,0.47416916,0.3143034,0.2115274
3823426145,0.16861397,0.5482421,0.28314403
3823457998,0.3310077,0.36124524,0.3077471
3823611639,0.58698153,0.19790262,0.21511583
3823693468,0.31606558,0.37432137,0.309613
3823716256,0.3765487,0.3296707,0.2937806
3823716333,0.25717548,0.47538945,0.2674351
3823843006,0.3701161,0.32954448,0.30033934
3823901598,0.36969426,0.3210006,0.30930516
3824150472,0.3415407,0.3344204,0.32403892
3824155549,0.18724729,0.19491781,0.6178349
3824172136,0.38786316,0.3310811,0.28105572
3824193742,0.25473687,0.29886588,0.44639716
3824233889,0.51380146,0.2009074,0.2852911
3824248643,0.32368928,0.39834133,0.2779694
3824337683,0.21337146,0.57265717,0.21397138
3824614085,0.23812233,0.26684338,0.49503425
3824712096,0.44994554,0.3014058,0.24864866
3824797147,0.30329952,0.40103424,0.29566625
3824891306,0.35275117,0.2971286,0.35012028
3824905053,0.24713673,0.46292007,0.2899431
3824918165,0.46788576,0.30551174,0.22660245
3824934279,0.35871255,0.36922047,0.27206695
3824966180,0.5390095,0.24638699,0.21460347
3824994367,0.3235541,0.33901423,0.33743176
3825044092,0.06328601,0.84754896,0.08916504
3825180327,0.1074707,0.77149296,0.12103635
3825182739,0.12750848,0.7077291,0.16476242
3825190290,0.38838673,0.29563612,0.3159772
3825219946,0.3670186,0.37299696,0.2599845
3825558361,0.41109043,0.30287707,0.2860325
3825849457,0.29424784,0.37611005,0.32964215
3825854919,0.43674162,0.30018875,0.26306963
3825909125,0.27199563,0.30382463,0.42417976
3825955295,0.16785681,0.18171224,0.650431
3826007279,0.22684073,0.2540139,0.5191454
3826162547,0.08807288,0.78146154,0.13046564
3826248433,0.14932394,0.6629413,0.18773486
3826252854,0.25042856,0.27864307,0.47092834
3826552146,0.24628311,0.50351757,0.25019932
3826567735,0.2559542,0.3962649,0.34778088
3826576129,0.57140654,0.2095225,0.21907099
3826612171,0.6100627,0.14082569,0.2491115
3826724560,0.37178463,0.31107873,0.31713662
3826820548,0.14477128,0.14617027,0.7090585
3827038074,0.28655997,0.28020722,0.43323275
3827045844,0.6398025,0.14256999,0.21762751
3827181914,0.21754155,0.46670282,0.31575567
3827320587,0.3709727,0.28328937,0.345738
3827376943,0.0885156,0.089242615,0.8222417
3827570893,0.35004893,0.3942874,0.25566363
3827605417,0.22885558,0.39244023,0.3787042
3827640795,0.39258245,0.33656716,0.27085045
3827663958,0.2371365,0.30500135,0.45786217
3827716409,0.08196701,0.8034001,0.11463291
3827775193,0.3477153,0.27783963,0.37444508
3827797064,0.4051785,0.31805506,0.2767664
3827801375,0.5993191,0.17250544,0.2281754
3827849726,0.41603723,0.32722124,0.25674155
3827873766,0.54879713,0.24783665,0.20336622
3827890090,0.32415795,0.42053872,0.2553033
3828000408,0.21509983,0.29288095,0.49201924
3828043007,0.24447092,0.46744454,0.28808457
3828043311,0.4851973,0.26925525,0.24554752
3828121231,0.16137426,0.16317537,0.6754504
3828176321,0.3367252,0.3758225,0.28745234
3828212517,0.3319606,0.37363786,0.2944016
3828306374,0.383495,0.35937333,0.25713164
3828318559,0.112353876,0.117268234,0.7703779
3828323914,0.18879433,0.20372847,0.60747725
3828642464,0.59571105,0.2010128,0.20327607
3828865324,0.35036218,0.31955713,0.33008075
3828886915,0.24090806,0.4835252,0.27556676
3828921671,0.31745845,0.34427962,0.33826202
3828951862,0.12163651,0.61446875,0.26389474
3828957813,0.6957054,0.1075012,0.19679338
3829127377,0.38776883,0.320042,0.29218906
3829250495,0.22099997,0.22629735,0.5527027
3829441474,0.6506978,0.15974899,0.18955308
3829463922,0.20455791,0.5765411,0.21890087
3829534008,0.35055593,0.3533725,0.2960717
3829593850,0.10534468,0.7726085,0.12204681
3829595811,0.32744747,0.2470358,0.42551664
3829672491,0.5790976,0.21911028,0.20179206
3829730186,0.30717152,0.3275356,0.36529294
3829809100,0.14967778,0.68933064,0.16099161
3829818457,0.3036137,0.31769946,0.37868688
3829836931,0.21201983,0.24755345,0.5404267
3829863969,0.3163298,0.36451632,0.31915385
3829866691,0.34675178,0.34585947,0.3073888
3830086183,0.3021054,0.33453745,0.36335713
3830131619,0.12612277,0.7186078,0.15526944
3830179248,0.36012763,0.38758788,0.25228444
3830223863,0.23501785,0.3384763,0.42650583
3830234001,0.5199021,0.2534435,0.22665432
3830366964,0.3307201,0.35240817,0.3168717
3830506849,0.3417381,0.3377064,0.32055554
3830645223,0.3677253,0.26648706,0.36578763
3830666445,0.07363067,0.8282633,0.098106086
3830751164,0.21785943,0.55475616,0.22738436
3831215323,0.22512639,0.48933682,0.28553686
3831299411,0.274037,0.44747308,0.27848986
3831383332,0.36968973,0.12294782,0.5073625
3831467715,0.2833903,0.28104886,0.4355608
3831468989,0.23280708,0.48213977,0.2850532
3831569571,0.44665518,0.30173728,0.25160754
3831579028,0.33655512,0.28539586,0.37804905
3831625470,0.17925256,0.61313796,0.20760947
3831640921,0.36874747,0.3432193,0.28803328
3831647198,0.77035123,0.10432005,0.12532873
3831944246,0.74831724,0.10161303,0.15006976
3832018749,0.43335092,0.33807647,0.22857256
3832080230,0.21055648,0.54960907,0.23983455
3832122807,0.3468098,0.38330147,0.26988867
3832147286,0.44590446,0.31351408,0.24058144
3832171122,0.25266773,0.4777424,0.26958993
3832354658,0.5108055,0.2690132,0.22018135
3832362041,0.5277473,0.21908502,0.25316778
3832401433,0.21322052,0.20948085,0.5772986
3832655136,0.14556976,0.69519824,0.15923199
3832696653,0.2539419,0.26209638,0.48396164
3832737308,0.26231444,0.38070846,0.35697705
3832766335,0.5311487,0.22695287,0.24189848
3833046686,0.074796975,0.07117686,0.8540262
3833149897,0.56861347,0.14820902,0.2831775
3833234950,0.14082357,0.10859697,0.7505795
3833240473,0.32218745,0.38035786,0.29745468
3833256571,0.4352789,0.32190627,0.24281482
3833334268,0.28958818,0.28850794,0.4219039
3833405374,0.4384323,0.3129342,0.24863355
3833424325,0.36237392,0.35926872,0.27835742
3833502374,0.3660494,0.31642804,0.31752253
3833734559,0.277581,0.33985248,0.3825665
3833856738,0.40977606,0.306638,0.2835859
3833867306,0.21850453,0.5608013,0.22069412
3833927313,0.22259878,0.5010396,0.27636164
3833935103,0.17235003,0.18267669,0.64497334
3833982764,0.19771051,0.26756233,0.5347272
3834020102,0.30099854,0.36966214,0.32933933
3834059049,0.34607401,0.38828307,0.2656429
3834125727,0.5428541,0.20241652,0.25472948
3834309136,0.6072264,0.18703534,0.20573828
3834366477,0.1831662,0.16784185,0.64899194
3834411551,0.28661922,0.39495534,0.31842545
3834416523,0.27302486,0.24180147,0.48517373
3834426676,0.373037,0.29774603,0.32921696
3834481330,0.31966913,0.4096232,0.2707077
3834781089,0.33080798,0.388724,0.28046805
3834815897,0.27507848,0.2915192,0.43340233
3834985384,0.48596993,0.25661898,0.25741112
3835078929,0.4547698,0.29903546,0.24619475
3835353848,0.5064877,0.21499768,0.27851465
3835486831,0.5518225,0.22986387,0.21831365
3835568388,0.5673494,0.23593555,0.19671507
3835732623,0.15081637,0.16670485,0.6824788
3835767210,0.58460087,0.19717178,0.21822734
3835786125,0.38256437,0.31552637,0.30190933
3835840245,0.32861224,0.37279198,0.2985958
3835887023,0.26512837,0.285176,0.44969553
3836056779,0.5052602,0.24643937,0.24830043
3836071757,0.6833507,0.16335136,0.15329798
3836085068,0.2695036,0.30025166,0.43024477
3836131232,0.44765764,0.29216158,0.26018086
3836183189,0.26848808,0.19831282,0.53319913
3836186560,0.19593292,0.60319936,0.20086765
3836220109,0.44879156,0.32940558,0.22180283
3836317466,0.27877197,0.46027705,0.26095107
3836366558,0.27009937,0.40829435,0.32160628
3836377706,0.37371704,0.3264779,0.29980513
3836383372,0.4107781,0.25105327,0.33816865
3836449222,0.3520149,0.3814846,0.26650053
3836519593,0.19685256,0.28727615,0.5158712
3836593981,0.17560455,0.57912236,0.24527304
3836599079,0.38960418,0.31758988,0.29280597
3836654181,0.30268148,0.3809719,0.31634662
3836658084,0.53799784,0.2495062,0.21249591
3836678197,0.47813603,0.3012778,0.22058624
3836731171,0.25658542,0.26379192,0.4796226
3836763001,0.20712554,0.21146347,0.58141094
3836818576,0.25382698,0.21767525,0.5284978
3836822282,0.10792168,0.103503406,0.78857493
3836839628,0.20909485,0.5479914,0.24291381
3836881497,0.07854979,0.8219849,0.09946535
3837053239,0.7240326,0.121320486,0.15464689
3837095728,0.34369302,0.34189358,0.31441346
3837211640,0.39321035,0.31114197,0.29564774
3837262602,0.11972042,0.72792107,0.15235852
3837268033,0.2844536,0.46132365,0.25422275
3837283488,0.59058493,0.20112048,0.20829457
3837298640,0.34451544,0.3626263,0.2928582
3837334842,0.23291871,0.54882544,0.21825589
3837396448,0.36957788,0.29206464,0.3383575
3837445208,0.30818355,0.3184437,0.37337273
3837487706,0.4409498,0.271489,0.28756118
3837518005,0.23195998,0.30772492,0.46031514
3837525245,0.17489178,0.6267905,0.19831766
3837589998,0.08653477,0.7984467,0.11501851
3837598659,0.41668987,0.3291829,0.2541272
3837639201,0.35963967,0.3878204,0.25253993
3837863346,0.36381206,0.36139223,0.2747958
3837897588,0.384047,0.31660342,0.29934955
3838129335,0.4702512,0.28795922,0.24178953
3838134998,0.15047722,0.6705343,0.17898852
3838301590,0.2591155,0.24534187,0.49554268
3838352318,0.25942132,0.32494396,0.4156347
3838354362,0.32508954,0.3773667,0.29754382
3838430578,0.45819026,0.31835166,0.22345808
3838679705,0.498332,0.26364398,0.23802404
3838754894,0.30362725,0.26144123,0.4349315
3838854573,0.36840802,0.33291018,0.29868177
3838880084,0.35106084,0.30851296,0.3404262
3838944679,0.5185592,0.23760486,0.2438359
3839018711,0.23275934,0.362981,0.40425965
3839075938,0.2470606,0.32105306,0.43188635
3839114315,0.62250286,0.15663478,0.2208623
3839120274,0.2683151,0.23558496,0.49609998
3839262465,0.29000932,0.3364828,0.37350783
3839359874,0.42516404,0.2944363,0.2803997
3839426568,0.34496757,0.31831154,0.33672097
3839432093,0.24117966,0.24583688,0.5129835
3839467900,0.3164246,0.29505137,0.38852397
3839581232,0.6970657,0.14229675,0.16063754
3839633528,0.17363332,0.655557,0.17080969
3839652262,0.46887282,0.29938367,0.23174354
3839662153,0.28991675,0.38272515,0.32735816
3839680164,0.3055403,0.27349222,0.42096752
3839832482,0.22000234,0.41876122,0.3612365
3839890395,0.21043101,0.17695598,0.612613
3839910767,0.33891433,0.3595837,0.30150202
3840092441,0.28319484,0.3474866,0.36931857
3840265293,0.24476904,0.3101346,0.44509634
3840292043,0.41484627,0.26191938,0.32323435
3840332679,0.35536593,0.35722497,0.2874092
3840480022,0.41504997,0.27339375,0.3115563
3840520546,0.5584946,0.17192067,0.26958477
3840539490,0.17347185,0.622242,0.20428614
3840539711,0.38359648,0.25881794,0.35758558
3840543709,0.3920289,0.359621,0.24835011
3840579676,0.09948014,0.78009,0.1204299
3840771264,0.32162595,0.2845844,0.3937896
3840813644,0.3032289,0.28919,0.40758112
3840824592,0.2859228,0.21402384,0.5000533
3840855709,0.3991404,0.29153702,0.30932266
3840964040,0.27659932,0.29536173,0.42803895
3840968684,0.21883069,0.20699188,0.57417744
3841106815,0.40254813,0.30493203,0.29251984
3841176439,0.3491403,0.34256464,0.30829504
3841177293,0.37232772,0.2961449,0.3315274
3841187348,0.31824213,0.35027215,0.33148575
3841264020,0.52099156,0.14427145,0.33473706
3841281134,0.6595293,0.14484635,0.19562437
3841333065,0.38607493,0.3059597,0.3079654
3841525218,0.13277654,0.121489294,0.7457343
3841539628,0.7952792,0.08725419,0.117466554
3841936408,0.42170295,0.3212157,0.25708133
3841960105,0.5961992,0.22040851,0.1833923
3842001935,0.20585693,0.5816652,0.21247783
3842036952,0.526002,0.22969098,0.24430701
3842126711,0.21438925,0.27174103,0.51386976
3842148524,0.4703447,0.30026373,0.22939156
3842344338,0.46768132,0.29334486,0.2389738
3842407223,0.33120504,0.39288038,0.27591458
3842524248,0.2496932,0.26690328,0.48340353
3842797342,0.34379697,0.2787487,0.37745437
3842820407,0.27198222,0.3100135,0.41800424
3842837551,0.7142398,0.121482894,0.1642774
3842853961,0.41287702,0.32992288,0.25720012
3842873412,0.6362568,0.15815073,0.20559256
3842904864,0.31863183,0.35663152,0.3247366
3842952794,0.49721125,0.27443367,0.22835506
3842955974,0.30497774,0.36637902,0.3286433
3842957645,0.11771534,0.10648584,0.77579886
3843008180,0.33900514,0.37791032,0.2830845
3843161263,0.26669395,0.17041191,0.5628941
3843166930,0.16230302,0.15110996,0.686587
3843174547,0.18743978,0.59976846,0.21279179
3843387608,0.39935997,0.34865874,0.25198132
3843540438,0.4213418,0.3124261,0.2662321
3843579862,0.36060727,0.32969984,0.30969286
3843661727,0.32553402,0.38559178,0.28887415
3843665534,0.56552166,0.21926235,0.21521603
3843692526,0.28801918,0.23405631,0.47792453
3843725948,0.47158104,0.2999562,0.22846283
3843734749,0.07975846,0.8101437,0.11009781
3843791569,0.31928897,0.34411097,0.33659995
3843884754,0.34270173,0.36859024,0.28870806
3843900379,0.62280613,0.19360587,0.18358798
3843977915,0.3365595,0.3393139,0.3241266
3844060605,0.27939734,0.1675212,0.5530815
3844079470,0.21512023,0.25606328,0.52881646
3844154198,0.25042513,0.20610785,0.543467
3844186893,0.39981407,0.2917817,0.3084042
3844238111,0.6339843,0.18662615,0.1793895
3844356108,0.55783355,0.23216616,0.21000035
3844493476,0.40522495,0.28965652,0.3051185
3844540490,0.44277102,0.26868877,0.28854012
3844817751,0.29940805,0.41442975,0.28616217
3844910215,0.36550814,0.32034788,0.31414396
3845031799,0.24123594,0.3113577,0.44740632
3845151032,0.28005186,0.4368292,0.28311884
3845209485,0.21583165,0.44522557,0.3389428
3845211762,0.26240456,0.28921074,0.44838476
3845333785,0.23858558,0.21363127,0.5477832
3845426088,0.3895764,0.3404233,0.27000022
3845488306,0.15886989,0.13913281,0.7019972
3845492049,0.31922567,0.31342158,0.3673528
3845534361,0.23778233,0.47519502,0.28702274
3845540690,0.16058439,0.6533381,0.18607749
3845559472,0.40666074,0.31002533,0.28331396
3845756656,0.39614922,0.2856612,0.31818962
3846247681,0.3145058,0.33915052,0.3463437
3846256700,0.38196647,0.34142873,0.27660477
3846280803,0.31165287,0.38095415,0.30739298
3846411845,0.2835825,0.34866166,0.36775592
3846451314,0.6540123,0.13768984,0.20829779
3846529732,0.13901722,0.70155066,0.15943211
3846532366,0.45382866,0.30961153,0.23655984
3846634141,0.28484327,0.3682516,0.34690517
3846730715,0.23340869,0.44955528,0.31703606
3846749207,0.2736225,0.38431564,0.34206182
3846784693,0.22835065,0.32287732,0.44877207
3846835151,0.37586316,0.21200654,0.41213027
3846955663,0.5097995,0.25679964,0.23340085
3847102448,0.43728817,0.325925,0.23678689
3847103876,0.25344548,0.46885654,0.277698
3847149368,0.75835896,0.11174245,0.12989865
3847527196,0.32807732,0.37331212,0.29861057
3847540567,0.34799233,0.32063252,0.33137515
3847715872,0.25294515,0.47967944,0.26737547
3847769744,0.24565057,0.36424166,0.39010778
3847899248,0.65030116,0.15458678,0.19511212
3847915434,0.36934948,0.3475095,0.283141
3847926232,0.31953984,0.34926915,0.33119097
3847965685,0.3311422,0.41728505,0.25157273
3848000232,0.53518736,0.21611467,0.24869798
3848116289,0.3541938,0.31071708,0.33508912
3848122194,0.56374896,0.19945674,0.23679435
3848289028,0.33254212,0.35063237,0.31682548
3848325518,0.2164802,0.5754034,0.20811641
3848378186,0.27791727,0.26162565,0.46045703
3848791464,0.22476675,0.39060077,0.3846324
3848794051,0.3353202,0.41610777,0.24857202
3848820162,0.25812128,0.3197548,0.42212388
3848914222,0.31648365,0.31076178,0.37275454
3848915724,0.19234584,0.5896879,0.21796627
3849151609,0.51411223,0.24745172,0.23843606
3849175129,0.6323905,0.15760833,0.21000117
3849197934,0.19899777,0.21635415,0.5846481
3849390818,0.33792245,0.32210264,0.33997494
3849443204,0.31640813,0.3182019,0.36539003
3849459401,0.7766234,0.09364629,0.12973033
3849580813,0.39426076,0.30410162,0.30163762
3849725614,0.23276632,0.27884114,0.48839256
3849780705,0.69888616,0.12830594,0.17280789
3849851894,0.27047506,0.40940872,0.32011613
3849931833,0.68511826,0.13653189,0.17834987
3850047472,0.30720624,0.30657429,0.38621944
3850055872,0.298847,0.3251469,0.3760061
3850583786,0.119997874,0.748008,0.13199413
3850668307,0.2955124,0.33310947,0.37137812
3850775612,0.37826613,0.3524231,0.2693107
3850777357,0.19219577,0.17105937,0.63674486
3850797398,0.27048355,0.41754377,0.31197265
3850845647,0.40997666,0.3085485,0.2814748
3850921801,0.65309215,0.1604232,0.18648468
3850970067,0.28060392,0.48656172,0.23283441
3851090653,0.55629283,0.17405535,0.26965177
3851283146,0.35405624,0.39974838,0.24619545
3851378772,0.31312504,0.2892754,0.39759955
3851535539,0.29588982,0.33988124,0.36422896
3851622826,0.45529658,0.29447058,0.25023288
3851683719,0.21754716,0.2115329,0.5709199
3851812921,0.30459473,0.42415223,0.27125296
3851813988,0.28411552,0.32782534,0.3880591
3851820979,0.48353451,0.2765944,0.23987104
3851880093,0.29143843,0.34055787,0.3680038
3852121077,0.5085855,0.25675192,0.23466267
3852142292,0.31653452,0.4172805,0.2661851
3852174737,0.34594542,0.22273514,0.43131948
3852249156,0.35604662,0.3036051,0.3403482
3852621599,0.35950565,0.24503313,0.39546126
3852629309,0.26413247,0.44807,0.28779745
3852666733,0.4069787,0.28065065,0.3123707
3852673685,0.30956188,0.32829627,0.36214185
3852739341,0.4093354,0.33003268,0.26063192
3852741461,0.2112915,0.21809417,0.57061434
3852984932,0.36648804,0.34186855,0.29164338
3853098432,0.21519451,0.232421,0.5523845
3853115908,0.35289577,0.32113853,0.32596573
3853131435,0.36191398,0.38108203,0.25700387
3853163263,0.26313674,0.38162538,0.3552378
3853209128,0.39372876,0.19653246,0.40973878
3853345163,0.6251785,0.17514335,0.1996781
3853407805,0.68112767,0.12458456,0.19428784
3853480558,0.3615849,0.38017064,0.25824443
3853541860,0.48229805,0.24592112,0.2717808
3853649819,0.28497824,0.3991086,0.31591317
3853841389,0.34131628,0.35877025,0.2999135
3853854371,0.38679197,0.34500104,0.26820695
3853934293,0.5256729,0.26385075,0.21047637
3853993207,0.6635121,0.14559008,0.19089781
3854054647,0.35894492,0.353435,0.28762007
3854084159,0.37757522,0.36516294,0.2572619
3854185593,0.253506,0.42370695,0.32278708
3854252761,0.5573587,0.22233962,0.2203017
3854613101,0.23349331,0.34950998,0.4169967
3854665600,0.57929957,0.18085504,0.23984537
3854924602,0.118485145,0.142996,0.73851883
3855038193,0.1849778,0.17393303,0.64108914
3855106187,0.3298391,0.31588674,0.3542742
3855149049,0.39652625,0.32145837,0.28201538
3855181334,0.3331398,0.29075268,0.37610748
3855205264,0.6642252,0.13404147,0.20173322
3855220720,0.23320752,0.53987616,0.22691634
3855339596,0.3329079,0.3327599,0.33433223
3855345057,0.28743526,0.39041746,0.32214728
3855369056,0.39110988,0.3423192,0.2665709
3855452092,0.085874334,0.07936014,0.83476555
3855487201,0.35452196,0.31066063,0.33481738
3855528899,0.24715468,0.5334539,0.21939139
3855551863,0.4410267,0.28457707,0.2743962
3855583595,0.41820914,0.29513344,0.28665745
3855630640,0.08884576,0.08519244,0.82596177
3855682779,0.20425999,0.5660709,0.2296691
3855975566,0.22867426,0.25621137,0.5151143
3855982766,0.3794199,0.25633582,0.36424434
3856023780,0.26574245,0.30059272,0.43366483
3856101117,0.294832,0.38756013,0.31760788
3856142487,0.24130717,0.4231323,0.3355605
3856146345,0.110081784,0.76149905,0.12841915
3856312997,0.3001495,0.18967207,0.5101784
3856335422,0.6670249,0.163608,0.16936712
3856336719,0.16630891,0.14224558,0.69144547
3856465314,0.47404578,0.26221123,0.26374295
3856478475,0.14219815,0.13297983,0.72482204
3856598527,0.22478676,0.2953682,0.47984505
3856656559,0.4830219,0.2563644,0.26061383
3856665862,0.35731688,0.33105028,0.31163278
3856669683,0.28773797,0.302025,0.41023707
3856849510,0.24171376,0.46218002,0.29610628
3856959979,0.37567076,0.34572834,0.27860096
3856985617,0.21521938,0.18278149,0.6019991
3857070217,0.37700355,0.38343227,0.23956417
3857116941,0.41715363,0.30922654,0.2736198
3857225911,0.2025716,0.54590786,0.2515205
3857250861,0.12072363,0.11482812,0.76444817
3857258064,0.5625444,0.21134116,0.22611444
3857268782,0.11678042,0.7330125,0.15020706
3857326911,0.7649531,0.09490285,0.14014402
3857378763,0.35789403,0.35621542,0.28589058
3857454426,0.331436,0.2296474,0.43891653
3857466335,0.35224324,0.34619498,0.3015618
3857497094,0.16713779,0.6057917,0.2270706
3857542864,0.43320864,0.26367462,0.30311677
3857701272,0.55239385,0.21847658,0.22912957
3857719707,0.6976018,0.14260909,0.15978912
3857774731,0.6964459,0.13871743,0.16483669
3857875933,0.27447584,0.3364877,0.38903645
3857884989,0.086510465,0.08953536,0.82395416
3857908722,0.14570133,0.701796,0.15250273
3857960705,0.31125185,0.33289608,0.35585213
3857995397,0.46569288,0.2781694,0.2561377
3858115560,0.35559198,0.32096642,0.32344165
3858166753,0.5396437,0.12813495,0.33222136
3858249350,0.21511173,0.5347104,0.25017786
3858314194,0.27250755,0.30338314,0.42410925
3858385097,0.3206119,0.3595613,0.31982684
3858425137,0.37862253,0.3232615,0.29811594
3858545382,0.32428622,0.35960352,0.31611022
3858584635,0.23915118,0.17167181,0.589177
3858585889,0.39457205,0.32511622,0.2803118
3858596139,0.79421806,0.08415945,0.12162256
3858645075,0.38261145,0.20591864,0.41146994
3858958952,0.20598489,0.5403427,0.25367245
3859201381,0.16902189,0.60054,0.23043808
3859259114,0.23924538,0.47975394,0.28100067
3859330081,0.5216677,0.27449375,0.20383856
3859416473,0.38814056,0.32321304,0.28864637
3859448254,0.19222176,0.63982046,0.16795777
3859463002,0.18895021,0.5948355,0.21621427
3859623347,0.14028858,0.6790285,0.18068287
3859627723,0.17042398,0.18406722,0.64550877
3859665285,0.263795,0.48993325,0.24627167
3859712650,0.23065865,0.50986665,0.2594747
3859721043,0.31297117,0.2712501,0.41577873
3859752125,0.48646352,0.20615876,0.30737782
3859865271,0.39830017,0.31471017,0.28698963
3859968358,0.18650609,0.32041907,0.4930749
3859983759,0.14287998,0.7015422,0.15557785
3860150270,0.38961744,0.29275635,0.31762624
3860346819,0.32097036,0.37656474,0.3024649
3860429817,0.3642144,0.2390268,0.3967588
3860506026,0.1188596,0.12459815,0.75654227
3860705432,0.7819731,0.09294307,0.12508376
3860729855,0.13629766,0.11656159,0.74714077
3860837001,0.2907802,0.43290982,0.27631
3860919272,0.28902397,0.3779552,0.3330209
3860926443,0.28696892,0.39006463,0.32296646
3860964123,0.27956367,0.21428615,0.5061502
3861072222,0.7359517,0.12052913,0.14351912
3861098115,0.33255494,0.35069484,0.31675032
3861232350,0.18039203,0.17988779,0.63972014
3861280997,0.36003786,0.26598078,0.37398136
3861358043,0.43549928,0.32188982,0.24261093
3861372873,0.35175854,0.28199303,0.36624846
3861382455,0.1782741,0.64026165,0.18146428
3861418108,0.25641555,0.2924992,0.4510852
3861436588,0.20755564,0.3095872,0.48285717
3861555615,0.12970309,0.1288621,0.7414349
3861640977,0.2617071,0.35668346,0.3816094
3861643444,0.38292834,0.28884858,0.32822308
3861731346,0.28643978,0.43315098,0.28040922
3861791517,0.19971621,0.1714421,0.62884164
3861897059,0.29175913,0.33589613,0.37234473
3862004022,0.73902607,0.09606731,0.16490659
3862080803,0.28787598,0.18800601,0.52411807
3862215169,0.32148868,0.34094998,0.33756128
3862345512,0.22460206,0.5261979,0.24920006
3862349858,0.2861076,0.37973502,0.3341574
3862377782,0.3760688,0.35440147,0.26952967
3862438567,0.12839073,0.13018687,0.7414224
3862540884,0.27365494,0.36548337,0.36086178
3862572845,0.34764722,0.3885168,0.26383597
3862574318,0.33954737,0.3040718,0.35638082
3862589167,0.31993976,0.25167546,0.4283848
3862606635,0.44745958,0.21529876,0.33724168
3862684171,0.27681324,0.2713582,0.45182854
3862684363,0.37232774,0.2797865,0.34788576
3862783340,0.47221816,0.30328286,0.22449893
3862889791,0.3297637,0.38650796,0.28372833
3863035284,0.19860609,0.5778421,0.22355182
3863145070,0.38200682,0.25692743,0.36106575
3863288150,0.3071679,0.3496578,0.34317434
3863384899,0.3939362,0.27282992,0.33323386
3863409656,0.28898326,0.33037284,0.38064384
3863423303,0.2552981,0.33267894,0.41202298
3863473349,0.38810986,0.33855838,0.27333176
3863852903,0.2809445,0.4146991,0.3043565
3863882698,0.2800465,0.3159441,0.40400943
3863888214,0.5753871,0.23243183,0.19218108
3863901937,0.44049126,0.2948811,0.26462767
3864199963,0.30842206,0.27752036,0.41405758
3864241325,0.40257606,0.24441206,0.35301182
3864301388,0.5405319,0.23248342,0.22698468
3864427719,0.22625701,0.47106877,0.3026743
3864557134,0.30765972,0.34759027,0.34475
3864597027,0.2633084,0.3088123,0.4278792
3864652197,0.46318027,0.29050222,0.24631746
3864717492,0.34269637,0.4023603,0.25494334
3864908536,0.30532363,0.23991777,0.45475858
3864979662,0.16062441,0.60595244,0.23342322
3865130151,0.6994266,0.12954552,0.17102784
3865179063,0.3987529,0.29632947,0.3049176
3865306700,0.28853878,0.35323298,0.35822833
3865307973,0.2889122,0.20333876,0.507749
3865309261,0.3138903,0.38493344,0.30117634
3865498011,0.27142066,0.40862322,0.31995615
3865500373,0.47689247,0.25751728,0.26559034
3865610759,0.21409483,0.19740584,0.5884993
3865660213,0.19325262,0.6357403,0.1710071
3865766737,0.38943306,0.18561722,0.42494968
3865815908,0.43513873,0.28990546,0.27495578
3865915001,0.26511416,0.41298088,0.32190493
3866013973,0.21534292,0.40854457,0.37611258
3866095506,0.5767234,0.21940233,0.20387423
3866185257,0.3340287,0.37463132,0.29134002
3866194691,0.21487816,0.53187716,0.25324464
3866272407,0.3356998,0.40454352,0.25975662
3866353314,0.5906669,0.21625085,0.19308227
3866434964,0.4070405,0.30725715,0.28570238
3866618658,0.48399684,0.28820783,0.22779535
3866942291,0.27646375,0.38486344,0.3386729
3867011965,0.38933417,0.31764495,0.29302087
3867091752,0.61555666,0.17906098,0.20538238
3867146472,0.34820455,0.2357314,0.41606402
3867366441,0.4139003,0.317301,0.2687988
3867410207,0.29024744,0.4506309,0.25912166
3867415492,0.23745126,0.47455043,0.28799832
3867441555,0.47736207,0.26618135,0.25645658
3867456326,0.36374977,0.27075803,0.3654922
3867592916,0.29864946,0.4258105,0.27554005
3867622782,0.5181613,0.2659396,0.21589912
3867909372,0.45206693,0.28259906,0.26533407
3867935774,0.17026009,0.6145964,0.21514349
3867973905,0.07592991,0.8289112,0.09515891
3868070898,0.32276216,0.41345096,0.2637869
3868094901,0.32840118,0.36493668,0.30666223
3868100455,0.3553587,0.38249633,0.262145
3868169447,0.35888267,0.3233733,0.31774405
3868385818,0.25164187,0.4426046,0.30575353
3868484486,0.09442983,0.08621084,0.81935936
3868536248,0.36320618,0.36675256,0.27004126
3868556946,0.2033428,0.60393274,0.1927245
3868821465,0.44059348,0.26909992,0.29030657
3868973998,0.39909932,0.2614903,0.3394104
3868993576,0.38245657,0.2606928,0.3568506
3869093745,0.48302138,0.29382664,0.223152
3869118228,0.3182189,0.2135283,0.46825278
3869178556,0.36726573,0.3419212,0.29081306
3869186518,0.41407427,0.29728967,0.28863603
3869187326,0.07262576,0.8354217,0.09195249
3869265692,0.320285,0.28164378,0.39807126
3869284113,0.14936405,0.22299387,0.62764204
3869324588,0.19349074,0.5733752,0.233134
3869434592,0.3339158,0.27386588,0.39221832
3869454658,0.20716955,0.575641,0.21718949
3869461945,0.7530012,0.10329996,0.14369886
3869626405,0.41263345,0.26315716,0.3242094
3869648745,0.20890011,0.18264063,0.6084592
3869668228,0.30086336,0.17257662,0.52656007
3869847223,0.4482623,0.24770257,0.30403513
3869983990,0.35139617,0.3557716,0.29283214
3870030183,0.20702456,0.23556007,0.5574154
3870048179,0.31295228,0.35066897,0.3363788
3870055402,0.31940034,0.38311493,0.29748476
3870079612,0.33655027,0.37257686,0.29087293
3870102911,0.06898056,0.06290664,0.8681128
3870181407,0.28080654,0.43620047,0.28299293
3870251926,0.21710134,0.23457944,0.54831916
3870299211,0.36117432,0.35154042,0.28728524
3870510885,0.5557163,0.22108607,0.22319776
3870588405,0.247514,0.24973531,0.50275064
3870613604,0.32218882,0.39770198,0.2801092
3870644356,0.24069314,0.22860153,0.53070533
3870694166,0.16347922,0.6783516,0.15816921
3870722629,0.42652652,0.2704934,0.30298012
3870753505,0.2763985,0.47612616,0.24747525
3871021520,0.13012765,0.10439157,0.76548076
3871238436,0.32887307,0.38494438,0.28618252
3871336659,0.31763887,0.3802539,0.30210724
3871379790,0.1654528,0.52959347,0.30495372
3871606957,0.20251778,0.22224906,0.5752331
3871636532,0.6868979,0.14930743,0.1637947
3871762337,0.24139617,0.2696493,0.48895454
3871871729,0.2753436,0.3748194,0.34983706
3871874983,0.45776558,0.24588762,0.29634687
3871879174,0.14270553,0.14383388,0.7134606
3871937256,0.27332035,0.26762906,0.45905054
3871948964,0.25440833,0.34007135,0.40552032
3871959723,0.32278398,0.329876,0.34734002
3871994806,0.35601595,0.27716932,0.3668148
3872042871,0.11884164,0.738703,0.1424554
3872070554,0.13340206,0.6973339,0.16926403
3872092678,0.23174337,0.1949534,0.5733032
3872132261,0.3834899,0.34302247,0.27348757
3872229174,0.3409702,0.3095628,0.3494671
3872324645,0.25998002,0.36303326,0.37698668
3872376914,0.55025285,0.2255797,0.22416747
3872402333,0.26200503,0.21752486,0.5204701
3872450315,0.13776273,0.11082313,0.7514142
3872499684,0.51766944,0.2636569,0.21867363
3872507980,0.3697544,0.3601307,0.27011484
3872559850,0.46373042,0.28533947,0.25093013
3872599526,0.4127636,0.24317995,0.34405646
3872614978,0.38396537,0.31129467,0.30473998
3872864003,0.0896796,0.7936586,0.116661765
3872942736,0.24624419,0.48692492,0.26683086
3873191223,0.5453268,0.23031287,0.22436023
3873256269,0.28469428,0.4073934,0.30791238
3873367761,0.26745707,0.44566807,0.28687486
3873415195,0.48226932,0.2872956,0.23043501
3873453207,0.27183387,0.21533075,0.51283544
3873587901,0.5669289,0.18339263,0.24967846
3873633034,0.28946638,0.45287046,0.25766316
3873721817,0.32996878,0.35472488,0.31530637
3873759510,0.15490657,0.67366993,0.17142347
3873909199,0.31905988,0.37842524,0.30251494
3874102061,0.1444948,0.6822006,0.1733046
3874199022,0.30660415,0.3027938,0.39060202
3874210883,0.27071068,0.38579467,0.34349474
3874251392,0.14161338,0.70167387,0.15671277
3874269415,0.5230736,0.2519728,0.22495358
3874279375,0.21194458,0.17670852,0.6113469
3874393803,0.40979105,0.33837935,0.2518296
3874412302,0.32599607,0.35545027,0.31855366
3874863773,0.6029018,0.14708395,0.2500142
3875070530,0.22770284,0.1924847,0.5798124
3875191004,0.31281108,0.38742918,0.29975972
3875210302,0.7967407,0.085826576,0.11743277
3875280032,0.33788148,0.36382815,0.29829043
3875316251,0.30851987,0.41114697,0.28033313
3875372031,0.3368935,0.37638763,0.28671893
3875419510,0.4135671,0.27404305,0.31238985
3875494353,0.08646891,0.09041733,0.82311374
3875546765,0.28578472,0.19539979,0.51881546
3875555311,0.39659455,0.3174244,0.285981
3875582441,0.26642856,0.25129774,0.48227376
3875711591,0.3044061,0.3810986,0.31449527
3875741665,0.34631154,0.35813135,0.29555714
3875751971,0.671675,0.16304345,0.16528146
3875773403,0.49864107,0.270773,0.23058586
3875938317,0.4041013,0.292535,0.30336374
3876065417,0.43248326,0.29873145,0.26878527
3876073306,0.54895115,0.21435353,0.23669533
3876107739,0.08801029,0.085574895,0.8264148
3876114934,0.104195684,0.09708284,0.79872143
3876177323,0.15432549,0.6704858,0.17518872
3876294659,0.0937606,0.08017353,0.82606584
3876353636,0.38180804,0.33747092,0.2807211
3876386933,0.213696,0.18246791,0.60383606
3876416489,0.26519778,0.3259831,0.40881914
3876433864,0.51156956,0.24800539,0.24042508
3876496299,0.20027411,0.521189,0.27853695
3876509665,0.14252862,0.68250823,0.17496315
3876575346,0.5566625,0.1819926,0.26134485
3876776064,0.25329053,0.40305027,0.34365916
3876779507,0.42533046,0.30396992,0.27069962
3876838507,0.24398807,0.43031678,0.32569522
3876896786,0.08996386,0.80364317,0.10639301
3876937164,0.21608886,0.5790712,0.20483997
3877054222,0.13450125,0.69535154,0.17014727
3877076427,0.2923065,0.44137567,0.26631787
3877196366,0.2771762,0.28934523,0.43347856
3877201091,0.3246818,0.42058253,0.25473562
3877216629,0.39746705,0.3628215,0.23971145
3877321824,0.20290944,0.5141397,0.28295082
3877347785,0.67846656,0.16317801,0.15835544
3877392936,0.15222117,0.65215486,0.19562396
3877835552,0.27089533,0.444408,0.28469676
3878023242,0.17226821,0.15943804,0.6682938
3878119954,0.3673014,0.351208,0.2814906
3878332688,0.4422013,0.25106478,0.30673397
3878377531,0.1854784,0.6425663,0.17195535
3878377780,0.60371786,0.18059973,0.21568239
3878423896,0.46113306,0.25960755,0.27925935
3878479364,0.33969256,0.3767916,0.28351572
3878510540,0.31514806,0.3871871,0.2976648
3878522245,0.24979943,0.4349633,0.31523725
3878554146,0.15775134,0.15970126,0.6825474
3878594424,0.22952199,0.18106586,0.58941215
3878685339,0.31967357,0.32863164,0.3516947
3878704968,0.2539697,0.48237205,0.26365834
3878769738,0.15273543,0.554552,0.29271257
3878827897,0.31634882,0.39542246,0.28822878
3878954188,0.3390669,0.3672198,0.2937132
3878958681,0.38492113,0.2591626,0.3559162
3878988663,0.31679758,0.38894692,0.29425555
3879139126,0.37424216,0.27704656,0.34871125
3879426176,0.3124204,0.42735022,0.26022944
3879574800,0.26702926,0.37614828,0.35682243
3879626737,0.6948241,0.12936342,0.17581248
3879647605,0.16047615,0.5923669,0.24715695
3879652718,0.2402118,0.3124861,0.44730216
3879702089,0.28094837,0.38398445,0.33506718
3879934797,0.170151,0.6284089,0.20144014
3880020155,0.14092283,0.7029494,0.15612775
3880139965,0.28181082,0.27279025,0.44539893
3880150353,0.33981743,0.35874045,0.30144212
3880280939,0.2654569,0.48016146,0.25438163
3880474664,0.56781787,0.23014918,0.20203294
3880487442,0.43523517,0.30473882,0.260026
3880531358,0.3223794,0.266677,0.4109437
3880761571,0.3606515,0.30629006,0.33305842
3880768865,0.43850476,0.27626896,0.28522632
3880909361,0.23120666,0.3116696,0.4571238
3881144659,0.6234274,0.16685303,0.20971969
3881178090,0.086483456,0.08762152,0.825895
3881187809,0.33508795,0.34685755,0.31805456
3881314129,0.30552283,0.3141226,0.38035455
3881424880,0.49319792,0.23974659,0.26705557
3881496307,0.32992497,0.30044997,0.36962512
3881559823,0.26696157,0.24885683,0.48418167
3881571249,0.19694431,0.16524047,0.6378153
3881638188,0.37601352,0.34483817,0.27914834
3881725639,0.39435342,0.31752488,0.28812167
3881791791,0.51025236,0.2523365,0.23741125
3881795118,0.329311,0.3452034,0.32548565
3881809610,0.409975,0.35973525,0.23028977
3881887806,0.53535336,0.24292085,0.22172576
3881893749,0.4800339,0.2695631,0.25040293
3881903898,0.46352732,0.2969149,0.23955774
3881943687,0.37769836,0.31417224,0.30812937
3882194213,0.44014227,0.26714376,0.29271406
3882213913,0.26855892,0.27387017,0.4575709
3882224315,0.29361105,0.23957397,0.46681497
3882233111,0.7522047,0.10885869,0.13893664
3882247537,0.09424036,0.09075398,0.8150056
3882261043,0.20044674,0.5732622,0.22629109
3882367146,0.25552395,0.26596734,0.4785087
3882446839,0.2599148,0.402691,0.3373943
3882741913,0.3675299,0.29037195,0.34209815
3882752950,0.3458335,0.36818853,0.28597793
3882804494,0.28639963,0.4191662,0.29443422
3882811235,0.38346142,0.31616163,0.300377
3882818874,0.72402835,0.122066095,0.15390554
3882835528,0.3894311,0.2946817,0.31588724
3882966495,0.36756647,0.35975003,0.2726834
3883052874,0.4436011,0.28280002,0.27359882
3883053766,0.3730602,0.30687845,0.32006133
3883188992,0.08682314,0.8028998,0.110277034
3883237950,0.54334474,0.25280264,0.20385265
3883259074,0.33201316,0.34749678,0.3204901
3883271254,0.454723,0.26833713,0.2769398
3883336468,0.3667789,0.3300359,0.3031852
3883350584,0.24765715,0.34038883,0.4119541
3883382593,0.23218149,0.26340964,0.50440896
3883491246,0.63377523,0.16064712,0.20557758
3883693531,0.27632362,0.3090948,0.41458163
3883708960,0.18161504,0.62010986,0.19827515
3883765113,0.29279172,0.42354575,0.2836625
3883837011,0.36841267,0.32832044,0.30326682
3883838580,0.35830083,0.35022703,0.29147214
3884031519,0.23031357,0.19735776,0.5723287
3884096015,0.27580732,0.46325096,0.26094162
3884165963,0.3683699,0.34083226,0.29079777
3884198872,0.5585095,0.22839834,0.2130922
3884270037,0.6253356,0.17766923,0.19699518
3884342165,0.26766202,0.39382616,0.33851185
3884362683,0.29182887,0.30329725,0.40487385
3884415755,0.3703801,0.30426064,0.32535923
3884456636,0.30112308,0.4503201,0.24855669
3884545318,0.24248429,0.25512043,0.50239533
3884577125,0.14337286,0.697989,0.15863818
3884582929,0.21921074,0.53283465,0.24795455
3884642925,0.5125597,0.26755017,0.21989018
3884764694,0.3862963,0.33084768,0.28285608
3884819726,0.106128536,0.09769577,0.79617566
3884823978,0.3668705,0.34966046,0.28346908
3884873304,0.25661886,0.48449066,0.25889045
3885040000,0.41897908,0.30284798,0.27817294
3885119210,0.16311222,0.6067046,0.23018314
3885172829,0.2544766,0.35256243,0.39296094
3885194159,0.34901115,0.3908969,0.26009205
3885203398,0.46603766,0.16892807,0.36503425
3885221740,0.34115955,0.41014594,0.24869448
3885289774,0.33540472,0.2773009,0.38729438
3885373301,0.17283413,0.65090823,0.17625764
3885487475,0.14933138,0.6593919,0.1912767
3885551064,0.39871332,0.34095523,0.26033142
3885774247,0.23453927,0.47964147,0.2858192
3885824331,0.25380093,0.3453108,0.40088826
3885863135,0.14842819,0.63457257,0.21699928
3885873073,0.1692642,0.22283019,0.6079056
3885882058,0.5378797,0.23646581,0.22565444
3885933175,0.4895411,0.25689736,0.25356156
3885946251,0.3025309,0.358157,0.3393121
3885962010,0.28920555,0.38840514,0.32238925
3886112588,0.4710549,0.23194917,0.29699585
3886214841,0.18228576,0.20389657,0.6138177
3886354515,0.1939893,0.20196693,0.6040437
3886354982,0.37875733,0.29167798,0.32956475
3886725041,0.33378744,0.3429982,0.32321444
3886881095,0.3169047,0.32257986,0.36051545
3886884537,0.6031323,0.1945172,0.20235054
3886916613,0.39418432,0.3051631,0.30065262
3887007035,0.109419025,0.7669265,0.12365446
3887024785,0.4443242,0.24513398,0.31054184
3887055292,0.3237931,0.37238535,0.30382153
3887091484,0.29395953,0.32136545,0.38467503
3887096605,0.45999944,0.25535184,0.28464872
3887290539,0.72710276,0.11729162,0.1556056
3887309819,0.34250882,0.40224174,0.2552495
3887350507,0.22114487,0.5035863,0.27526882
3887364291,0.48775905,0.2768701,0.23537086
3887508614,0.19108662,0.5869887,0.22192466
3887546380,0.39077815,0.2966694,0.31255242
3887647165,0.102216825,0.110766724,0.7870165
3887702165,0.32317546,0.3587112,0.31811333
3887795609,0.31585756,0.33157858,0.35256386
3887814278,0.19559105,0.51911664,0.28529224
3887913599,0.11293811,0.7261445,0.16091739
3887917660,0.25537202,0.42510858,0.31951937
3887970466,0.3299512,0.21590096,0.45414788
3888015284,0.33852497,0.20106274,0.4604123
3888028201,0.5256902,0.22717927,0.24713059
3888094942,0.11011275,0.09375355,0.79613376
3888242021,0.3795634,0.33133766,0.28909898
3888262946,0.43733326,0.29498008,0.2676867
3888482940,0.40246388,0.32173198,0.2758041
3888521134,0.115310445,0.7560096,0.12868005
3888541022,0.33512706,0.3462502,0.31862277
3888542809,0.073863365,0.8287109,0.0974257
3888687409,0.3273915,0.28527483,0.38733372
3888769945,0.41994333,0.30976343,0.2702933
3888864515,0.49564,0.23979078,0.26456925
3889003744,0.19628724,0.5370365,0.2666762
3889119535,0.22025517,0.19385701,0.5858878
3889177932,0.5332883,0.20418358,0.2625281
3889361167,0.31336638,0.36074895,0.3258846
3889375876,0.3552496,0.32004517,0.32470518
3889423599,0.35236612,0.36771116,0.2799227
3889477144,0.44903976,0.31243584,0.23852438
3889650090,0.78178126,0.09296106,0.12525779
3889657583,0.35420412,0.33913687,0.3066591
3889685081,0.40275452,0.3457221,0.25152335
3889737125,0.33088222,0.36484805,0.30426976
3889750199,0.23925534,0.23082389,0.52992076
3889804622,0.39612386,0.35774794,0.24612816
3889842434,0.26874498,0.39732334,0.33393177
3889917238,0.38252681,0.34604317,0.27142996
3889985409,0.1817429,0.16722895,0.6510281
3890210726,0.32236275,0.27306056,0.40457672
3890210883,0.5717783,0.21797255,0.21024916
3890215616,0.36952195,0.3410552,0.2894228
3890535325,0.20513584,0.5012124,0.29365176
3890819192,0.5835419,0.20619489,0.21026315
3890836868,0.38209096,0.3339851,0.28392398
3890849941,0.28057736,0.3043563,0.4150663
3890936880,0.3225206,0.3413179,0.33616155
3891002211,0.3707695,0.38204536,0.24718513
3891030629,0.5435561,0.24881038,0.20763347
3891104479,0.2954916,0.43272018,0.27178818
3891188782,0.3502325,0.31085575,0.33891174
3891210819,0.34034583,0.3455437,0.3141104
3891485973,0.40669262,0.29156032,0.30174702
3891496936,0.20498204,0.5094082,0.28560972
3891558726,0.36745045,0.27928934,0.35326022
3891610387,0.43075672,0.2813084,0.2879349
3891661292,0.29619518,0.335821,0.36798376
3891740571,0.14843634,0.14285259,0.7087111
3891831159,0.09200226,0.08704527,0.8209525
3891869887,0.4273578,0.32914442,0.2434977
3891904319,0.099988185,0.7612208,0.1387909
3891921847,0.50456274,0.2542562,0.24118106
3891949722,0.32279587,0.36837885,0.30882534
3892050633,0.49707997,0.26430166,0.23861836
3892205199,0.45051953,0.2983047,0.25117573
3892216938,0.37916034,0.34942317,0.27141652
3892297427,0.48564887,0.2888893,0.22546186
3892367539,0.33967477,0.336846,0.32347926
3892373157,0.25023058,0.2542415,0.4955278
3892409876,0.30946583,0.4523356,0.23819861
3892418715,0.7697343,0.09866912,0.13159648
3892491345,0.26182505,0.43520927,0.30296576
3892615639,0.3197112,0.30942312,0.3708656
3892956692,0.28517658,0.20946279,0.50536066
3892984524,0.32448494,0.37159973,0.30391544
3893024435,0.29185364,0.3965716,0.31157476
3893088397,0.42280403,0.34715202,0.23004392
3893174597,0.29231042,0.2755839,0.43210566
3893190130,0.4145028,0.25139645,0.33410072
3893191031,0.27733955,0.378734,0.34392652
3893349394,0.3843761,0.20356096,0.41206297
3893433059,0.6972063,0.10090443,0.20188925
3893503887,0.2858872,0.37691885,0.3371939
3893524764,0.3839553,0.3198426,0.29620206
3893593189,0.48024845,0.26344043,0.25631115
3893830774,0.25280243,0.41309348,0.3341042
3893831056,0.3367048,0.33672714,0.32656807
3893859286,0.24528874,0.49832585,0.25638545
3893927683,0.4383487,0.29419497,0.2674563
3894118103,0.5266731,0.26236916,0.2109577
3894145446,0.330733,0.33858564,0.3306813
3894209729,0.542195,0.24889226,0.20891277
3894215666,0.30255383,0.3601491,0.33729714
3894235760,0.35748124,0.33917108,0.30334774
3894284346,0.46202475,0.2976106,0.24036464
3894423191,0.32715362,0.3069646,0.36588183
3894424828,0.16022143,0.64427257,0.19550604
3894474436,0.20445041,0.17186357,0.623686
3894549577,0.28979042,0.42800942,0.28220007
3894551747,0.28605822,0.44127396,0.27266783
3894590449,0.43454388,0.26990074,0.29555535
3894636110,0.12392621,0.7294622,0.14661159
3894752320,0.34235412,0.3706607,0.2869852
3894820669,0.37182614,0.26520658,0.36296734
3894947803,0.3251469,0.37095627,0.30389684
3894962456,0.4460563,0.31531334,0.23863035
3895158283,0.51165795,0.24501039,0.24333163
3895265279,0.16067128,0.45820513,0.38112354
3895392234,0.20019247,0.17612992,0.6236776
3895549203,0.3104375,0.30484325,0.38471934
3895656231,0.6079991,0.19973963,0.19226126
3895725239,0.2117403,0.5832834,0.20497632
3895805384,0.17460099,0.6683123,0.15708676
3895919907,0.16788684,0.15300472,0.6791085
3896048011,0.4803448,0.2164944,0.30316082
3896232195,0.17454539,0.20680381,0.61865073
3896365828,0.32398286,0.29655677,0.37946036
3896502027,0.3292326,0.30093384,0.36983362
3896523180,0.3012299,0.28224745,0.41652256
3896604429,0.3385662,0.35934725,0.3020865
3896821589,0.22521238,0.5388953,0.23589227
3896939883,0.48851094,0.26036048,0.2511286
3897141669,0.25169086,0.35962677,0.38868228
3897304062,0.12609257,0.72315425,0.15075321
3897310077,0.2717932,0.27194422,0.45626256
3897330887,0.31669846,0.39088243,0.29241914
3897339141,0.20979239,0.47009292,0.32011473
3897360597,0.31292102,0.3708266,0.3162524
3897438587,0.3433701,0.32139218,0.3352377
3897465532,0.55837274,0.23254032,0.20908691
3897539675,0.33337262,0.31790558,0.34872183
3897819959,0.41433072,0.31336358,0.27230564
3897899133,0.27160197,0.22186221,0.5065358
3897967985,0.1239157,0.7332164,0.14286786
3898011950,0.2662418,0.28589392,0.44786432
3898054326,0.36525068,0.34231767,0.2924316
3898057208,0.35663348,0.28643298,0.35693353
3898216812,0.08640238,0.7803121,0.13328555
3898333673,0.28547356,0.35509723,0.35942918
3898362763,0.35085928,0.33104554,0.3180952
3898479363,0.2931823,0.4212272,0.2855905
3898485984,0.3752121,0.34941024,0.27537766
3898542144,0.21057785,0.5488529,0.24056926
3898630851,0.31391907,0.3554635,0.3306175
3898917569,0.17318228,0.64916056,0.1776572
3898978250,0.121119395,0.7531513,0.12572928
3899015371,0.37981042,0.3124407,0.30774885
3899166636,0.3703237,0.27411073,0.35556552
3899394764,0.44305506,0.25774884,0.29919603
3899550777,0.18902108,0.62634534,0.18463363
3899561426,0.31627184,0.33295462,0.3507736
3899570637,0.2216555,0.19265133,0.58569324
3899717245,0.8218329,0.07638704,0.10178007
3899847434,0.28155634,0.28443116,0.43401247
3899851345,0.12089124,0.7405055,0.13860321
3899864690,0.3258096,0.36422566,0.3099647
3899867463,0.5316234,0.24075906,0.2276176
3899936606,0.21362448,0.22294043,0.5634351
3900086420,0.33226195,0.3260916,0.34164652
3900096085,0.4212865,0.30869442,0.27001902
3900113422,0.20992613,0.25385773,0.5362161
3900142093,0.24297336,0.46496224,0.29206443
3900269170,0.4349262,0.22160658,0.34346718
3900285961,0.27821472,0.39512742,0.32665786
3900515764,0.21746492,0.27156162,0.5109735
3900557801,0.32047206,0.33902913,0.34049878
3900619134,0.40502018,0.30331236,0.29166746
3900666824,0.26474085,0.30145562,0.43380356
3900709960,0.34300107,0.41873562,0.23826334
3900716878,0.33153516,0.24473564,0.42372912
3900821923,0.3002063,0.36694533,0.33284834
3900950531,0.4133401,0.32642597,0.26023403
3901047538,0.391169,0.27693614,0.3318948
3901195795,0.62434614,0.16858104,0.2070728
3901215894,0.33327484,0.3164685,0.35025665
3901246876,0.3233265,0.2523112,0.42436224
3901248975,0.5806331,0.22347835,0.1958886
3901316519,0.4062306,0.29122242,0.30254698
3901350971,0.36120832,0.18927321,0.44951853
3901478656,0.20774747,0.20298979,0.5892628
3901488791,0.34078375,0.28869143,0.37052482
3901582912,0.34623963,0.28566986,0.36809054
3901622240,0.1437269,0.6234822,0.23279086
3901734267,0.23278424,0.2331499,0.5340658
3901750992,0.21973778,0.482014,0.29824826
3901758385,0.2689474,0.35061172,0.38044095
3901974127,0.48983246,0.30219692,0.20797066
3901988477,0.33835906,0.3268083,0.3348326
3902003502,0.23316474,0.27753815,0.48929715
3902037300,0.5369553,0.25069925,0.21234544
3902095360,0.3567967,0.23453285,0.40867049
3902257376,0.55957764,0.20068932,0.23973313
3902260242,0.19964689,0.20581914,0.59453386
3902417596,0.2507813,0.47869265,0.270526
3902497039,0.376409,0.3202988,0.30329219
3902727014,0.39878243,0.3597723,0.24144529
3902816683,0.38067323,0.3453391,0.27398777
3902857699,0.17492928,0.6371434,0.18792738
3902936984,0.32821527,0.33299315,0.33879164
3902976486,0.31091887,0.37793398,0.31114718
3903026093,0.48020786,0.20681025,0.31298193
3903119903,0.24761096,0.35891834,0.3934707
3903135295,0.48869613,0.25634408,0.2549598
3903288373,0.2108355,0.20220038,0.58696413
3903388603,0.11694296,0.10231609,0.780741
3903402974,0.24411343,0.519869,0.2360175
3903405335,0.36054066,0.33576098,0.30369836
3903670404,0.40750995,0.32732898,0.26516104
3903810011,0.41113374,0.35357758,0.23528874
3903836139,0.19765815,0.6085904,0.1937515
3903888445,0.40706146,0.27642953,0.316509
3904010176,0.38310575,0.38711762,0.22977653
3904053384,0.5566458,0.2074201,0.23593408
3904225542,0.2859612,0.31254014,0.40149868
3904369221,0.42494172,0.2310892,0.34396908
3904372114,0.50372684,0.24222402,0.2540492
3904405473,0.3603331,0.34285203,0.29681486
3904536460,0.32775494,0.44541153,0.22683349
3904640382,0.2351961,0.47657743,0.2882265
3904729503,0.24817929,0.12768577,0.624135
3904774829,0.17725554,0.5692258,0.25351864
3904928754,0.4221556,0.28166875,0.2961757
3905187083,0.28856084,0.34530112,0.36613804
3905285713,0.39473322,0.28917956,0.31608728
3905301372,0.2806819,0.26632863,0.4529895
3905407937,0.090203315,0.783754,0.12604268
3905433590,0.2973464,0.36784795,0.33480564
3905486078,0.3562326,0.39090315,0.2528642
3905539280,0.30228186,0.31191504,0.3858031
3905747779,0.7670527,0.10015017,0.13279717
3905793985,0.12392903,0.10904999,0.767021
3905798894,0.4850789,0.28813434,0.22678679
3905820932,0.68798643,0.13448118,0.17753237
3905956558,0.30499873,0.3924807,0.3025206
3905984827,0.4144077,0.32221594,0.26337636
3906013607,0.22822177,0.3796207,0.39215752
3906090901,0.29548547,0.36481202,0.3397025
3906099970,0.29697722,0.38332677,0.319696
3906126657,0.4708191,0.25854295,0.27063802
3906139755,0.33411044,0.33351943,0.33237013
3906204533,0.17079026,0.6284866,0.20072317
3906310501,0.09843758,0.105799995,0.7957625
3906487996,0.14402904,0.19551687,0.66045403
3906492400,0.18674096,0.4448588,0.3684002
3906606191,0.31600663,0.38886145,0.2951319
3906744317,0.23488037,0.4007853,0.36433434
3906776778,0.6424482,0.17269531,0.18485655
3906796998,0.1528207,0.67191225,0.1752671
3906854254,0.31923628,0.3245534,0.3562103
3906900958,0.48648733,0.25488493,0.25862783
3907082947,0.13983639,0.6964839,0.16367973
3907110209,0.30654073,0.40410823,0.28935105
3907173894,0.3285684,0.417678,0.2537537
3907199575,0.2318647,0.4887662,0.27936915
3907234051,0.38017425,0.33792683,0.28189892
3907352460,0.10993143,0.75463784,0.13543072
3907367129,0.20908962,0.53834903,0.25256142
3907386510,0.3796328,0.3187726,0.30159456
3907427465,0.42696694,0.33116615,0.24186692
3907646440,0.28864998,0.34724563,0.3641043
3907771450,0.4007268,0.33795515,0.26131803
3908096747,0.33972555,0.31428805,0.3459864
3908121630,0.3342697,0.4056447,0.26008567
3908142614,0.68942523,0.14101066,0.16956402
3908291699,0.31095517,0.31052276,0.37852204
3908361286,0.18408494,0.20739418,0.6085209
3908372404,0.3539572,0.38242784,0.26361507
3908391224,0.346244,0.3067771,0.34697887
3908393785,0.35486966,0.32274342,0.3223869
3908500368,0.42150533,0.32216552,0.2563291
3908570488,0.3467761,0.33924925,0.31397468
3908700665,0.3078864,0.38055554,0.311558
3908710919,0.36660972,0.3566393,0.276751
3908776571,0.4648119,0.2772707,0.2579174
3908777473,0.2695857,0.36465755,0.36575678
3908800157,0.4311392,0.32589692,0.24296387
3908980400,0.24269532,0.3897783,0.3675264
3908981544,0.34786054,0.34133595,0.3108035
3909055257,0.50323987,0.2301699,0.2665902
3909136982,0.19143641,0.20996834,0.59859526
3909152857,0.3036323,0.4172713,0.27909648
3909277365,0.44239223,0.3219218,0.23568594
3909301210,0.3793996,0.37286544,0.24773498
3909303190,0.34933907,0.30244714,0.34821376
3909382408,0.13604827,0.721973,0.1419787
3909396843,0.31812254,0.3050339,0.37684354
3909621216,0.3471493,0.371649,0.28120166
3909661573,0.43814465,0.3053668,0.2564885
3909679952,0.18126936,0.17499523,0.6437354
3909680262,0.2351369,0.47288066,0.29198235
3909715931,0.40917113,0.35668463,0.23414429
3909932312,0.19041622,0.42631418,0.38326958
3910115826,0.27559978,0.42392164,0.3004786
3910139068,0.22432217,0.52256405,0.2531138
3910195195,0.44663018,0.26276484,0.29060504
3910229630,0.22805463,0.21984525,0.5521001
3910440746,0.3754235,0.23318876,0.39138773
3910446005,0.17168266,0.5974593,0.23085797
3910463705,0.13090695,0.6901388,0.1789542
3910526259,0.14374615,0.6885861,0.16766778
3910640262,0.10332053,0.77989686,0.116782635
3910670151,0.67543656,0.14790575,0.17665765
3910798047,0.1868692,0.1643914,0.6487394
3911083427,0.7321093,0.12075608,0.1471346
3911296032,0.27395535,0.24421176,0.48183292
3911451781,0.41876018,0.32086095,0.26037887
3911555888,0.6296134,0.17069326,0.19969341
3911609117,0.08002162,0.8278204,0.092158
3911794098,0.19907513,0.3830433,0.4178816
3911920702,0.47139484,0.25587857,0.27272654
3911967872,0.44671813,0.29291058,0.26037127
3912001245,0.29592443,0.4397799,0.26429564
3912088025,0.17130406,0.6030399,0.225656
3912280024,0.3337758,0.3417434,0.3244808
3912304194,0.35832384,0.300079,0.3415971
3912424494,0.37421194,0.3393339,0.2864542
3912535883,0.20459189,0.17599434,0.6194138
3912543292,0.41872847,0.31042013,0.27085137
3912767999,0.060023826,0.85614777,0.08382835
3912795143,0.47981825,0.26677474,0.25340703
3912979586,0.7526698,0.120538965,0.12679124
3913134254,0.20771365,0.27375785,0.5185285
3913231784,0.19518639,0.603139,0.20167461
3913295078,0.54003686,0.2461944,0.21376874
3913344217,0.3676453,0.3408853,0.29146942
3913455269,0.50053346,0.25703135,0.24243522
3913481541,0.41004035,0.32270887,0.26725078
3913525632,0.5803344,0.23128684,0.18837874
3913746907,0.3871229,0.34716418,0.2657129
3913872484,0.7027306,0.12025371,0.17701574
3913880780,0.33318612,0.3565977,0.3102162
3913920705,0.49345312,0.22555807,0.28098884
3914060655,0.37006727,0.35695902,0.27297366
3914068010,0.3212827,0.3249923,0.35372493
3914090265,0.6109237,0.1907872,0.19828905
3914093550,0.46187052,0.2489292,0.28920025
3914209865,0.44005817,0.28375787,0.27618396
3914365523,0.19392958,0.5449242,0.26114622
3914592135,0.39484847,0.24384204,0.36130947
3914610538,0.49882883,0.2658802,0.23529094
3914634840,0.3859275,0.33770144,0.27637103
3914659752,0.38817206,0.22844745,0.38338044
3914665906,0.34615344,0.33027035,0.3235761
3914682682,0.25196666,0.46188635,0.28614694
3914737402,0.5337273,0.25373387,0.2125389
3914767041,0.4095724,0.3047924,0.28563523
3914908508,0.29492864,0.34294808,0.36212337
3914926060,0.23290688,0.47308907,0.29400405
3914929980,0.19637597,0.56925577,0.23436831
3915087259,0.1609785,0.6419427,0.19707882
3915132170,0.13175175,0.116713725,0.7515346
3915369683,0.33679938,0.36491972,0.29828092
3915490352,0.31380603,0.35473868,0.33145523
3915508156,0.24929218,0.2220659,0.52864194
3915523573,0.26385406,0.31426594,0.4218801
3915559845,0.35325563,0.35450596,0.2922384
3915601021,0.17907284,0.27281693,0.54811025
3915732009,0.19738205,0.5783093,0.2243087
3915776807,0.33655897,0.35624936,0.30719164
3915874583,0.49339285,0.25845566,0.24815147
3915935696,0.3287333,0.37240767,0.29885894
3916086636,0.39908758,0.2705734,0.330339
3916142598,0.32963076,0.32483464,0.34553462
3916180552,0.3277554,0.28021434,0.3920303
3916218166,0.11996412,0.10038611,0.77964973
3916220028,0.21209913,0.57278544,0.21511543
3916269510,0.30161035,0.34768745,0.35070217
3916362458,0.3472569,0.42612854,0.22661456
3916432991,0.35025564,0.22911154,0.42063287
3916440611,0.2515126,0.21877332,0.52971405
3916472482,0.47483146,0.27763763,0.24753086
3916480261,0.17858215,0.1684505,0.65296733
3916502192,0.1868429,0.5402963,0.27286077
3916534349,0.24453393,0.42032164,0.33514452
3916574329,0.15479061,0.15099251,0.6942169
3916782400,0.13160637,0.10032785,0.7680658
3917021224,0.5517121,0.25296536,0.1953226
3917041522,0.34270537,0.37202036,0.28527427
3917042930,0.32096612,0.35783643,0.3211975
3917044065,0.44850102,0.27877134,0.27272764
3917099082,0.24906205,0.35719204,0.39374593
3917141657,0.19240147,0.19560905,0.6119895
3917170154,0.118777074,0.747884,0.13333896
3917202653,0.24175403,0.32465523,0.43359068
3917241820,0.4184882,0.2934364,0.28807545
3917282680,0.16146608,0.6202252,0.21830866
3917323116,0.4106037,0.2852983,0.304098
3917378893,0.29996333,0.30317074,0.39686596
3917491293,0.18974099,0.1883211,0.621938
3917639609,0.67802304,0.12684,0.195137
3917860080,0.2486153,0.46074393,0.29064074
3918026450,0.21451432,0.38460964,0.40087605
3918193061,0.32814097,0.34649444,0.3253646
3918286936,0.28738803,0.24476905,0.46784288
3918334383,0.42504707,0.31377646,0.26117656
3918406813,0.11781972,0.75124127,0.13093898
3918547915,0.19139361,0.646061,0.16254538
3918567518,0.4692707,0.27572027,0.25500906
3918612243,0.13524903,0.12907977,0.73567116
3918723465,0.07140692,0.06470928,0.8638838
3918764010,0.15107797,0.6792564,0.16966558
3918795966,0.3029766,0.31832677,0.3786966
3918816293,0.4106551,0.31281984,0.27652505
3918831060,0.29860786,0.31351754,0.38787463
3918983932,0.2196422,0.17515318,0.60520464
3919112683,0.31965008,0.35072738,0.32962254
3919113084,0.5970557,0.18633313,0.21661125
3919149795,0.21137589,0.2625151,0.52610904
3919224579,0.4010837,0.34798628,0.25092998
3919297529,0.300241,0.37475103,0.32500795
3919349165,0.4633646,0.27309662,0.26353884
3919434968,0.46535343,0.27142012,0.26322636
3919443243,0.24370919,0.2612873,0.49500346
3919643001,0.28148916,0.5036685,0.2148424
3919649658,0.14099915,0.62543654,0.23356433
3919701810,0.25169826,0.36964297,0.37865877
3919756664,0.5781822,0.20462349,0.21719432
3919810040,0.1867792,0.17721245,0.6360084
3919950208,0.5688324,0.20802152,0.22314602
3920049937,0.50607735,0.23880331,0.25511926
3920126816,0.44028673,0.28074852,0.27896476
3920207499,0.2501212,0.29185498,0.45802385
3920223267,0.5042017,0.2741827,0.22161554
3920312398,0.30018085,0.35830998,0.34150916
3920392478,0.7249182,0.08017447,0.19490737
3920467789,0.37250796,0.3368588,0.2906332
3920477130,0.26548585,0.47791916,0.25659496
3920635745,0.3206969,0.32077643,0.35852668
3920722383,0.34371474,0.3403416,0.31594363
3920738399,0.35874084,0.3611538,0.2801054
3920743115,0.43754312,0.3133306,0.24912629
3920973655,0.3522477,0.34686646,0.3008859
3921050221,0.6666761,0.15484254,0.17848134
3921061604,0.40046456,0.31538725,0.28414813
3921129223,0.18667561,0.5764936,0.2368307
3921232723,0.56604946,0.20557317,0.22837737
3921412235,0.51050776,0.24392751,0.24556479
3921461538,0.1835716,0.39908177,0.4173467
3921530703,0.6475743,0.15903519,0.19339053
3921711061,0.18854403,0.5617016,0.24975441
3921800141,0.24169816,0.48840728,0.2698946
3922037349,0.13796715,0.11924236,0.7427905
3922140481,0.33076212,0.39671347,0.27252442
3922241646,0.5780922,0.1978921,0.22401564
3922293225,0.16885924,0.64953196,0.1816088
3922362241,0.36445063,0.34708795,0.2884615
3922483515,0.40062425,0.27393147,0.32544425
3922659586,0.3855441,0.2988944,0.31556156
3922691105,0.2484313,0.3443562,0.40721256
3922827642,0.2262314,0.37994993,0.39381868
3922994000,0.47368255,0.2681009,0.25821653
3923123439,0.30484435,0.3612117,0.33394402
3923241248,0.22050737,0.21329463,0.566198
3923275523,0.22650543,0.46592858,0.30756593
3923390938,0.16805403,0.1748065,0.6571394
3923420116,0.30048522,0.33474427,0.36477053
3923483991,0.5180962,0.23686668,0.24503708
3923514562,0.41651696,0.31972364,0.26375943
3923596825,0.39020124,0.36470428,0.24509443
3923693512,0.31879875,0.33644825,0.34475303
3923786288,0.2336671,0.50314665,0.26318625
3923800604,0.3604871,0.38379702,0.25571585
3923896339,0.27639285,0.20817192,0.5154352
3924046251,0.4436924,0.24401101,0.3122966
3924120669,0.44774666,0.32442424,0.22782913
3924291651,0.3240274,0.38635224,0.2896204
3924357135,0.30722705,0.28406242,0.4087105
3924495914,0.23596232,0.46145603,0.3025817
3924511157,0.32523197,0.380234,0.294534
3924511537,0.40247336,0.34202135,0.2555053
3924525925,0.42630613,0.27863795,0.295056
3924800120,0.48305285,0.24197464,0.2749725
3924881488,0.39729458,0.32697877,0.27572674
3924930331,0.35861373,0.34829935,0.29308692
3924947884,0.112229064,0.74680537,0.14096558
3925281078,0.48703936,0.26163915,0.25132152
3925534792,0.25061595,0.26466587,0.48471814
3925564782,0.47983435,0.29477602,0.22538956
3925589711,0.27428302,0.2875924,0.4381245
3925606043,0.26540878,0.28610963,0.44848156
3925623984,0.46816438,0.25156718,0.28026837
3925740698,0.3667942,0.29684818,0.33635768
3925763044,0.31198448,0.32015392,0.3678617
3925927738,0.29773718,0.42157638,0.28068638
3926005627,0.53141624,0.2293374,0.2392464
3926018676,0.1686619,0.5997121,0.23162599
3926109552,0.41627544,0.30131948,0.28240502
3926215000,0.31812388,0.352229,0.32964715
3926368860,0.2533299,0.43143624,0.31523377
3926397598,0.20079401,0.3668032,0.4324028
3926605373,0.20326725,0.5656524,0.23108043
3926621962,0.28154606,0.3899066,0.32854736
3926699182,0.30062765,0.3916685,0.30770385
3926745317,0.39454088,0.3206401,0.28481907
3927060136,0.15104203,0.67123145,0.17772655
3927117189,0.37284425,0.31108162,0.3160741
3927121071,0.20794782,0.22162618,0.57042605
3927235213,0.10623965,0.09312415,0.8006363
3927292705,0.5485165,0.1587461,0.29273736
3927338647,0.35850132,0.33239597,0.3091027
3927372634,0.3571618,0.29516795,0.34767026
3927392301,0.48930314,0.22722106,0.2834758
3927577134,0.24656048,0.5279311,0.22550833
3927792368,0.19034103,0.22779158,0.5818674
3927825495,0.6056918,0.1925492,0.20175907
3927888923,0.2244047,0.4620101,0.31358522
3927911727,0.35608837,0.32421413,0.3196975
3927960897,0.49377406,0.26493353,0.24129236
3928005292,0.35295415,0.3087498,0.33829606
3928046501,0.44362688,0.32283503,0.2335381
3928081453,0.2633129,0.23222744,0.5044597
3928092928,0.1915136,0.61980706,0.18867941
3928110728,0.3054109,0.2980321,0.396557
3928151060,0.42544633,0.34100708,0.23354657
3928176690,0.13257855,0.7315386,0.13588284
3928255529,0.42012015,0.29042083,0.28945902
3928280292,0.34671628,0.36256924,0.29071447
3928298685,0.31285894,0.35563302,0.33150804
3928483276,0.4776766,0.2811453,0.24117811
3928528946,0.33738956,0.3719987,0.29061177
3928532102,0.390301,0.3300091,0.27968997
3928546352,0.3537201,0.33652583,0.30975407
3928738806,0.115722135,0.11033873,0.7739391
3928806940,0.19419654,0.37582767,0.42997572
3928925752,0.12676497,0.7162765,0.15695852
3928930075,0.48548904,0.23377907,0.28073192
3928977997,0.29116666,0.38610235,0.32273102
3929023843,0.3559044,0.29780453,0.3462911
3929088879,0.57280195,0.2247076,0.2024904
3929287124,0.4320144,0.25436354,0.313622
3929383677,0.3330782,0.28384736,0.3830745
3929410933,0.34104928,0.37395003,0.2850007
3929441794,0.24353758,0.18611714,0.5703453
3929596349,0.5367332,0.22326629,0.24000049
3929613107,0.8494869,0.057641674,0.092871554
3929690893,0.1093786,0.11837149,0.77224994
3929732235,0.6779763,0.13401933,0.18800427
3929748901,0.3319283,0.35430342,0.31376827
3929808010,0.27227598,0.31045657,0.41726744
3929812193,0.33119226,0.29376096,0.37504682
3929854020,0.29858693,0.38216698,0.31924614
3929932580,0.2634987,0.36609223,0.37040913
3929971872,0.22713438,0.20057991,0.57228565
3930006001,0.34296572,0.38505352,0.27198073
3930126732,0.13966985,0.6240947,0.2362355
3930132293,0.48832607,0.2990098,0.21266411
3930171451,0.3302116,0.38017187,0.2896165
3930226372,0.1534698,0.22745493,0.6190753
3930236098,0.35303146,0.13397376,0.5129948
3930314771,0.3999726,0.26358685,0.33644062
3930336590,0.62762254,0.19015028,0.18222716
3930379932,0.31835556,0.219184,0.4624604
3930676060,0.25008065,0.28743136,0.462488
3930769266,0.075910434,0.8211583,0.10293132
3930771630,0.27180737,0.39477986,0.3334127
3930882562,0.5408386,0.19330585,0.2658555
3930943946,0.49378213,0.28750458,0.21871333
3930961243,0.35638627,0.33755642,0.30605727
3930989075,0.40380248,0.33867753,0.25752002
3931024143,0.5573532,0.20377721,0.23886952
3931400861,0.7978982,0.08339381,0.118708074
3931418201,0.2260781,0.21296985,0.5609521
3931430687,0.253761,0.4508426,0.29539633
3931611097,0.354293,0.32224983,0.32345712
3931638227,0.4785347,0.22848752,0.29297784
3931657115,0.15499921,0.67224777,0.172753
3931825199,0.3032306,0.18313664,0.5136328
3931961965,0.5111672,0.25777858,0.2310542
3932296927,0.19839506,0.51674694,0.28485805
3932409423,0.10095187,0.77024543,0.12880272
3932467319,0.10101172,0.75557536,0.14341289
3932669744,0.39241982,0.35202134,0.2555588
3932670725,0.09778097,0.77969164,0.122527406
3932697545,0.18043843,0.189006,0.63055557
3932711533,0.21156,0.2810013,0.50743866
3932788028,0.47523102,0.2824379,0.24233107
3932821574,0.3623869,0.3498875,0.2877257
3932907465,0.25823933,0.42227867,0.31948197
3932917130,0.1358504,0.7161636,0.14798602
3933124938,0.20696579,0.19108267,0.6019515
3933165989,0.2891808,0.28721935,0.42359984
3933325670,0.39983162,0.25354308,0.34662533
3933351710,0.124303974,0.74479985,0.13089615
3933361704,0.40329745,0.32405904,0.2726435
3933366448,0.77232325,0.09691313,0.13076371
3933467168,0.3057268,0.29278773,0.40148544
3933545762,0.14409874,0.67672575,0.17917547
3933558703,0.29577103,0.38470548,0.31952345
3933629971,0.3923155,0.23293032,0.37475422
3933657439,0.13925514,0.12664542,0.7340995
3933761309,0.62943697,0.18354088,0.18702215
3933792614,0.2033529,0.53731996,0.25932714
3933808307,0.35205582,0.36318627,0.28475788
3933844503,0.4462982,0.29383045,0.25987133
3933864949,0.53129965,0.23625991,0.23244044
3933914412,0.8044046,0.08248882,0.11310656
3933953474,0.2614161,0.2548007,0.48378313
3933963514,0.11896403,0.09824537,0.78279066
3933994000,0.3220401,0.3794561,0.29850382
3934157145,0.35200304,0.37779313,0.27020374
3934163583,0.24813971,0.40734196,0.3445184
3934186342,0.70066696,0.12576318,0.17356981
3934210024,0.48698983,0.2556462,0.257364
3934394978,0.27595046,0.32480612,0.3992434
3934728931,0.34783253,0.35816935,0.2939982
3934794677,0.25545952,0.25241292,0.4921276
3934824050,0.26272765,0.29691502,0.44035727
3934923287,0.24425796,0.4686116,0.28713042
3934954953,0.31587094,0.3168457,0.36728343
3934965551,0.13255787,0.68912184,0.17832027
3934994485,0.312568,0.35003716,0.33739483
3935028789,0.29232994,0.33009148,0.37757862
3935181217,0.32535914,0.32256046,0.35208037
3935224870,0.25884742,0.29207352,0.4490791
3935331827,0.3381406,0.3137128,0.34814662
3935537176,0.4236769,0.27519044,0.30113268
3935574033,0.28417185,0.3084067,0.4074215
3935605804,0.095486164,0.7775244,0.12698947
3935677669,0.30650184,0.34519297,0.34830523
3935922013,0.1775793,0.16168253,0.6607382
3936048196,0.40293628,0.3343846,0.26267907
3936073824,0.5214008,0.2401667,0.23843248
3936099447,0.12019762,0.11424436,0.765558
3936102724,0.46081612,0.28115448,0.25802937
3936146099,0.54807514,0.24992685,0.20199804
3936148660,0.37455124,0.32496038,0.3004884
3936202165,0.36017397,0.37924758,0.26057848
3936285272,0.5301568,0.2372112,0.23263195
3936290381,0.42439258,0.2869125,0.2886949
3936341455,0.13714376,0.69562966,0.1672266
3936360763,0.2351397,0.52787316,0.23698716
3936569242,0.09540558,0.78194904,0.122645326
3936679495,0.542803,0.24103315,0.2161639
3936869631,0.58245593,0.21906511,0.19847889
3936903589,0.42390832,0.31941113,0.25668064
3937016305,0.23043945,0.23646142,0.5330992
3937071168,0.41614217,0.2044475,0.3794103
3937128804,0.38515577,0.3050808,0.30976337
3937156071,0.60396284,0.19030257,0.20573464
3937172501,0.4817721,0.28503373,0.23319417
3937184393,0.085917965,0.7861185,0.12796354
3937288260,0.29657727,0.3677945,0.3356282
3937444586,0.44515464,0.30230895,0.25253633
3937516019,0.36146256,0.28373203,0.35480535
3937532425,0.5376969,0.19548146,0.26682165
3937535800,0.09089336,0.8061657,0.10294097
3937614787,0.5460415,0.2413341,0.21262442
3937659669,0.33563015,0.3536554,0.3107144
3937668363,0.22388159,0.13719518,0.6389232
3937692421,0.4554722,0.28979528,0.25473252
3937885046,0.31023335,0.38163367,0.308133
3938075538,0.55185044,0.23434557,0.21380408
3938100016,0.2305798,0.38105723,0.388363
3938299948,0.31630102,0.26430044,0.41939852
3938360185,0.34226227,0.3565496,0.30118817
3938391037,0.46569383,0.2875117,0.24679448
3938548511,0.4876962,0.270921,0.24138275
3938666375,0.40293238,0.3321383,0.26492926
3938791968,0.28796017,0.25639904,0.45564082
3938873653,0.09763532,0.7821912,0.12017341
3938967638,0.2689944,0.38378352,0.34722206
3939156539,0.3132157,0.3792868,0.30749747
3939207133,0.5078335,0.26661843,0.22554809
3939214100,0.56114626,0.15901984,0.2798339
3939218549,0.4663876,0.21992797,0.31368437
3939415568,0.26233673,0.48252165,0.25514174
3939445067,0.30562276,0.4278959,0.26648143
3939446131,0.4591893,0.27915865,0.26165202
3939606262,0.72958076,0.10782133,0.16259794
3939618704,0.33429205,0.33991474,0.32579312
3939725496,0.43979263,0.2692999,0.29090747
3940006822,0.3280291,0.333119,0.3388519
3940122589,0.2469349,0.47446346,0.27860168
3940277204,0.09901277,0.089864746,0.8111224
3940287339,0.5209972,0.22244088,0.25656193
3940315190,0.2133457,0.3307347,0.45591965
3940431352,0.16903673,0.6232648,0.20769846
3940436765,0.6804102,0.117694415,0.20189539
3940444227,0.06442563,0.83834285,0.09723151
3940448962,0.60488003,0.18864426,0.2064757
3940568534,0.42130947,0.33132142,0.24736908
3940570556,0.3947487,0.31790614,0.28734514
3940706776,0.13007528,0.7130407,0.156884
3940812560,0.15727724,0.13139544,0.7113273
3940887904,0.3632572,0.3813566,0.25538623
3940973453,0.47284272,0.24848324,0.27867404
3941069646,0.4778239,0.2436791,0.27849692
3941077781,0.29678032,0.33229047,0.3709292
3941111497,0.37433147,0.3147019,0.31096667
3941241582,0.27316305,0.36230963,0.3645273
3941275832,0.22716506,0.56652164,0.20631327
3941302790,0.5057719,0.27015617,0.224072
3941328920,0.22465238,0.50342375,0.27192387
3941339810,0.17811552,0.4655219,0.3563626
3941392243,0.36071748,0.2956336,0.34364897
3941434755,0.10408499,0.7711652,0.124749795
3941460572,0.27680162,0.32824463,0.39495382
3941524827,0.22358778,0.21012679,0.5662854
3941526233,0.22940026,0.19336626,0.57723343
3941585236,0.30658937,0.29456124,0.3988494
3941589188,0.44845054,0.3426999,0.20884953
3941621870,0.45163348,0.31352514,0.23484135
3941799206,0.30226594,0.4704319,0.22730206
3941932244,0.29451624,0.22144565,0.4840381
3941938532,0.28444228,0.31231853,0.40323913
3942012842,0.3727238,0.3505221,0.2767541
3942155974,0.2388795,0.23774517,0.5233753
3942266226,0.12018459,0.113440685,0.76637477
3942483861,0.1474138,0.5652875,0.28729877
3942509615,0.58778286,0.21717049,0.1950467
3942607831,0.3753893,0.3686947,0.25591597
3942613184,0.45244998,0.2829881,0.26456192
3942667494,0.29131204,0.34661976,0.3620683
3942710055,0.08260199,0.07874274,0.83865535
3942818200,0.6900238,0.14445853,0.16551767
3942818392,0.22216481,0.50562227,0.27221298
3942840482,0.2921974,0.31818524,0.38961735
3942893461,0.49921113,0.2326835,0.2681054
3942925071,0.27970895,0.33275583,0.3875352
3942939861,0.20816293,0.18516767,0.60666937
3942974796,0.49719715,0.2766102,0.22619262
3942983338,0.45667523,0.2848913,0.25843346
3943042243,0.4880414,0.2705475,0.24141115
3943120934,0.31096807,0.37547523,0.31355667
3943182421,0.19414738,0.17644413,0.6294085
3943195465,0.20056352,0.61643696,0.18299952
3943209847,0.41565394,0.32584605,0.25849998
3943365149,0.25629306,0.21132913,0.53237784
3943638651,0.4356848,0.32554355,0.23877168
3943716101,0.41191375,0.2950674,0.29301888
3943725911,0.34781787,0.36687082,0.2853113
3943789733,0.46227333,0.27310312,0.26462352
3943924044,0.06713655,0.8304465,0.102417
3944116833,0.41206828,0.33058143,0.2573503
3944154373,0.18467028,0.18018112,0.6351486
3944379207,0.35850123,0.30770102,0.3337978
3944443012,0.66584885,0.14113832,0.1930129
3944832712,0.46651065,0.24203022,0.2914591
3944852622,0.36198065,0.32417053,0.31384885
3944914832,0.28162223,0.3518452,0.3665326
3944975013,0.25292242,0.4010788,0.34599882
3945001397,0.15006688,0.6784437,0.17148946
3945052668,0.30550298,0.31624416,0.37825286
3945147487,0.20117481,0.58945346,0.20937172
3945176907,0.2649682,0.32019258,0.4148393
3945398117,0.33270052,0.3433199,0.32397968
3945500605,0.48715362,0.28538877,0.22745758
3945589823,0.29239833,0.33654794,0.37105364
3945638220,0.16662134,0.6340588,0.19931985
3945651245,0.2244274,0.5629664,0.21260619
3945696629,0.32794723,0.3623483,0.30970442
3946037068,0.46376765,0.28085256,0.25537983
3946081350,0.38598332,0.33385828,0.28015837
3946245278,0.2655392,0.25322738,0.4812334
3946319490,0.55011296,0.20374018,0.2461469
3946481149,0.49307072,0.2431753,0.26375395
3946519123,0.5998358,0.21316275,0.18700142
3946672326,0.2039538,0.57732123,0.21872497
3946830896,0.23908095,0.19844227,0.5624768
3946843605,0.40107432,0.34282887,0.25609687
3946896001,0.24827832,0.3270241,0.42469755
3947195225,0.43724403,0.31824648,0.24450952
3947217991,0.35683876,0.32047445,0.32268676
3947240179,0.3227494,0.33638,0.34087056
3947259040,0.49622506,0.23865522,0.2651197
3947313031,0.20770632,0.5693195,0.2229743
3947327386,0.27066702,0.49317995,0.23615296
3947356798,0.15970917,0.6708341,0.1694567
3947359826,0.11551095,0.7266065,0.1578826
3947393573,0.29773974,0.35488296,0.3473774
3947448457,0.32957104,0.39506403,0.275365
3947463599,0.38901123,0.3501941,0.26079464
3947482337,0.25694248,0.23418593,0.5088716
3947668438,0.4584455,0.27062052,0.27093396
3947772282,0.21407871,0.58094364,0.20497763
3947778976,0.722023,0.13238847,0.14558846
3947862004,0.19305612,0.5481075,0.25883633
3947919892,0.34867635,0.19927822,0.45204547
3948000494,0.4599467,0.29684234,0.24321099
3948002108,0.57347447,0.18351182,0.24301367
3948097930,0.36431676,0.4077668,0.22791643
3948279307,0.77866745,0.0884184,0.13291413
3948397250,0.40569496,0.297544,0.29676104
3948495445,0.53127253,0.16851613,0.30021137
3948503567,0.28183094,0.34584337,0.37232563
3948545558,0.27672246,0.28911957,0.434158
3948609048,0.29950243,0.40768686,0.29281068
3948691925,0.18632115,0.5455298,0.26814914
3948707728,0.44981253,0.28445086,0.26573664
3948830383,0.2640373,0.43425888,0.30170384
3948871753,0.2856677,0.33026898,0.38406336
3948941816,0.33619243,0.35931557,0.304492
3948949196,0.6751908,0.13791823,0.18689092
3949048841,0.47370404,0.27797517,0.24832077
3949075763,0.50915843,0.22659025,0.2642513
3949123717,0.28238043,0.45982185,0.25779778
3949138250,0.29382986,0.39810956,0.30806056
3949183563,0.14853466,0.6891594,0.16230601
3949233826,0.4214695,0.31141296,0.26711753
3949298235,0.10922451,0.09659817,0.7941773
3949362957,0.31977758,0.35282066,0.32740167
3949421872,0.30753306,0.32662115,0.3658458
3949455389,0.23353057,0.35800466,0.4084648
3949491296,0.36969256,0.33901185,0.29129562
3949521697,0.30158088,0.343131,0.35528815
3949545083,0.2724983,0.4294149,0.29808685
3949584261,0.32879162,0.38150075,0.28970766
3949585138,0.43442893,0.26710254,0.2984685
3949676826,0.36496493,0.31542683,0.31960824
3949992151,0.479597,0.25170347,0.2686995
3950138677,0.794587,0.08170747,0.12370554
3950207746,0.2716364,0.40171275,0.32665086
3950226447,0.19549015,0.44036713,0.3641427
3950570244,0.24141762,0.42456725,0.3340152
3950719899,0.5274002,0.22175518,0.25084463
3950733306,0.2489941,0.45908538,0.29192057
3950742994,0.3873301,0.33546108,0.27720878
3950955237,0.5209736,0.26400954,0.21501687
3951104766,0.42366338,0.32562855,0.25070798
3951167003,0.24461722,0.34692833,0.40845445
3951206528,0.11314619,0.1642374,0.7226164
3951386585,0.49033156,0.26265094,0.24701749
3951514151,0.46741232,0.27110934,0.2614783
3951523644,0.5132911,0.23969999,0.24700892
3951574771,0.29487163,0.28549838,0.41962996
3951747899,0.60959893,0.17143291,0.21896815
3951773323,0.43359673,0.28925186,0.27715144
3952091805,0.3776184,0.32661483,0.2957667
3952124164,0.31866688,0.3159713,0.36536184
3952189179,0.39559487,0.27691472,0.3274904
3952240738,0.58137906,0.23312265,0.18549824
3952301861,0.20153187,0.49676427,0.3017038
3952354040,0.43700045,0.337819,0.2251806
3952419217,0.3423423,0.28902966,0.36862803
3952425647,0.31468713,0.35255408,0.3327587
3952433991,0.36908382,0.34598356,0.28493267
3952482090,0.46777013,0.27972588,0.25250396
3952534727,0.28047222,0.40236813,0.31715962
3952548171,0.2159129,0.5185726,0.26551452
3952628959,0.5402416,0.23986758,0.21989077
3952650731,0.28998268,0.27481776,0.4351995
3952738321,0.49051946,0.25838548,0.25109503
3952776404,0.11824196,0.10452839,0.7772296
3952782454,0.60886407,0.1965617,0.19457433
3952809368,0.25581944,0.4232607,0.32091987
3952826076,0.20617,0.23094891,0.562881
3952862062,0.438369,0.22878917,0.33284184
3952973649,0.38427183,0.29326496,0.32246324
3953104317,0.20453845,0.5828126,0.21264897
3953158032,0.44463596,0.2797055,0.27565855
3953162401,0.25362724,0.54202104,0.20435171
3953247050,0.4496309,0.318765,0.2316041
3953410775,0.40526402,0.27540478,0.31933117
3953418175,0.29338315,0.40285206,0.30376482
3953434526,0.44908887,0.22497004,0.32594115
3953542841,0.23611954,0.4771628,0.28671762
3953568445,0.5938815,0.18957786,0.2165407
3953713744,0.07011624,0.8257448,0.10413896
3953721667,0.3242036,0.3831703,0.29262608
3953742181,0.3163755,0.35276008,0.3308644
3953766494,0.2856881,0.3557928,0.35851908
3953779070,0.33628052,0.26449257,0.39922693
3954008459,0.42847323,0.31566724,0.25585955
3954033445,0.4627514,0.2790468,0.2582019
3954302701,0.24779315,0.508379,0.2438278
3954360710,0.074600995,0.82203853,0.103360474
3954414812,0.196602,0.5734886,0.22990938
3954418472,0.43249935,0.28195846,0.28554216
3954436876,0.26069477,0.22262521,0.51667994
3954698594,0.2600227,0.39179805,0.34817922
3954711672,0.6303583,0.18195061,0.18769109
3954760489,0.122676186,0.12506759,0.7522563
3954796032,0.09578223,0.10319961,0.8010181
3954924495,0.47260877,0.24010383,0.2872874
3954944380,0.19923826,0.18184887,0.6189129
3954958187,0.25537425,0.2485249,0.49610084
3954969113,0.22098516,0.21417482,0.56484
3955128841,0.21749999,0.355336,0.42716405
3955352387,0.56164145,0.18635389,0.2520046
3955791590,0.24936143,0.43599617,0.31464237
3955839763,0.16020049,0.6617348,0.17806464
3955928079,0.26637706,0.4673333,0.26628962
3955961150,0.2631409,0.37264532,0.36421385
3956010793,0.22393498,0.257519,0.51854604
3956082157,0.37170243,0.32787916,0.3004184
3956146085,0.23034249,0.19916639,0.57049114
3956244066,0.43751448,0.27333054,0.28915498
3956269050,0.3601427,0.350862,0.2889953
3956280770,0.47109067,0.30046934,0.22843994
3956359202,0.10734821,0.7675576,0.12509416
3956682559,0.37334126,0.30797663,0.3186821
3956706439,0.4410016,0.34184211,0.21715625
3956717277,0.33971494,0.34867895,0.31160614
3956739676,0.25736678,0.4028856,0.33974767
3956764001,0.41346574,0.32513338,0.2614008
3956792871,0.41144907,0.30132148,0.2872295
3956888631,0.50154334,0.26246068,0.23599605
3956955543,0.31019056,0.3117261,0.37808335
3956977927,0.21719426,0.4677647,0.31504095
3956996196,0.35247594,0.31572476,0.3317993
3957045672,0.40052545,0.33548674,0.26398778
3957169234,0.3514119,0.33489153,0.31369656
3957277267,0.42772424,0.3138298,0.258446
3957305536,0.19483955,0.5408549,0.2643056
3957345792,0.09553486,0.7513606,0.15310456
3957397382,0.30927986,0.38807347,0.30264667
3957433605,0.3341279,0.32107636,0.3447957
3957449269,0.35562158,0.34910873,0.29526973
3957468554,0.23984927,0.43066502,0.32948565
3957511480,0.5522472,0.14617719,0.30157557
3957622915,0.28330687,0.40926546,0.3074277
3957639727,0.2044005,0.36152247,0.43407702
3957817208,0.38923922,0.2974032,0.31335756
3957833942,0.43500385,0.30112237,0.2638738
3957983061,0.45485032,0.3047422,0.24040751
3958105259,0.41445905,0.2724782,0.31306276
3958130623,0.26344302,0.24894223,0.4876148
3958217879,0.32771516,0.39090592,0.28137895
3958280790,0.3986058,0.29066995,0.31072423
3958341447,0.30931622,0.36018658,0.33049718
3958597635,0.30945206,0.4240982,0.26644984
3958606469,0.5095372,0.24065517,0.24980754
3958615315,0.48163474,0.26789963,0.25046563
3958714906,0.7305704,0.1158687,0.15356089
3958723159,0.24633378,0.45732608,0.29634008
3958833080,0.20012005,0.33385158,0.4660284
3958921553,0.10445668,0.11182879,0.7837146
3959076136,0.20370485,0.2007174,0.59557784
3959084715,0.17375872,0.5411148,0.28512645
3959177911,0.35425273,0.34383586,0.30191144
3959194672,0.1112731,0.107452355,0.78127456
3959265721,0.29016414,0.3770953,0.33274055
3959431212,0.36818618,0.29523173,0.33658206
3959475173,0.262583,0.3227852,0.41463187
3959539552,0.14503488,0.69250923,0.16245592
3959549565,0.23581237,0.4811875,0.28300008
3959587381,0.4595719,0.3112522,0.22917588
3959637800,0.29439217,0.23922236,0.46638542
3959665874,0.265667,0.2906209,0.44371212
3959710109,0.3509249,0.36531344,0.28376165
3959727908,0.29657838,0.32988247,0.37353918
3959821873,0.38996047,0.3293715,0.280668
3959956856,0.82046914,0.064896934,0.1146339
3959982216,0.314829,0.3531425,0.3320285
3959986697,0.34046,0.337589,0.32195103
3959988534,0.29016098,0.3263701,0.383469
3960025839,0.32135728,0.3314431,0.34719965
3960050044,0.16891313,0.14159036,0.6894965
3960072693,0.36502805,0.34943283,0.28553915
3960168993,0.29261866,0.27793577,0.4294456
3960203945,0.11959327,0.12361541,0.7567914
3960207980,0.34743607,0.300013,0.35255092
3960317906,0.475602,0.2876183,0.23677973
3960329689,0.29022202,0.30996782,0.3998101
3960549756,0.3424883,0.36277175,0.2947399
3960660325,0.18917258,0.19585827,0.61496913
3960683314,0.273589,0.29199404,0.434417
3960734362,0.50395614,0.2622243,0.23381956
3960739729,0.3760337,0.31287172,0.31109458
3960789574,0.57189596,0.19247864,0.23562534
3960815121,0.28185058,0.24166346,0.47648597
3960997669,0.19470797,0.5924412,0.2128509
3961346105,0.58525586,0.19893418,0.21580994
3961508779,0.21908206,0.46921024,0.31170776
3961721975,0.49240085,0.28942218,0.21817698
3961913384,0.38844344,0.3005086,0.31104797
3961956273,0.47270265,0.19924372,0.3280536
3961997682,0.20588067,0.51332015,0.28079915
3962018596,0.33403808,0.3554642,0.31049776
3962114279,0.22459039,0.4549517,0.3204579
3962155327,0.29297367,0.31460577,0.39242056
3962189815,0.171999,0.6365744,0.19142663
3962196384,0.27036777,0.25068238,0.47894987
3962271106,0.17643873,0.15764076,0.66592044
3962318813,0.19237448,0.38179258,0.42583296
3962359791,0.40093258,0.3161065,0.28296092
3962425556,0.1837816,0.6061115,0.21010692
3962426912,0.3263447,0.37984452,0.29381073
3962495380,0.25819418,0.32771912,0.41408664
3962565378,0.5805512,0.20856553,0.21088324
3962572625,0.29975408,0.40828177,0.2919642
3962644044,0.32441464,0.33018458,0.34540084
3962719269,0.39102155,0.3170025,0.29197595
3962739847,0.47508043,0.23882441,0.28609517
3962769817,0.36224747,0.22257346,0.41517913
3962769934,0.5664428,0.21387732,0.21967983
3962813769,0.2677336,0.36081666,0.37144968
3962890321,0.5306218,0.21375017,0.25562796
3962923793,0.24194685,0.22789282,0.53016037
3963023130,0.263739,0.26285663,0.47340438
3963051818,0.35112342,0.29873845,0.3501381
3963176977,0.25825784,0.23393303,0.5078091
3963205435,0.25205466,0.27079007,0.47715533
3963304115,0.34654167,0.3191858,0.33427256
3963353438,0.44622362,0.27742144,0.27635497
3963392257,0.21377121,0.1943748,0.591854
3963412333,0.26876616,0.5246961,0.20653772
3963452079,0.15567298,0.5935412,0.2507858
3963465971,0.3743261,0.30641544,0.31925836
3963469655,0.6061662,0.1867211,0.20711268
3963538285,0.23022813,0.47696704,0.29280487
3963568814,0.3841728,0.34110487,0.27472234
3963594982,0.56020033,0.21565455,0.22414511
3963758022,0.34603813,0.40508828,0.24887355
3963920971,0.5205474,0.21269839,0.26675427
3964253771,0.18536745,0.59276736,0.22186512
3964352885,0.20766234,0.52003163,0.27230603
3964468760,0.4654737,0.20017764,0.33434865
3964473538,0.37734818,0.30468667,0.31796515
3964478668,0.23570043,0.4822478,0.28205183
3964657336,0.65364957,0.14611663,0.20023376
3964704857,0.25961983,0.48325828,0.2571218
3964716165,0.2883882,0.34002656,0.37158528
3964881490,0.6664533,0.15340242,0.18014424
3965095720,0.44922715,0.26120582,0.2895671
3965150353,0.38603723,0.3617737,0.25218913
3965176753,0.24936278,0.32794595,0.42269126
3965194531,0.19619484,0.18418494,0.6196202
3965208933,0.27420348,0.4428317,0.28296477
3965344630,0.2302741,0.42596704,0.3437589
3965368290,0.12421267,0.7347967,0.14099066
3965609605,0.3459257,0.37982446,0.27424982
3965615910,0.24437463,0.42952368,0.3261017
3965649192,0.42764395,0.32911175,0.24324428
3965842192,0.35133407,0.32010338,0.32856256
3965915335,0.38927478,0.36270073,0.2480245
3965979517,0.23282163,0.57328904,0.19388928
3966001042,0.3451337,0.37222373,0.2826426
3966336247,0.7933114,0.08430192,0.12238669
3966336558,0.4368873,0.26739037,0.29572242
3966345766,0.19867729,0.49945694,0.30186576
3966575948,0.31712547,0.38877273,0.2941018
3966588375,0.25653344,0.54579014,0.1976764
3966788489,0.14372425,0.14522976,0.71104604
3966885037,0.2329906,0.49633,0.27067935
3966886010,0.3668181,0.33636189,0.29682007
3966912601,0.33325538,0.33856094,0.32818377
3966963875,0.52808315,0.23607583,0.23584095
3967014880,0.53690815,0.23810567,0.22498621
3967087567,0.35642412,0.35221708,0.29135874
3967160669,0.57604474,0.2006094,0.22334589
3967197884,0.17427738,0.60609084,0.21963173
3967217279,0.25080866,0.30171368,0.44747767
3967238476,0.1242246,0.119315796,0.7564596
3967359794,0.11026858,0.09415314,0.7955783
3967403763,0.27647895,0.20155533,0.52196574
3967460464,0.26249143,0.32214442,0.41536415
3967469673,0.17780367,0.18517198,0.63702434
3967506630,0.37569568,0.39363074,0.23067357
3967523855,0.30718708,0.3416723,0.35114065
3967640275,0.28032798,0.20250809,0.517164
3967659532,0.27700636,0.25277498,0.47021863
3967834340,0.3390576,0.28058234,0.38036013
3967907300,0.28202918,0.42060995,0.29736078
3968003833,0.3222444,0.31317064,0.36458495
3968193810,0.2884188,0.41607484,0.2955064
3968313906,0.24638961,0.39609396,0.3575165
3968362847,0.45197484,0.30071712,0.24730803
3968468141,0.32541156,0.35780445,0.31678405
3968485154,0.30516428,0.36908114,0.32575464
3968615472,0.5628252,0.229499,0.20767576
3968621952,0.39218867,0.3350248,0.2727865
3968790027,0.28667772,0.46262705,0.25069523
3968823757,0.4116154,0.24452753,0.34385705
3968871817,0.31074068,0.38305762,0.30620167
3968874653,0.3292188,0.29119483,0.37958637
3968955670,0.42452732,0.27388155,0.30159116
3969025199,0.07936284,0.079390965,0.84124625
3969070304,0.62273556,0.18898258,0.18828188
3969092901,0.39887694,0.3094515,0.2916715
3969125215,0.36252183,0.26896983,0.36850834
3969234712,0.3880239,0.32028225,0.2916938
3969249987,0.3559422,0.37197825,0.2720796
3969347833,0.14555265,0.6354707,0.21897668
3969438775,0.50089073,0.24904382,0.25006542
3969496047,0.60099584,0.16874981,0.23025435
3969621179,0.22205761,0.20252927,0.57541317
3969624812,0.4499684,0.27129194,0.27873966
3969625169,0.30407655,0.31568128,0.3802422
3969658692,0.30005583,0.32508096,0.37486315
3969771484,0.23383503,0.4142209,0.35194406
3969772835,0.3651212,0.2942187,0.34066018
3969830490,0.5862507,0.20467798,0.20907131
3969869310,0.28035015,0.3799405,0.33970934
3969916747,0.36072373,0.36548007,0.27379617
3969929745,0.3629973,0.29590037,0.34110236
3970042624,0.26206288,0.45733875,0.28059843
3970077300,0.49995834,0.22079785,0.27924377
3970088308,0.4019183,0.2868412,0.3112405
3970154622,0.14025444,0.13623624,0.72350925
3970158706,0.56134146,0.22692916,0.21172933
3970161970,0.07023778,0.82751423,0.102247946
3970162689,0.32201606,0.3937507,0.28423324
3970247555,0.37691486,0.3329887,0.2900965
3970273165,0.18938053,0.16752836,0.643091
3970398998,0.6342884,0.14378598,0.22192569
3970538988,0.57678056,0.19549322,0.22772622
3970560557,0.40799105,0.3844907,0.20751825
3970577636,0.64913803,0.167325,0.18353687
3970672226,0.3445168,0.3778054,0.2776778
3970753705,0.3796989,0.29619673,0.3241044
3970829632,0.46315348,0.25868887,0.27815768
3970838837,0.22430944,0.22387825,0.5518123
3970867491,0.15877548,0.14584805,0.69537646
3970890226,0.27380028,0.3314063,0.3947934
3971028984,0.40316126,0.32373393,0.27310473
3971152966,0.10146268,0.08716907,0.8113682
3971153006,0.07074753,0.063690476,0.865562
3971191624,0.4297935,0.3008594,0.26934716
3971228139,0.11465513,0.09565954,0.7896853
3971398669,0.354995,0.39158985,0.25341514
3971415023,0.22346081,0.47606814,0.30047116
3971456077,0.2192697,0.32925153,0.45147875
3971494381,0.33330435,0.3455896,0.321106
3971576426,0.4099879,0.28019223,0.30981994
3971623668,0.30943546,0.35758525,0.3329793
3971700372,0.40599263,0.31671232,0.27729505
3971708696,0.26233724,0.19773544,0.5399273
3971717329,0.08014374,0.79119915,0.12865715
3971816073,0.22368279,0.19191295,0.58440423
3971909221,0.53081906,0.23638749,0.23279345
3972159059,0.55335474,0.22803345,0.21861178
3972215266,0.15626301,0.17540239,0.66833466
3972320707,0.5341187,0.20016561,0.26571566
3972345317,0.24885009,0.5125053,0.23864454
3972459219,0.24736299,0.28994012,0.4626969
3972512143,0.37093776,0.3744802,0.25458205
3972518736,0.40274,0.3384389,0.25882107
3972592150,0.12412482,0.7345831,0.14129218
3972608557,0.3676583,0.33172035,0.3006213
3972699106,0.46816215,0.24384895,0.28798893
3972736471,0.22732738,0.24409588,0.52857673
3972856548,0.35637355,0.3199627,0.3236637
3972919006,0.42992362,0.2583035,0.31177288
3972921473,0.28324696,0.31693843,0.39981458
3973117059,0.41186547,0.3143281,0.27380648
3973130271,0.20544119,0.5084831,0.28607574
3973175497,0.19669513,0.16898017,0.6343247
3973183478,0.25390267,0.3524898,0.3936075
3973186913,0.36059865,0.28605837,0.35334298
3973475428,0.20780729,0.23952398,0.55266875
3973578664,0.26015854,0.29624718,0.4435943
3973626014,0.28064126,0.41477358,0.30458522
3973642371,0.07844778,0.7841969,0.13735522
3973711672,0.16296032,0.5573068,0.27973282
3973855557,0.38739425,0.35941982,0.2531859
3974040591,0.4189152,0.316987,0.26409772
3974064733,0.52534646,0.12846743,0.34618613
3974091353,0.47499472,0.23844473,0.28656057
3974208281,0.3131147,0.35044712,0.33643815
3974371838,0.45155472,0.2903417,0.25810352
3974402543,0.22153683,0.23756523,0.5408979
3974493382,0.4841787,0.25398916,0.26183212
3974743555,0.3601072,0.35813278,0.28176
3975012757,0.5774118,0.21804772,0.20454049
3975070922,0.2018072,0.49478602,0.3034067
3975072344,0.3838683,0.3420379,0.27409375
3975074604,0.43049788,0.25564697,0.31385517
3975111498,0.29486272,0.39447433,0.31066296
3975204890,0.39782396,0.2834665,0.31870958
3975353127,0.34177575,0.36299655,0.29522768
3975378322,0.24931185,0.44945604,0.30123204
3975475788,0.10568279,0.7671099,0.12720732
3975584249,0.36057192,0.29612026,0.3433078
3975772296,0.24374884,0.48649907,0.26975206
3975833085,0.2051383,0.56309396,0.23176776
3975878652,0.31188086,0.38381463,0.30430448
3975914707,0.42916244,0.3211824,0.24965514
3976110949,0.24668957,0.24089263,0.51241785
3976131104,0.28378037,0.3459106,0.37030905
3976259036,0.44620943,0.31137702,0.24241355
3976290904,0.44097316,0.29723108,0.2617957
3976364901,0.17271708,0.5994783,0.22780454
3976467948,0.38861164,0.32760593,0.28378248
3976574748,0.25604543,0.43381214,0.31014246
3976588407,0.45419052,0.2824428,0.26336673
3976769697,0.2968993,0.33733806,0.3657626
3976774883,0.44731584,0.31450528,0.23817882
3977012331,0.37484816,0.32456905,0.30058274
3977022178,0.5121673,0.23585358,0.25197914
3977035936,0.45909315,0.26594374,0.2749631
3977176278,0.45588621,0.2741886,0.2699252
3977287580,0.23513617,0.24533387,0.51953
3977354410,0.4983615,0.2738294,0.22780913
3977443851,0.42306763,0.29538617,0.28154618
3977553003,0.27674466,0.34278175,0.38047355
3977640207,0.46124664,0.28431717,0.2544361
3977647225,0.32482186,0.31633437,0.35884374
3977970431,0.6688094,0.15329176,0.17789888
3978442828,0.28482428,0.28792703,0.42724866
3978451681,0.12664105,0.71174926,0.16160966
3978453001,0.5143817,0.17724295,0.3083754
3978529848,0.30192056,0.25994164,0.43813774
3978564425,0.20692566,0.3515045,0.44156978
3978698006,0.35995272,0.3269907,0.31305662
3978727553,0.084225826,0.8073235,0.10845072
3978759570,0.22947721,0.22695433,0.54356843
3978808531,0.16710614,0.600799,0.23209491
3978859919,0.39623812,0.28826734,0.3154945
3978921591,0.584243,0.22002247,0.1957346
3979136091,0.3056705,0.41097307,0.2833565
3979205518,0.4041636,0.30499494,0.29084143
3979226587,0.46366045,0.32786587,0.20847364
3979229598,0.30498695,0.3315298,0.36348325
3979291072,0.30530706,0.33269554,0.3619975
3979355118,0.19335328,0.19600545,0.6106413
3979358353,0.39628366,0.320128,0.2835883
3979368875,0.28327316,0.3738024,0.34292445
3979557170,0.35448787,0.4150909,0.23042136
3979653941,0.21406409,0.2705765,0.5153594
3979856543,0.29694065,0.34028146,0.36277786
3979861431,0.75386006,0.10226245,0.1438774
3979978006,0.34750476,0.36654028,0.28595492
3980080434,0.2975491,0.31623805,0.38621277
3980092601,0.41872945,0.32422397,0.25704658
3980137419,0.4958546,0.25142038,0.25272512
3980164740,0.314037,0.35049224,0.33547077
3980251555,0.27962396,0.37306044,0.34731558
3980309181,0.46745744,0.25059548,0.28194708
3980339795,0.23095547,0.23078877,0.53825575
3980724763,0.51002944,0.21466258,0.275308
3980725731,0.43341765,0.2761777,0.29040462
3980739859,0.5458096,0.21388488,0.24030544
3980763097,0.5067396,0.24655701,0.24670339
3980783969,0.25562567,0.36994654,0.3744278
3980799571,0.53034544,0.22845888,0.2411957
3980876723,0.25293753,0.29407462,0.45298788
3980985314,0.48449737,0.27596757,0.23953508
3981003752,0.38152605,0.20792158,0.41055238
3981062121,0.61115193,0.20873109,0.180117
3981074070,0.36768743,0.37578413,0.2565284
3981101588,0.4826963,0.23052087,0.2867829
3981129808,0.22018999,0.3773514,0.40245855
3981197503,0.41102302,0.33725247,0.25172457
3981264127,0.5986595,0.18420836,0.21713218
3981305325,0.43255076,0.26109898,0.3063503
3981306852,0.26718804,0.44021156,0.29260036
3981354072,0.13823855,0.6738404,0.18792108
3981400223,0.28048053,0.24174222,0.47777727
3981415997,0.41314173,0.29265672,0.29420155
3981442867,0.37156233,0.3108932,0.31754452
3981486893,0.32741296,0.35337374,0.31921333
3981596701,0.27429843,0.3409377,0.38476387
3981604591,0.25939494,0.3228624,0.41774264
3981612988,0.26646206,0.4644612,0.26907673
3981648188,0.42133644,0.29353705,0.2851265
3981728075,0.11953739,0.75195795,0.12850466
3981769605,0.2841219,0.44417024,0.27170783
3981775487,0.29503942,0.25673446,0.44822615
3981845520,0.31856224,0.36615166,0.31528604
3981933519,0.3214338,0.34463355,0.3339327
3981938427,0.5324281,0.24895205,0.21861993
3981940182,0.24808067,0.438951,0.31296837
3982025292,0.30961245,0.33540902,0.3549785
3982044934,0.42330593,0.3091906,0.2675034
3982103788,0.51401156,0.1819851,0.30400336
3982116212,0.37900907,0.4010514,0.2199395
3982230546,0.6712218,0.106576525,0.2222017
3982251463,0.35576236,0.36761522,0.27662238
3982289121,0.48195505,0.2053023,0.31274256
3982350464,0.21620762,0.56268644,0.221106
3982383555,0.15214872,0.6780751,0.16977614
3982413471,0.23191093,0.33439636,0.43369278
3982463491,0.2807745,0.3248719,0.39435354
3982584189,0.25189912,0.22805655,0.5200444
3982624821,0.27316374,0.4604277,0.26640847
3982731503,0.15585826,0.66045636,0.18368535
3982951853,0.35678586,0.3471646,0.29604954
3982957420,0.37355947,0.40862018,0.21782035
3983085875,0.39418882,0.32294667,0.28286448
3983373223,0.1460063,0.6953575,0.15863621
3983503410,0.41866308,0.30504107,0.2762958
3983572561,0.33760786,0.3768875,0.28550467
3983670463,0.47906488,0.28501067,0.23592456
3983719476,0.23149697,0.4499547,0.31854835
3983723313,0.0901808,0.0948065,0.8150127
3983730956,0.34627485,0.32580093,0.3279242
3983732971,0.610811,0.18375783,0.20543115
3983796591,0.37833,0.32004037,0.3016297
3983797143,0.4591408,0.2608482,0.280011
3983905007,0.25381374,0.46580398,0.28038234
3983972493,0.32339257,0.3245638,0.35204363
3984087407,0.29693535,0.4522442,0.25082046
3984281512,0.12005516,0.7453795,0.13456535
3984342433,0.34506163,0.33897588,0.3159625
3984372147,0.28847012,0.2646643,0.44686562
3984399025,0.16449665,0.17306215,0.6624412
3984492996,0.22561319,0.32719994,0.44718695
3984670886,0.5673164,0.21360517,0.21907836
3984671834,0.4618533,0.30815858,0.22998816
3984802990,0.23641676,0.23399661,0.5295866
3984914850,0.4297581,0.32858825,0.24165371
3985272329,0.32310677,0.24494956,0.43194363
3985411604,0.46367368,0.27223185,0.2640945
3985433767,0.2804625,0.31146762,0.40806994
3985463127,0.43515635,0.285594,0.27924964
3985572735,0.25990006,0.3841703,0.35592964
3985638976,0.37109834,0.31140456,0.3174971
3985702195,0.36066997,0.34585583,0.2934742
3985907622,0.3836383,0.33920228,0.27715942
3985949557,0.28291604,0.38887948,0.32820448
3985990568,0.51056737,0.22226961,0.26716295
3986041636,0.56427485,0.19229145,0.24343373
3986205078,0.26055688,0.29575112,0.443692
3986390534,0.39058405,0.3030047,0.30641118
3986392841,0.23089175,0.49618384,0.27292442
3986442788,0.48449424,0.20971034,0.3057954
3986481169,0.10196252,0.09244335,0.8055942
3986510316,0.30642885,0.36687893,0.32669225
3986567022,0.1755942,0.6208392,0.20356654
3986610130,0.15566364,0.15998778,0.6843486
3986712384,0.24363688,0.30243662,0.45392644
3986748513,0.4918012,0.27683493,0.23136392
3986750648,0.30457768,0.3572325,0.33818987
3986782632,0.34092242,0.35016847,0.30890912
3986785702,0.35436645,0.25586653,0.389767
3986909953,0.14925694,0.6910164,0.15972663
3987211678,0.29799098,0.24488288,0.45712623
3987237653,0.33543518,0.26109734,0.40346754
3987369365,0.09850997,0.10677721,0.79471284
3987433631,0.20027691,0.18361792,0.6161052
3987473314,0.15401453,0.6354903,0.21049513
3987539661,0.25834864,0.29242238,0.4492289
3987765570,0.2112223,0.2869564,0.5018213
3988036129,0.35830358,0.24920063,0.39249584
3988123282,0.30204496,0.190434,0.5075211
3988166935,0.24978854,0.38989854,0.36031285
3988238793,0.6583754,0.1335913,0.20803335
3988362818,0.25791502,0.33249676,0.40958825
3988407346,0.13213599,0.6891064,0.17875762
3988417381,0.22547355,0.22466893,0.5498575
3988445421,0.2718718,0.42197755,0.3061507
3988455053,0.3875835,0.33046857,0.28194797
3988511097,0.100195326,0.7849288,0.11487592
3988619764,0.46585417,0.24804509,0.28610078
3988641816,0.30198696,0.2854977,0.4125153
3988677692,0.38103795,0.3846932,0.2342688
3988742715,0.27897844,0.34935328,0.3716683
3988765144,0.5498184,0.23626284,0.21391873
3988873836,0.23731835,0.5395867,0.22309501
3988889778,0.5031597,0.2639844,0.23285589
3988920895,0.34618512,0.32831904,0.3254959
3988926872,0.4225922,0.32490808,0.25249973
3988966266,0.5513946,0.22494593,0.22365949
3989016570,0.23934078,0.29318953,0.46746963
3989086694,0.28318718,0.30362418,0.4131886
3989239368,0.34171024,0.3673026,0.29098713
3989316956,0.6018199,0.20662633,0.19155374
3989382354,0.37931216,0.31220633,0.30848148
3989411992,0.39413017,0.31812617,0.28774372
3989581753,0.14469843,0.17361446,0.6816871
3989664774,0.1465863,0.5083393,0.34507433
3989686747,0.51765275,0.23531507,0.24703223
3989706640,0.098877214,0.773641,0.12748176
3989744628,0.5703302,0.22053966,0.20913015
3989865748,0.31930387,0.34842867,0.33226752
3989879557,0.3016921,0.39410135,0.30420655
3989913089,0.32847866,0.3033246,0.36819676
3990010159,0.25954917,0.47441408,0.26603672
3990076747,0.122537576,0.72466725,0.1527952
3990190741,0.34264475,0.25719315,0.40016207
3990192948,0.61224484,0.17052911,0.217226
3990214128,0.07794776,0.07049313,0.85155916
3990261261,0.33484346,0.32271156,0.34244496
3990347911,0.4142403,0.29945353,0.2863062
3990414177,0.21556957,0.19914669,0.5852838
3990419034,0.28258058,0.2984005,0.41901892
3990478981,0.619947,0.17353018,0.20652281
3990636240,0.36923555,0.35574952,0.27501488
3990669092,0.32236868,0.24492551,0.43270573
3990672084,0.24990498,0.43147862,0.3186164
3990750690,0.8347984,0.07115283,0.09404877
3990767430,0.4066725,0.24705036,0.34627706
3990802424,0.33123025,0.32524797,0.34352183
3990910232,0.41788527,0.30159637,0.28051832
3990992552,0.19105856,0.19988197,0.60905945
3991031338,0.12982865,0.70633006,0.16384132
3991047248,0.53660107,0.2620381,0.20136087
3991205734,0.27000585,0.3363392,0.39365494
3991243349,0.27182347,0.19051307,0.53766346
3991284650,0.27064735,0.31329006,0.4160626
3991439863,0.66752404,0.1579632,0.17451271
3991487194,0.4763487,0.3007149,0.22293638
3991512627,0.24357857,0.3432697,0.41315174
3991559230,0.34512678,0.34441698,0.31045622
3991834613,0.24447764,0.37901714,0.37650526
3991849396,0.4334827,0.3477477,0.21876955
3991857184,0.71456313,0.12388591,0.16155095
3991859105,0.093913674,0.7937849,0.1123014
3991923410,0.1511188,0.6239208,0.22496034
3991984273,0.35265544,0.3504084,0.29693612
3992225746,0.37949735,0.34908414,0.2714186
3992240341,0.2692866,0.29451838,0.43619505
3992243396,0.54429877,0.24283051,0.21287072
3992318704,0.29480204,0.3782219,0.32697606
3992423487,0.3058632,0.41428912,0.27984768
3992426424,0.23280345,0.5322728,0.23492369
3992521976,0.21315098,0.5944433,0.19240576
3992572532,0.47060153,0.28223768,0.24716076
3992744682,0.31827566,0.35301858,0.32870582
3992781114,0.22166926,0.57334405,0.20498678
3992834663,0.4407296,0.3008171,0.25845334
3993099210,0.281204,0.306971,0.41182497
3993303899,0.22355707,0.25444514,0.52199775
3993360637,0.1482607,0.110170454,0.74156886
3993417491,0.25838333,0.2853591,0.45625755
3993419737,0.1596078,0.6518037,0.18858847
3993487547,0.13876443,0.67762077,0.18361478
3993541281,0.25525364,0.2985849,0.44616145
3993612995,0.28577656,0.45685706,0.25736648
3993698323,0.5421314,0.2195184,0.2383502
3993824009,0.11711873,0.74995774,0.1329235
3994338332,0.52749956,0.26144722,0.21105324
3994457159,0.33368495,0.31351975,0.35279527
3994519349,0.32755262,0.31232467,0.36012265
3994526572,0.11821142,0.1117813,0.7700073
3994530070,0.55758053,0.24207942,0.20034009
3994560416,0.33056882,0.4094956,0.25993562
3994835941,0.4081618,0.35320005,0.2386381
3995007200,0.3325133,0.3960363,0.27145037
3995069044,0.26502374,0.41556135,0.31941497
3995076333,0.40112582,0.3551614,0.2437128
3995192144,0.3870112,0.35119382,0.26179492
3995239933,0.32865903,0.37297243,0.29836854
3995508668,0.25201464,0.50948066,0.23850472
3995519255,0.27900502,0.3096784,0.4113165
3995549356,0.51553357,0.23911357,0.2453528
3995558207,0.11859904,0.112948194,0.7684528
3995597196,0.31689557,0.37077388,0.3123305
3995600877,0.288841,0.31750086,0.39365807
3995663791,0.46130794,0.29366252,0.24502958
3995697623,0.307249,0.34391087,0.3488401
3995719532,0.36327538,0.400004,0.23672062
3995730392,0.44705653,0.2827981,0.2701454
3995841927,0.38729203,0.34368244,0.2690256
3996107371,0.102752894,0.7581261,0.13912107
3996185937,0.065142885,0.84186447,0.09299263
3996312991,0.22302365,0.26432145,0.51265496
3996347550,0.34775296,0.39460197,0.25764513
3996367494,0.2982824,0.3821465,0.31957105
3996526840,0.25434515,0.40735376,0.33830112
3996720556,0.39799345,0.30196252,0.30004406
3996745675,0.20386772,0.47614497,0.3199873
3996761873,0.36870617,0.337779,0.29351482
3996893806,0.15879834,0.6458697,0.19533196
3996977195,0.4024116,0.32187688,0.27571154
3997125594,0.20906684,0.22493127,0.5660019
3997263184,0.52801806,0.24972053,0.22226134
3997422005,0.3938222,0.32141247,0.28476533
3997436006,0.41020927,0.29036054,0.29943022
3997451225,0.67489594,0.14512621,0.17997779
3997458227,0.19199403,0.22903168,0.57897425
3997498305,0.42378274,0.28517333,0.29104397
3997542386,0.28585476,0.44902915,0.26511607
3997720190,0.1699201,0.1539284,0.6761516
3997818216,0.26455337,0.22981653,0.50563014
3997849396,0.33587545,0.3729666,0.29115802
3997948945,0.398582,0.30656976,0.29484826
3997975100,0.28599313,0.41691342,0.29709348
3998277847,0.3873814,0.35834202,0.25427657
3998294288,0.30140498,0.43437418,0.26422077
3998298488,0.40794346,0.32330447,0.26875207
3998315076,0.11763219,0.10148394,0.7808839
3998315566,0.3310687,0.37097302,0.29795828
3998368533,0.37287346,0.33242524,0.2947013
3998545442,0.4773117,0.28111216,0.24157608
3998747582,0.48960963,0.27087787,0.23951256
3998756786,0.20904171,0.23632738,0.55463094
3998793248,0.16466452,0.65640974,0.17892575
3998798695,0.42541075,0.29316217,0.28142715
3998813275,0.18229589,0.60479003,0.21291403
3998876102,0.13635646,0.17882356,0.68482006
3998901040,0.42615503,0.33584112,0.23800388
3998983395,0.44240004,0.24518651,0.31241345
3998998104,0.38128683,0.23483802,0.38387504
3999083150,0.2834584,0.4686039,0.24793763
3999183671,0.4226418,0.24326383,0.3340944
3999218138,0.20677797,0.5924261,0.20079593
3999343615,0.09112249,0.073079966,0.83579755
3999378338,0.35689467,0.38772875,0.2553766
3999423869,0.31678763,0.20251904,0.4806933
3999429660,0.7523639,0.11121474,0.13642132
3999503462,0.5189697,0.24717748,0.23385282
3999522079,0.32075644,0.35031974,0.32892382
3999563883,0.23613116,0.21930827,0.54456055
3999649677,0.15075676,0.6824126,0.1668306
3999886257,0.3127111,0.4093837,0.27790523
3999999343,0.75713736,0.10391361,0.13894898
4000085659,0.4111712,0.30458543,0.28424338
4000225240,0.12300902,0.7116148,0.16537622
4000236844,0.37838894,0.23231795,0.3892931
4000321061,0.17592847,0.6062988,0.21777272
4000365162,0.19369082,0.183927,0.6223822
4000424711,0.41136357,0.34810624,0.24053024
4000453938,0.43620464,0.3251528,0.23864247
4000456708,0.6287796,0.1628202,0.20840022
4000515759,0.49010512,0.26830873,0.2415861
4000549255,0.64572644,0.15711997,0.19715361
4000625619,0.35342064,0.40022555,0.24635385
4000670568,0.37257895,0.344826,0.2825951
4000694022,0.28217164,0.2896275,0.42820084
4000758287,0.27443495,0.25587115,0.46969384
4000776283,0.36786622,0.2115289,0.42060488
4000813413,0.4124516,0.32374623,0.26380214
4000873603,0.3214094,0.3672728,0.31131786
4000879154,0.3749135,0.27049398,0.3545925
4000894741,0.60598874,0.19373292,0.2002783
4000980142,0.60809386,0.19101144,0.2008947
4001032366,0.18838216,0.5928417,0.21877617
4001219931,0.2533308,0.27529645,0.4713727
4001268944,0.4052475,0.24610034,0.34865212
4001468334,0.42592096,0.27641466,0.29766434
4001519027,0.30113634,0.3674129,0.33145076
4001547867,0.23049255,0.21119176,0.55831575
4001737262,0.4644802,0.28384793,0.25167188
4001795693,0.65061927,0.16629137,0.18308936
4001881675,0.653941,0.16580196,0.1802571
4001976690,0.34832662,0.38578025,0.26589313
4002367608,0.30992845,0.37808916,0.31198236
4002469366,0.22686304,0.33522204,0.43791488
4002669907,0.59454095,0.20948914,0.19596995
4002679868,0.13755307,0.68858755,0.1738594
4002712599,0.23215128,0.2075494,0.56029934
4002746959,0.48549727,0.2741829,0.24031979
4002855601,0.2772327,0.4478958,0.27487147
4002961410,0.17408347,0.62171465,0.20420185
4002975472,0.28947446,0.35297027,0.3575553
4003061970,0.24522749,0.52792764,0.22684485
4003187453,0.5338706,0.2861709,0.1799585
4003192630,0.12672493,0.1407353,0.73253983
4003464890,0.4579342,0.21907303,0.32299286
4003493188,0.24262945,0.20694311,0.55042744
4003528784,0.17059475,0.6203265,0.2090787
4003585133,0.31942645,0.39413232,0.28644118
4003640073,0.27076706,0.35918927,0.37004364
4003641301,0.3713123,0.3544592,0.2742285
4003764783,0.2366173,0.23221716,0.5311655
4003847029,0.31991923,0.35239765,0.32768318
4003852226,0.22216648,0.5378901,0.23994341
4003870179,0.30230904,0.44862956,0.24906148
4004024340,0.61945015,0.16458443,0.21596546
4004049078,0.29877934,0.31394404,0.38727668
4004077415,0.27085873,0.39455345,0.3345878
4004085286,0.44462758,0.29632846,0.25904402
4004090640,0.41970798,0.28878075,0.2915112
4004142025,0.35324302,0.37096134,0.27579558
4004328370,0.30621853,0.27351043,0.42027107
4004396843,0.548804,0.21258062,0.23861533
4004533732,0.29839778,0.42858988,0.27301234
4004878626,0.3781535,0.32599673,0.2958498
4004987712,0.28953004,0.3438884,0.3665816
4005045149,0.17997578,0.22939068,0.5906336
4005252449,0.41844392,0.3230089,0.2585472
4005256169,0.32237726,0.3685691,0.30905363
4005272466,0.62252617,0.15271157,0.22476225
4005355288,0.13071622,0.7165235,0.1527603
4005436126,0.4048898,0.23348439,0.36162582
4005468679,0.18217665,0.56212854,0.25569484
4005576827,0.11509381,0.7253867,0.15951954
4005594557,0.43608955,0.298587,0.2653235
4005699514,0.26333594,0.26370236,0.47296172
4005773718,0.77007043,0.099002235,0.13092737
4005802418,0.30768737,0.41086248,0.28145015
4005807981,0.47822407,0.28847498,0.23330088
4005892008,0.1572188,0.6813863,0.16139495
4006203826,0.3898608,0.27281576,0.33732337
4006332954,0.29321468,0.36925128,0.3375339
4006346066,0.32419136,0.39817268,0.27763602
4006442934,0.3095835,0.2755068,0.41490978
4006668635,0.67908734,0.13729435,0.18361826
4006800035,0.63823766,0.18700379,0.17475855
4006820224,0.3888941,0.34562767,0.26547813
4006990848,0.5943387,0.21602324,0.18963815
4007023518,0.35068986,0.32828593,0.3210243
4007062657,0.31929782,0.3358486,0.34485355
4007075745,0.50427324,0.26038188,0.23534498
4007178889,0.20986797,0.53344405,0.256688
4007232805,0.28401968,0.31104112,0.4049392
4007339725,0.46620017,0.2766488,0.25715107
4007385592,0.328912,0.25005254,0.42103544
4007468768,0.38672093,0.27694526,0.3363338
4007492024,0.2419302,0.27683902,0.48123074
4007499048,0.29377323,0.41140726,0.29481953
4007503917,0.3076589,0.41555908,0.276782
4007550214,0.2129069,0.16453488,0.6225582
4007719626,0.3380085,0.30960694,0.35238457
4007735149,0.59242487,0.21228583,0.19528928
4007787260,0.18745069,0.6004713,0.21207811
4007981314,0.29004422,0.35678798,0.3531678
4008003607,0.113199756,0.7299228,0.15687752
4008034811,0.058386765,0.05767369,0.8839395
4008049965,0.30049092,0.3347635,0.36474556
4008087677,0.40435448,0.30264074,0.29300472
4008175429,0.24026208,0.47575903,0.28397876
4008175949,0.3307914,0.37608927,0.29311937
4008212089,0.40865454,0.32212263,0.26922283
4008218131,0.1505595,0.668232,0.18120852
4008378539,0.33398294,0.36642,0.29959705
4008413081,0.10265096,0.7723944,0.12495466
4008679042,0.24576035,0.22182722,0.5324124
4008723344,0.27587605,0.4598142,0.26430976
4008727757,0.20597753,0.2763772,0.5176453
4008818765,0.17560425,0.22889736,0.5954984
4008825945,0.12861753,0.72021586,0.15116668
4008879913,0.23563136,0.42061502,0.34375358
4008893503,0.42935243,0.30459794,0.26604965
4008896378,0.37658694,0.3621418,0.26127133
4008960266,0.33447587,0.31188068,0.35364345
4009024859,0.5416617,0.2314448,0.22689351
4009085793,0.4007905,0.30966696,0.28954253
4009253819,0.62599796,0.17974664,0.19425544
4009262990,0.5087869,0.2601293,0.23108374
4009315793,0.3454471,0.3628248,0.29172808
4009594178,0.4494991,0.27918857,0.27131236
4009699348,0.32703367,0.4256195,0.24734677
4009727518,0.5505962,0.22531983,0.22408399
4009780989,0.19335678,0.5993218,0.20732142
4009783042,0.15179826,0.6636969,0.18450493
4009800075,0.4618613,0.2896813,0.2484573
4009851342,0.14573152,0.6456481,0.2086203
4009851880,0.3285944,0.3532691,0.31813654
4009893826,0.3515641,0.36332515,0.2851107
4009973007,0.30595985,0.40218318,0.2918569
4010083959,0.4421242,0.3024009,0.25547498
4010232094,0.40714803,0.29071307,0.30213886
4010267685,0.17370558,0.1797586,0.6465358
4010298246,0.45320213,0.29445,0.25234783
4010450665,0.43112114,0.29722425,0.2716546
4010557691,0.23088619,0.4815242,0.28758973
4010594889,0.16462527,0.17625244,0.65912235
4010613621,0.35932115,0.3781004,0.26257852
4010631296,0.2357684,0.43675157,0.32748005
4010663177,0.5002028,0.28606635,0.21373084
4010878028,0.33322805,0.35781792,0.30895406
4010946242,0.3505018,0.33448094,0.3150173
4011111059,0.09817128,0.7837705,0.11805825
4011115811,0.117263995,0.71963894,0.16309707
4011168801,0.47569758,0.25479218,0.26951027
4011184932,0.34633675,0.3521385,0.30152476
4011447475,0.73271257,0.108172394,0.15911509
4011531113,0.21061035,0.52618885,0.26320085
4011730578,0.37630826,0.2660045,0.3576872
4011773200,0.32036495,0.3140471,0.3655879
4011773717,0.31546032,0.36481822,0.3197215
4011961784,0.32441714,0.3071952,0.3683877
4012187058,0.43474588,0.29788017,0.26737395
4012279407,0.439049,0.28346655,0.27748445
4012297893,0.43121588,0.2506017,0.3181825
4012344998,0.5616972,0.21280529,0.22549748
4012398100,0.30124992,0.41190627,0.2868438
4012446560,0.23287216,0.45661572,0.31051207
4012591092,0.5037494,0.27541247,0.22083816
4012622545,0.65224946,0.1447822,0.20296839
4012657541,0.11724392,0.7474341,0.13532203
4012673950,0.35119915,0.3275551,0.32124573
4012758407,0.2233816,0.33137274,0.44524565
4012769267,0.52291614,0.24551581,0.23156804
4012902005,0.42133707,0.31156984,0.26709306
4012979469,0.38153458,0.31572035,0.30274504
4013130581,0.3812142,0.22230832,0.39647752
4013209546,0.32332477,0.29687068,0.37980452
4013251001,0.3415515,0.34646374,0.31198478
4013470565,0.21408592,0.26395807,0.521956
4013496082,0.20122007,0.21597148,0.58280843
4013514821,0.6301165,0.18238282,0.18750066
4013563204,0.28188,0.4013002,0.3168199
4013752355,0.14350349,0.6637261,0.19277039
4013797416,0.48272812,0.24036139,0.27691045
4013887601,0.25875103,0.23902506,0.50222397
4013932298,0.19271524,0.22468452,0.5826002
4013962283,0.24052839,0.45657238,0.30289918
4014105111,0.6766063,0.13829109,0.18510263
4014219776,0.6217365,0.18910381,0.1891596
4014303892,0.29356843,0.39913738,0.30729413
4014312207,0.31234637,0.3600378,0.32761577
4014316347,0.26252583,0.41502556,0.3224485
4014391119,0.3372078,0.3699694,0.29282275
4014425653,0.4344042,0.32471335,0.24088247
4014498943,0.5061744,0.27401263,0.21981306
4014554115,0.23837298,0.19468999,0.566937
4014630119,0.504113,0.23798944,0.25789756
4014677265,0.5177268,0.262506,0.21976726
4014722691,0.122001365,0.11972681,0.7582718
4014785240,0.45527136,0.2807441,0.2639845
4014875999,0.3365313,0.33043185,0.33303684
4015003223,0.13879867,0.71678084,0.14442053
4015028684,0.2813878,0.3961619,0.32245025
4015063875,0.32222125,0.36600438,0.31177437
4015119819,0.39230973,0.3438231,0.26386717
4015141681,0.4724255,0.28943488,0.23813964
4015225805,0.12195442,0.11101438,0.76703125
4015239339,0.0802916,0.81835437,0.10135402
4015249480,0.3390503,0.37030977,0.29063994
4015348406,0.28059664,0.4496969,0.26970643
4015406609,0.18598282,0.61741745,0.19659977
4015491904,0.13010162,0.7094264,0.160472
4015552582,0.38093418,0.34154963,0.27751622
4015598659,0.3546067,0.34073505,0.30465823
4015636736,0.5139849,0.25619307,0.22982197
4015660924,0.57674605,0.14753363,0.27572033
4015710648,0.31443354,0.37386173,0.3117047
4015718485,0.35773328,0.33583584,0.30643088
4015725594,0.6148301,0.15321982,0.23195013
4015824844,0.35994208,0.34429905,0.29575887
4015830479,0.46374393,0.27159995,0.26465622
4015878960,0.3678707,0.34264645,0.28948286
4015912363,0.530006,0.23446424,0.23552974
4016009979,0.52087677,0.25955102,0.2195722
4016133108,0.30989185,0.3463163,0.3437919
4016159538,0.38531685,0.30947322,0.30521
4016219044,0.15303098,0.13627996,0.71068907
4016236749,0.34686226,0.38923877,0.26389897
4016248861,0.41704273,0.29485917,0.28809807
4016417702,0.21904404,0.22301345,0.55794245
4016443948,0.6862817,0.14533775,0.16838053
4016447995,0.23420174,0.50997615,0.2558221
4016448592,0.25709188,0.44687834,0.2960298
4016670916,0.3435717,0.3594288,0.29699948
4016693631,0.16097464,0.6633022,0.17572325
4016731540,0.24295837,0.29831427,0.45872736
4016838048,0.34829468,0.3740669,0.27763844
4016851112,0.2443799,0.29169178,0.4639283
4016853978,0.27128482,0.3222322,0.40648293
4016974857,0.42009094,0.2837397,0.29616937
4017018701,0.34737808,0.3353465,0.31727546
4017085499,0.5883282,0.22259584,0.189076
4017092489,0.10919791,0.71791023,0.17289187
4017096085,0.3208502,0.39571375,0.28343606
4017232365,0.53313893,0.16254927,0.30431178
4017239892,0.37077174,0.33174244,0.29748592
4017248815,0.24230112,0.49063602,0.26706293
4017281056,0.29750395,0.28628433,0.41621184
4017374629,0.29680458,0.2922273,0.41096815
4017400010,0.3145692,0.2987957,0.38663512
4017605730,0.30700535,0.29768455,0.39531007
4017634675,0.41857424,0.32222843,0.25919732
4017723252,0.10253249,0.092021726,0.80544573
4017763487,0.273738,0.39018023,0.3360817
4017787669,0.36790678,0.3727304,0.25936285
4017811696,0.36785132,0.32728037,0.3048683
4017886266,0.10532741,0.75394386,0.14072873
4017902155,0.50458485,0.23149437,0.2639207
4017917269,0.364619,0.34093395,0.29444706
4017971385,0.42342263,0.24792837,0.32864895
4017994468,0.22747077,0.5272507,0.24527857
4018033084,0.38609535,0.33589348,0.2780111
4018093826,0.36819816,0.35434458,0.2774572
4018241837,0.12605666,0.74060804,0.13333535
4018342662,0.46398872,0.2879426,0.24806863
4018690722,0.46846214,0.27604464,0.2554933
4018977601,0.21386997,0.18880036,0.5973297
4019012785,0.52095973,0.21811393,0.2609264
4019101855,0.3488841,0.39633065,0.2547852
4019103307,0.31815022,0.2993693,0.38248053
4019176938,0.18669827,0.17210308,0.64119864
4019311167,0.399123,0.32201132,0.27886567
4019318365,0.18020114,0.5942805,0.22551835
4019437410,0.34208986,0.12895632,0.52895385
4019467778,0.3285352,0.36641717,0.3050477
4019483640,0.17529486,0.16749287,0.6572123
4019488000,0.17929742,0.15415087,0.6665517
4019522693,0.1668921,0.1678224,0.6652855
4019531249,0.391832,0.312169,0.29599905
4019579001,0.79046357,0.09184237,0.1176941
4019633666,0.31926838,0.3244275,0.35630417
4019682186,0.31739587,0.41236624,0.27023792
4020067556,0.4212806,0.25439075,0.32432875
4020098776,0.1838257,0.15263239,0.6635419
4020176547,0.08676718,0.8087768,0.10445597
4020295879,0.30554843,0.30622315,0.38822836
4020325248,0.3750787,0.33867377,0.28624758
4020401080,0.25067037,0.18224429,0.5670854
4020450965,0.42275625,0.27830085,0.2989429
4020459961,0.38710183,0.27878967,0.33410847
4020460520,0.18209541,0.6050026,0.21290195
4020469098,0.09236076,0.7934145,0.11422475
4020518018,0.17425516,0.60697615,0.21876867
4020564669,0.27895263,0.42034805,0.30069935
4020622060,0.25151107,0.4679291,0.28055975
4020733595,0.20927016,0.5550314,0.2356985
4020874722,0.49257445,0.26473284,0.24269265
4021054230,0.09412962,0.7721224,0.13374795
4021106162,0.2011149,0.19019213,0.60869294
4021149554,0.292329,0.33260027,0.37507063
4021191436,0.2916042,0.29246366,0.41593212
4021307945,0.31371725,0.35243678,0.333846
4021310047,0.56670415,0.23992395,0.1933719
4021320326,0.36399457,0.30882773,0.32717773
4021321623,0.098138124,0.09888479,0.80297714
4021372385,0.19636233,0.5622334,0.24140431
4021404739,0.3037653,0.32018468,0.37605006
4021614693,0.3196683,0.3182775,0.36205423
4021704239,0.39960262,0.29500294,0.3053944
4021767421,0.2239144,0.52643496,0.24965067
4021806364,0.21902065,0.5282591,0.25272024
4022194358,0.28363377,0.42803118,0.288335
4022260863,0.28908232,0.34152168,0.36939606
4022342052,0.28794372,0.19769138,0.51436496
4022548344,0.2797037,0.2594723,0.460824
4022629933,0.30411825,0.36731946,0.32856226
4022717901,0.50335044,0.26281312,0.23383644
4022822111,0.26366156,0.24055228,0.49578613
4022943638,0.11628876,0.69849235,0.18521893
4022979802,0.29606447,0.28299037,0.42094523
4022989820,0.3464755,0.33361882,0.3199056
4023242890,0.31576633,0.4249022,0.2593314
4023251369,0.19305064,0.20924604,0.59770334
4023340550,0.22296116,0.52689016,0.25014868
4023729341,0.39965314,0.33562437,0.26472253
4023741540,0.17371874,0.5459007,0.28038052
4023755124,0.34157857,0.3580307,0.30039066
4023760894,0.38764602,0.34251338,0.26984057
4023763904,0.2474124,0.5043238,0.24826375
4023937558,0.4764051,0.24137138,0.28222346
4023940727,0.2624284,0.36342558,0.37414598
4023978273,0.3894286,0.26856974,0.34200168
4024056014,0.27999887,0.42003766,0.29996347
4024097265,0.38360646,0.3498047,0.2665888
4024108785,0.15262538,0.6631589,0.1842157
4024154027,0.26069954,0.38171214,0.35758835
4024195991,0.4804305,0.26302168,0.2565478
4024237410,0.7153817,0.085701995,0.19891623
4024341376,0.2048133,0.59174645,0.20344026
4024341692,0.3631821,0.26074383,0.37607402
4024372711,0.35339966,0.37565747,0.2709428
4024490030,0.16302216,0.6640046,0.17297317
4024571839,0.37286612,0.31986886,0.30726504
4024613330,0.35897365,0.33858666,0.30243975
4024697011,0.19424307,0.57762456,0.22813243
4024724414,0.51090133,0.2053178,0.2837808
4024774632,0.3577176,0.2771277,0.3651547
4024807200,0.28280294,0.34468952,0.37250757
4024864786,0.34646785,0.3478298,0.3057024
4024881409,0.25232926,0.47307003,0.2746008
4024915844,0.65873134,0.1605558,0.18071291
4024917088,0.41103828,0.27984622,0.3091155
4024971578,0.33329296,0.41401002,0.2526971
4024996249,0.3500249,0.38962206,0.26035303
4025045873,0.1023949,0.09224096,0.8053641
4025139490,0.3880598,0.2912804,0.32065976
4025158881,0.1773175,0.14083174,0.68185073
4025289693,0.39779678,0.3823971,0.2198061
4025326741,0.41936976,0.25582308,0.32480717
4025338122,0.323722,0.34995028,0.3263277
4025386765,0.3472227,0.33898556,0.31379172
4025550374,0.31668383,0.34245753,0.34085876
4025690192,0.15423833,0.1447933,0.7009684
4025748760,0.22911139,0.47543895,0.2954496
4025769759,0.58946294,0.22170244,0.18883461
4025801894,0.5793464,0.21088824,0.20976533
4025864970,0.8346578,0.06715648,0.09818572
4025912894,0.34372357,0.23371717,0.42255923
4025927066,0.33115366,0.31563774,0.3532086
4025943309,0.5184131,0.2340006,0.24758622
4026215365,0.26297674,0.45613533,0.28088796
4026281212,0.37686735,0.33387858,0.2892541
4026306087,0.19045,0.1986265,0.6109235
4026357172,0.3245078,0.30823997,0.36725226
4026361783,0.78862625,0.08704154,0.12433223
4026531671,0.24795611,0.4649121,0.28713182
4026542400,0.14156614,0.1282374,0.7301965
4026585193,0.4378345,0.31494957,0.24721587
4026686601,0.20047195,0.17941938,0.6201087
4026779554,0.15637991,0.6207499,0.22287023
4026808802,0.33935994,0.30539024,0.35524976
4026988128,0.3589159,0.3352649,0.30581924
4027053701,0.11783829,0.74411166,0.13805005
4027134404,0.17788595,0.6306323,0.19148175
4027248348,0.28647166,0.30030447,0.41322377
4027366976,0.23622555,0.28210962,0.48166487
4027400670,0.41431952,0.21283129,0.37284914
4027462640,0.3691636,0.32704908,0.30378726
4027513727,0.6325045,0.17380694,0.19368854
4027563085,0.22939432,0.44736204,0.32324365
4027592933,0.35080773,0.33823135,0.3109609
4027704531,0.27274767,0.31881636,0.40843597
4027719926,0.542702,0.24018498,0.21711302
4027737883,0.32711118,0.34098917,0.33189964
4027748155,0.24602185,0.26205534,0.4919228
4027810214,0.37567306,0.31227845,0.31204852
4028034456,0.27669352,0.44224194,0.28106448
4028194012,0.11403517,0.7499742,0.13599063
4028248955,0.65719897,0.17404199,0.16875903
4028334587,0.23893929,0.45541108,0.30564973
4028376357,0.207259,0.2615297,0.5312113
4028412225,0.5068394,0.25173426,0.24142635
4028481835,0.18771891,0.59403,0.21825105
4028539127,0.18500999,0.18112993,0.6338601
4028540971,0.20652798,0.5425381,0.2509339
4028554838,0.35781255,0.32438594,0.31780154
4028619202,0.21030846,0.52611804,0.26357353
4028631814,0.31629768,0.38928533,0.29441708
4028748234,0.29583892,0.43635154,0.26780954
4028959811,0.34755316,0.3840392,0.26840773
4028972966,0.2851192,0.30085093,0.41402987
4029017906,0.3292653,0.30685097,0.36388376
4029024774,0.40363333,0.32954752,0.2668192
4029062077,0.1993671,0.5470876,0.25354525
4029064209,0.31952432,0.27363357,0.40684208
4029307024,0.27813727,0.39633882,0.3255239
4029366729,0.3511005,0.37970388,0.26919562
4029464228,0.24612384,0.4486427,0.30523354
4029658139,0.19176783,0.5919322,0.21630006
4029698906,0.46258307,0.2823824,0.25503454
4029743570,0.31341782,0.3816219,0.3049603
4029890776,0.07626196,0.8217541,0.10198395
4029961621,0.29420683,0.33305442,0.37273875
4030058169,0.25658232,0.49475694,0.24866071
4030075439,0.56331724,0.21999705,0.21668579
4030282971,0.13940407,0.66857296,0.19202298
4030318643,0.15861005,0.67294014,0.16844976
4030332498,0.3644016,0.2983056,0.33729285
4030361188,0.27595,0.31402934,0.41002062
4030388553,0.34781587,0.33170992,0.3204742
4030396756,0.59870535,0.1972834,0.20401125
4030406118,0.20219184,0.53182495,0.26598328
4030417457,0.27940923,0.29917547,0.42141527
4030425181,0.2340275,0.44370514,0.32226735
4030457696,0.23527473,0.5074992,0.25722602
4030526497,0.23616141,0.29868406,0.46515447
4030579381,0.21968274,0.45465767,0.32565954
4030597862,0.35606915,0.36163083,0.28230006
4030688076,0.32562605,0.37835947,0.2960145
4030745270,0.17698039,0.63459074,0.18842886
4030863991,0.31739438,0.2233143,0.45929137
4030864886,0.100357726,0.087715484,0.8119268
4031012388,0.21899457,0.2659683,0.5150371
4031110408,0.35943046,0.3505974,0.28997207
4031124548,0.3006116,0.31174982,0.3876386
4031409491,0.45433348,0.31761762,0.22804886
4031410331,0.38606858,0.34404552,0.2698859
4031412216,0.4385906,0.29007643,0.271333
4031581584,0.2415818,0.2746119,0.48380628
4031624262,0.25680742,0.49970108,0.24349144
4031638883,0.078680255,0.8162586,0.10506114
4031663832,0.20323718,0.5385445,0.2582183
4031710026,0.39002123,0.34421232,0.2657664
4031839669,0.21323341,0.44820744,0.33855918
4031875701,0.31863865,0.30481684,0.37654448
4031920788,0.38007244,0.3764565,0.24347103
4031956754,0.46415344,0.29561692,0.24022958
4032119842,0.33165473,0.38676786,0.28157747
4032199532,0.08438963,0.81099904,0.10461137
4032277381,0.3431821,0.33904523,0.31777263
4032308884,0.5344622,0.24610949,0.21942832
4032338330,0.30419672,0.32191077,0.37389255
4032390084,0.31697384,0.3724431,0.31058297
4032443830,0.45652333,0.28428534,0.2591913
4032450293,0.61511743,0.1833074,0.20157516
4032660161,0.5817733,0.1971314,0.22109535
4032671083,0.117743485,0.7450417,0.13721481
4032675014,0.41617903,0.27532655,0.30849436
4032700662,0.08171005,0.8079394,0.11035053
4032872008,0.33157387,0.40797186,0.26045436
4032881709,0.11383816,0.111096434,0.7750653
4033013357,0.2514081,0.30682755,0.44176438
4033037614,0.43597227,0.33383968,0.23018806
4033197234,0.4294622,0.2782431,0.29229465
4033334160,0.71627843,0.12765187,0.15606971
4033427755,0.6736365,0.16002128,0.1663423
4033436124,0.36339173,0.31790426,0.318704
4033630453,0.358352,0.360619,0.28102905
4033773005,0.37743708,0.2951189,0.327444
4034212441,0.29900545,0.32683298,0.37416157
4034388587,0.5246547,0.22744036,0.24790494
4034641889,0.43765792,0.31097654,0.25136554
4034864381,0.35144752,0.28712153,0.36143088
4035086022,0.19300933,0.432236,0.37475467
4035202742,0.4292586,0.21578906,0.3549523
4035218664,0.26987907,0.2650286,0.4650924
4035236076,0.4710218,0.27146652,0.25751165
4035305068,0.39192855,0.30982468,0.29824683
4035465604,0.39460504,0.29032907,0.31506586
4035474230,0.4631247,0.15196474,0.3849106
4035494350,0.35328206,0.369078,0.27763999
4035714797,0.36889535,0.36427346,0.26683113
4035783812,0.4064774,0.32372364,0.26979896
4035830377,0.31155637,0.26718605,0.42125756
4035872072,0.31056562,0.4306679,0.2587665
4035954597,0.20081978,0.2106484,0.58853185
4035957379,0.2584242,0.48539022,0.2561856
4035999133,0.44143334,0.31166357,0.24690306
4036073207,0.17772679,0.2716591,0.5506141
4036240631,0.8457138,0.057838876,0.096447304
4036539444,0.21180418,0.5010542,0.28714153
4036605122,0.093137234,0.09147444,0.8153883
4036653586,0.35768995,0.32970533,0.31260473
4036770933,0.58215135,0.1968644,0.22098424
4036839940,0.4982033,0.26280612,0.23899055
4036862906,0.5413577,0.22299983,0.23564246
4036996259,0.4939403,0.28304425,0.22301547
4037165975,0.1236443,0.7189824,0.15737325
4037248871,0.64715445,0.1605133,0.19233231
4037310255,0.31987014,0.37191916,0.30821082
4037326245,0.09702845,0.7731129,0.12985863
4037337112,0.2306861,0.5318237,0.23749028
4037348203,0.36144358,0.31838638,0.32017007
4037351516,0.3025122,0.3622377,0.33525008
4037367727,0.16815718,0.6113974,0.22044544
4037414914,0.59806764,0.20179686,0.20013548
4037472079,0.14207049,0.17300355,0.68492603
4037510503,0.35864523,0.38698104,0.25437373
4037512865,0.8021252,0.077343345,0.1205314
4037514923,0.09783488,0.78870684,0.1134583
4037720854,0.27770334,0.31949836,0.40279838
4037771306,0.3782518,0.28686586,0.33488238
4037796431,0.32781,0.38491437,0.28727573
4037821596,0.17395432,0.62555104,0.20049462
4037838768,0.16183476,0.17800835,0.66015685
4037854465,0.36925215,0.29586643,0.33488145
4037896784,0.3510133,0.35820198,0.29078475
4037956605,0.15573981,0.14130346,0.7029567
4038071414,0.34014028,0.31719136,0.34266835
4038129922,0.52389723,0.22761245,0.24849029
4038205525,0.525206,0.23627129,0.2385227
4038232582,0.4832893,0.17390351,0.34280714
4038403069,0.14574777,0.68156755,0.17268468
4038542157,0.28551322,0.48090497,0.23358177
4038698837,0.21466202,0.23575644,0.54958147
4038814053,0.1882591,0.18590882,0.625832
4038996585,0.774742,0.09670476,0.12855327
4039023591,0.31715295,0.22195844,0.46088856
4039037544,0.3518981,0.36484995,0.283252
4039097308,0.3065997,0.37434343,0.31905687
4039157492,0.24068661,0.5157399,0.24357347
4039352019,0.28929904,0.35437334,0.3563276
4039389316,0.3203619,0.2869481,0.39268997
4039433387,0.33110565,0.28750038,0.38139394
4039589152,0.40080392,0.31969208,0.27950403
4039606892,0.14679801,0.17027955,0.6829225
4039622179,0.22336082,0.494309,0.28233007
4039764984,0.17051739,0.5541264,0.27535626
4039797566,0.2504498,0.5055747,0.24397545
4039889294,0.37603164,0.29312694,0.3308414
4039932605,0.30416623,0.35937,0.33646378
4039958432,0.3597372,0.3557427,0.28452012
4040011663,0.34553313,0.23828474,0.4161821
4040034207,0.3021516,0.31652194,0.38132647
4040098191,0.43765792,0.31097654,0.25136554
4040142607,0.6960126,0.15438537,0.14960198
4040232529,0.2852326,0.30410522,0.41066217
4040237800,0.44089893,0.29877087,0.2603302
4040265181,0.5229841,0.24364142,0.23337454
4040265713,0.34880072,0.3208171,0.33038214
4040442048,0.2958025,0.45299903,0.25119844
4040574899,0.23941866,0.23955663,0.5210247
4040576313,0.40129602,0.35543284,0.24327111
4040627823,0.21945773,0.35007587,0.43046635
4040697626,0.3687415,0.33598962,0.29526886
4040852986,0.21444537,0.4010677,0.38448688
4040887697,0.44340223,0.3225255,0.23407224
4040895591,0.41134676,0.2850354,0.30361778
4041124492,0.36676776,0.33668792,0.2965443
4041140657,0.27179432,0.24824916,0.4799565
4041145397,0.17377995,0.20462495,0.62159514
4041154848,0.28029987,0.38055426,0.33914587
4041185419,0.37308663,0.30863893,0.31827444
4041236291,0.21918826,0.21463598,0.5661758
4041315135,0.13713406,0.20447253,0.6583934
4041395609,0.4127504,0.23998721,0.34726238
4041396983,0.19297256,0.62238413,0.18464328
4041430665,0.21924973,0.5428845,0.23786578
4041523237,0.34451038,0.38928893,0.26620063
4041561419,0.27003664,0.15171044,0.57825285
4041767324,0.3860221,0.31171343,0.30226448
4041802842,0.48207292,0.25623918,0.26168784
4041814344,0.2750065,0.36513236,0.35986117
4041819482,0.35322085,0.32523784,0.3215413
4041828630,0.14591178,0.705346,0.14874218
4041977436,0.1526343,0.15539274,0.6919729
4041986216,0.4145386,0.26196685,0.32349458
4042048905,0.27041495,0.4957503,0.23383473
4042303215,0.5667454,0.24116728,0.19208737
4042362085,0.35156092,0.35918927,0.28924993
4042415580,0.4573874,0.28000668,0.26260594
4042492519,0.34364605,0.31934726,0.33700672
4042569872,0.15118079,0.6934412,0.15537801
4042573683,0.3205894,0.30457094,0.3748397
4042591504,0.4922123,0.23416518,0.27362248
4042687081,0.27476746,0.3282277,0.39700487
4042796973,0.20832308,0.554119,0.2375579
4042871858,0.46418723,0.2734651,0.26234758
4042976296,0.33666173,0.3659627,0.2973756
4043057480,0.39685658,0.30052197,0.30262148
4043308662,0.3079119,0.3921655,0.29992253
4043341650,0.4022554,0.28737748,0.3103671
4043432553,0.23281518,0.46245438,0.30473053
4043530256,0.34001812,0.29621994,0.363762
4043553788,0.18167864,0.505885,0.3124364
4043563905,0.17865324,0.6127199,0.20862687
4043641914,0.5110339,0.16883212,0.32013395
4043725627,0.28030497,0.4224163,0.29727885
4043756146,0.08914006,0.79366684,0.11719312
4043811582,0.426782,0.314431,0.258787
4043814928,0.33857995,0.35648802,0.30493203
4043855521,0.3516545,0.28553587,0.3628096
4043893939,0.24141125,0.3293608,0.42922795
4043914898,0.58142394,0.20611054,0.21246557
4043916584,0.3868501,0.27479735,0.33835256
4043963436,0.3557544,0.33708316,0.30716243
4043979272,0.22598137,0.442095,0.33192348
4044100027,0.7524791,0.10881275,0.13870826
4044304990,0.06978443,0.83962744,0.090588085
4044358946,0.07449488,0.8195273,0.105977766
4044366093,0.40285176,0.27718014,0.3199681
4044402455,0.2346443,0.39125097,0.3741047
4044415496,0.7693923,0.09188843,0.1387193
4044433720,0.36766407,0.34635627,0.28597966
4044446007,0.37117025,0.36301666,0.2658131
4044500451,0.3027932,0.3166927,0.3805141
4044549037,0.11045585,0.7272301,0.16231413
4044607359,0.6924191,0.16438213,0.14319867
4044771762,0.27931803,0.413936,0.30674607
4044795105,0.37159234,0.27419317,0.35421443
4044854606,0.68168086,0.13108389,0.1872352
4044965592,0.28293815,0.23435229,0.48270956
4045059583,0.38898918,0.35605785,0.25495297
4045120520,0.11957631,0.1257771,0.75464654
4045170499,0.6415543,0.15551224,0.20293342
4045179456,0.33942878,0.37038037,0.29019088
4045200368,0.2390292,0.4526218,0.3083491
4045247242,0.41157588,0.29951355,0.2889105
4045273718,0.16121034,0.64337456,0.19541511
4045282563,0.7760789,0.08118552,0.14273563
4045386444,0.32991317,0.32018057,0.3499062
4045543655,0.30496728,0.38801202,0.30702072
4045548167,0.65970594,0.15748608,0.18280801
4045609987,0.20116545,0.6042263,0.1946083
4045668856,0.10545246,0.10707395,0.78747356
4045880660,0.31337798,0.3451757,0.3414463
4046037320,0.29711202,0.4081223,0.29476568
4046213780,0.33130205,0.33867672,0.33002123
4046303274,0.4268042,0.32418972,0.24900608
4046343687,0.6940417,0.11840181,0.18755646
4046356889,0.2857636,0.33585027,0.37838617
4046380392,0.334792,0.391729,0.27347898
4046405804,0.17842612,0.14963357,0.67194027
4046460269,0.17558452,0.64620507,0.17821041
4046522289,0.49663728,0.26339015,0.23997259
4046527902,0.6132763,0.18123548,0.20548819
4046788336,0.29297224,0.40539387,0.30163383
4046891963,0.6798947,0.10159287,0.21851239
4046915852,0.8122392,0.074824944,0.11293578
4046946008,0.48618168,0.30205414,0.2117642
4047203188,0.37814376,0.168052,0.45380425
4047310096,0.4377642,0.2052128,0.35702306
4047381155,0.4176614,0.25880373,0.32353488
4047417165,0.38988772,0.36441067,0.24570161
4047558886,0.42307886,0.31546852,0.26145267
4047574803,0.4965957,0.29048297,0.21292129
4047655767,0.52594894,0.26592624,0.20812489
4047726749,0.28887284,0.42089427,0.29023296
4047759157,0.2976266,0.4618988,0.24047458
4047792589,0.61782354,0.19975331,0.18242311
4047907447,0.4186968,0.32455274,0.25675043
4047933439,0.20307942,0.20829126,0.58862936
4047985431,0.3201288,0.4050945,0.2747767
4048018319,0.3610876,0.35130236,0.28761002
4048193911,0.34379873,0.36752582,0.28867552
4048233779,0.19032873,0.5587242,0.25094703
4048240841,0.23339093,0.37497446,0.39163455
4048461804,0.13883993,0.68526757,0.1758925
4048515968,0.34230414,0.36363012,0.2940658
4048519243,0.38996205,0.35038406,0.25965387
4048538949,0.30378956,0.3419594,0.35425106
4048607986,0.53401196,0.2253276,0.24066043
4048682603,0.14838524,0.32007933,0.53153545
4048739775,0.42237338,0.28173956,0.29588705
4048768709,0.2750427,0.29770365,0.42725357
4048769350,0.6177685,0.14686558,0.23536591
4048845646,0.38103825,0.2271817,0.39178005
4048981921,0.30750874,0.365565,0.32692623
4048986281,0.25432372,0.40192878,0.34374753
4049161728,0.531971,0.2563007,0.21172832
4049178333,0.2186628,0.28001168,0.5013256
4049361187,0.5289921,0.24702592,0.22398196
4049731998,0.2949049,0.312209,0.39288607
4049828196,0.28314495,0.32475954,0.3920955
4050059646,0.7221583,0.11803313,0.15980853
4050061319,0.4276536,0.2678649,0.30448145
4050068177,0.20415238,0.53766936,0.25817826
4050137843,0.18149042,0.2084037,0.6101059
4050178287,0.49371722,0.28586072,0.22042212
4050184875,0.6678072,0.15713176,0.17506106
4050344002,0.63312024,0.18691969,0.1799601
4050433326,0.36073866,0.31812787,0.3211335
4050469206,0.5214461,0.25048888,0.22806507
4050474617,0.39599586,0.33365047,0.27035376
4050512472,0.23242258,0.3765953,0.39098215
4050521717,0.3755,0.32018128,0.30431882
4050666589,0.3289745,0.39344227,0.27758327
4050835277,0.3860479,0.34720257,0.26674953
4050835697,0.4410964,0.304102,0.25480163
4051013480,0.2905733,0.29930535,0.4101213
4051143214,0.38381413,0.29618353,0.32000226
4051224269,0.27195066,0.35029092,0.37775835
4051272853,0.71873987,0.117717154,0.16354296
4051273578,0.3033749,0.28979772,0.40682742
4051295897,0.3567699,0.34872925,0.29450083
4051336090,0.51592565,0.21365967,0.27041474
4051351230,0.5107776,0.21108115,0.2781413
4051387333,0.26400238,0.505318,0.23067962
4051474676,0.46499828,0.24047843,0.2945232
4051511627,0.3718382,0.401768,0.22639379
4051591662,0.64079446,0.13767892,0.2215266
4051687690,0.59791094,0.20821728,0.19387174
4051756036,0.1592338,0.5708093,0.26995686
4051770283,0.239964,0.24810569,0.5119304
4051863306,0.33184874,0.28189433,0.38625696
4051914203,0.43473405,0.31653735,0.24872862
4051974491,0.08810467,0.79162264,0.12027274
4052060304,0.235358,0.48746455,0.27717733
4052129507,0.45306328,0.3074667,0.23947003
4052351480,0.26139396,0.36332333,0.3752827
4052401770,0.3666658,0.32738236,0.30595183
4052479220,0.15260763,0.1579828,0.6894095
4052483883,0.24492654,0.41941458,0.3356589
4052496374,0.35733783,0.2690841,0.37357804
4052505155,0.2779522,0.22916678,0.492881
4052506220,0.30354813,0.35875845,0.33769336
4052512507,0.44327065,0.17679739,0.3799319
4052570912,0.46837178,0.24574701,0.2858812
4052820478,0.3119682,0.33027783,0.35775396
4052995312,0.3282812,0.32222903,0.34948978
4053039316,0.36229992,0.3601125,0.27758762
4053137844,0.23082234,0.24092917,0.5282485
4053174311,0.40999818,0.32387912,0.2661227
4053213331,0.32175043,0.34455255,0.33369702
4053234109,0.49411342,0.26887366,0.23701288
4053274200,0.412162,0.33068976,0.2571483
4053344098,0.40362382,0.31970528,0.27667093
4053421986,0.35804978,0.37739804,0.2645522
4053465269,0.58580464,0.2071868,0.20700857
4053489776,0.32239273,0.3835777,0.29402962
4053508717,0.50987035,0.26050818,0.22962148
4053620078,0.30462316,0.37852153,0.31685537
4053718229,0.4306682,0.23975343,0.32957837
4053754921,0.17409328,0.57512236,0.25078437
4053765656,0.2789214,0.37143755,0.34964103
4053788084,0.11202153,0.10074761,0.7872308
4053798785,0.4614274,0.28850573,0.25006688
4053803884,0.5926658,0.17797808,0.22935611
4053827366,0.43294933,0.30195943,0.26509127
4054067019,0.3801294,0.35058713,0.26928347
4054127885,0.06780161,0.06638215,0.8658162
4054186639,0.30281356,0.39187413,0.3053123
4054528390,0.23953262,0.4528804,0.30758694
4054598029,0.26272398,0.2663231,0.47095287
4054987426,0.10767359,0.08438307,0.8079434
4055019143,0.45426065,0.26278758,0.28295177
4055024634,0.18756598,0.33496648,0.47746754
4055034459,0.23551509,0.22136788,0.54311705
4055046483,0.25542143,0.39773485,0.3468438
4055091140,0.45743477,0.3236255,0.21893977
4055094999,0.5827783,0.20466878,0.21255304
4055103591,0.30639586,0.34626,0.34734407
4055153883,0.3297782,0.33751097,0.3327108
4055368131,0.33928952,0.28718495,0.37352553
4055439633,0.415494,0.30474705,0.27975893
4055451894,0.08009801,0.80629194,0.11361001
4055792717,0.36075768,0.33795226,0.30129007
4055929525,0.26378113,0.35711163,0.37910724
4055948609,0.34687135,0.37733242,0.2757963
4055993547,0.4031535,0.27878898,0.31805748
4056209120,0.09738421,0.7915049,0.111110866
4056233941,0.31409988,0.34638017,0.33951995
4056235366,0.25349715,0.22804417,0.5184587
4056818558,0.34640113,0.32823795,0.32536098
4056822588,0.3828064,0.29988933,0.31730422
4056837920,0.33930412,0.29284415,0.3678517
4057036105,0.115510195,0.10745191,0.777038
4057101709,0.44638452,0.25033003,0.3032854
4057168440,0.35778317,0.3486797,0.29353714
4057316162,0.42951512,0.2687511,0.30173376
4057323709,0.4135189,0.3202926,0.26618853
4057381636,0.1958266,0.58832103,0.21585244
4057409591,0.25680986,0.22910711,0.514083
4057409656,0.37507838,0.36769864,0.25722298
4057421976,0.2856739,0.37058023,0.34374586
4057457413,0.69817007,0.1190754,0.18275456
4057464953,0.5526034,0.2128157,0.2345809
4057537896,0.23977327,0.46878922,0.29143748
4057549293,0.2526528,0.41039392,0.33695322
4057605417,0.5646679,0.20896384,0.2263682
4057607946,0.63302445,0.13141558,0.23555993
4057675455,0.31478766,0.33100012,0.3542123
4057799304,0.48984435,0.25429484,0.25586078
4057834944,0.13802427,0.66673136,0.19524434
4057872650,0.74300724,0.09592795,0.16106477
4058056382,0.19693121,0.56248707,0.24058166
4058180980,0.38417268,0.33436248,0.28146484
4058351985,0.35736412,0.33392748,0.30870834
4058368941,0.13182974,0.7224846,0.14568566
4058502059,0.33300638,0.40214312,0.26485053
4058593594,0.36890256,0.3622164,0.26888102
4058634282,0.23607494,0.26796913,0.49595588
4058763114,0.10875944,0.761551,0.12968948
4059060632,0.62102073,0.19721478,0.18176447
4059079489,0.501386,0.27212995,0.22648406
4059085234,0.3058628,0.3749846,0.31915256
4059098498,0.08596838,0.7980323,0.11599934
4059145203,0.5385933,0.25664434,0.20476232
4059162348,0.7316048,0.08554138,0.18285377
4059291501,0.23639391,0.48622468,0.2773814
4059350452,0.6044088,0.17952406,0.21606712
4059421911,0.46178094,0.2999812,0.23823789
4059485874,0.11825489,0.746561,0.13518406
4059528552,0.31580278,0.41407442,0.2701228
4059672628,0.27108568,0.38491133,0.34400296
4059688838,0.32456443,0.22492358,0.45051202
4059719747,0.42676738,0.3362428,0.23698983
4059781493,0.2865556,0.34725288,0.36619154
4060086226,0.45314586,0.29149768,0.25535646
4060273501,0.280416,0.47160962,0.24797434
4060365805,0.38566905,0.37440968,0.23992132
4060437195,0.3606182,0.34782943,0.29155236
4060584450,0.38383687,0.3711317,0.24503142
4060612801,0.3827349,0.37596342,0.24130172
4060843990,0.4007467,0.33060116,0.2686522
4060869737,0.49684948,0.23039669,0.27275378
4060881132,0.3664054,0.33596832,0.29762632
4060895689,0.23625468,0.48270336,0.28104204
4061057284,0.5727779,0.21655436,0.21066767
4061113429,0.33563122,0.37381274,0.2905561
4061186081,0.10599923,0.7588771,0.13512357
4061196990,0.3111857,0.3819638,0.3068505
4061197664,0.4495416,0.28978494,0.2606734
4061215531,0.18687512,0.16457981,0.6485451
4061215878,0.33839694,0.28199846,0.37960452
4061250274,0.38514385,0.30328053,0.31157565
4061254967,0.1901311,0.36594468,0.44392428
4061306673,0.5128238,0.27305025,0.21412593
4061397569,0.7454904,0.11173869,0.14277096
4061494428,0.0724432,0.82302547,0.104531325
4061544551,0.32983094,0.3819288,0.28824028
4061569249,0.230467,0.21970716,0.54982585
4061822979,0.2982604,0.26535457,0.4363851
4061955800,0.28321669,0.48101214,0.2357712
4061971615,0.38818336,0.29854444,0.3132722
4062081712,0.29733694,0.34514686,0.35751623
4062094580,0.32509938,0.36530516,0.30959547
4062341948,0.35563925,0.35033745,0.29402336
4062605905,0.34770346,0.35404402,0.2982525
4062610043,0.3420284,0.3423106,0.315661
4062867867,0.11776662,0.6674673,0.21476607
4062915826,0.17387058,0.602856,0.22327341
4063042700,0.31804383,0.35650426,0.32545197
4063049298,0.12788542,0.12834457,0.74377
4063054660,0.6122332,0.1913254,0.19644134
4063173127,0.25095665,0.31649184,0.4325516
4063211447,0.1849371,0.17677924,0.6382836
4063391506,0.12092099,0.7244071,0.15467195
4063440163,0.28248066,0.47174206,0.2457772
4063536986,0.37537345,0.3950205,0.22960608
4063566496,0.13799652,0.13252689,0.72947663
4063596813,0.16686495,0.621791,0.21134406
4063666428,0.41306987,0.33705786,0.2498722
4063927795,0.21020423,0.54375464,0.24604116
4063955308,0.24801451,0.21827365,0.53371185
4064022794,0.26516217,0.263026,0.4718118
4064066664,0.424263,0.31788012,0.25785688
4064153250,0.7110931,0.13406374,0.15484308
4064229124,0.3460358,0.3515966,0.30236766
4064290570,0.26144552,0.2442923,0.49426207
4064308844,0.09211471,0.78020144,0.12768382
4064333383,0.35975966,0.29871458,0.3415258
4064381909,0.2466162,0.48511806,0.26826578
4064452739,0.2822694,0.39670208,0.3210286
4064505549,0.31647703,0.41115078,0.27237222
4064542548,0.18687235,0.28072664,0.5324009
4064600277,0.20092028,0.5706845,0.22839522
4064626202,0.5389865,0.25548732,0.20552614
4064809354,0.12095235,0.73452544,0.14452219
4064861548,0.15293273,0.14597447,0.70109284
4064909021,0.48123989,0.26508245,0.25367758
4065118456,0.57278746,0.21617484,0.21103759
4065135259,0.2242923,0.52955586,0.24615185
4065177322,0.3423759,0.3199007,0.33772346
4065387649,0.21524829,0.25194734,0.53280437
4065691466,0.37341467,0.31848484,0.3081005
4065726967,0.12041049,0.117338836,0.76225066
4065825171,0.42712706,0.2921156,0.2807574
4065907330,0.47897816,0.19150999,0.32951185
4065933547,0.24814227,0.21393487,0.5379229
4065969167,0.18463705,0.16071232,0.65465057
4066025469,0.29906613,0.32081434,0.3801195
4066102115,0.28819582,0.4346556,0.27714854
4066251065,0.26259935,0.39812014,0.33928043
4066273229,0.26874945,0.3996125,0.33163798
4066310512,0.21985625,0.2902402,0.4899035
4066544432,0.39374134,0.25752655,0.3487321
4066623788,0.5106632,0.27553818,0.21379858
4066664576,0.29656965,0.40465295,0.29877734
4066676192,0.25678158,0.43248242,0.31073603
4066711865,0.11957631,0.1257771,0.75464654
4066714085,0.14363973,0.2200785,0.6362817
4066917963,0.48558438,0.23836198,0.27605373
4066925330,0.5937932,0.1963912,0.20981556
4066946516,0.43201834,0.2478466,0.32013503
4066966573,0.36865324,0.30613762,0.32520914
4066970778,0.39668825,0.2865774,0.31673437
4067277995,0.19123717,0.16765271,0.64111006
4067435535,0.44395706,0.32228422,0.23375869
4067497396,0.31171617,0.35268232,0.33560154
4067564939,0.21602812,0.47598374,0.30798802
4067822142,0.35209113,0.31517372,0.3327351
4067923097,0.2984184,0.3775546,0.3240269
4067924463,0.47081226,0.27010354,0.25908425
4067924655,0.28485227,0.2647035,0.4504442
4067948264,0.38910276,0.35384142,0.2570558
4067951191,0.1705641,0.60122114,0.22821482
4067980952,0.29166862,0.380752,0.32757938
4068011808,0.48003063,0.20778453,0.31218484
4068048209,0.41659233,0.29961628,0.28379142
4068113258,0.18737431,0.1843859,0.62823975
4068133411,0.54145396,0.2264397,0.23210636
4068191778,0.1316181,0.73757315,0.1308088
4068237004,0.1710523,0.60649884,0.22244883
4068318584,0.08680621,0.09087109,0.8223227
4068382780,0.154393,0.6446029,0.20100413
4068405144,0.370871,0.23434864,0.3947804
4068453355,0.112977356,0.13683033,0.75019234
4068462598,0.37587377,0.3187023,0.30542392
4068467107,0.21082042,0.20638597,0.5827936
4068538780,0.44124395,0.28543532,0.27332073
4068615668,0.09374711,0.7846277,0.12162519
4068621652,0.106614165,0.743898,0.14948784
4068626656,0.23628882,0.18645598,0.57725525
4068649282,0.2800346,0.33323252,0.38673288
4068697946,0.5204793,0.23150906,0.2480116
4068819961,0.30194825,0.377512,0.32053974
4069118411,0.34852278,0.33094367,0.32053357
4069154160,0.48913765,0.2408012,0.2700611
4069259515,0.16395587,0.6525267,0.18351747
4069451437,0.1343909,0.11650856,0.7491005
4069464511,0.13040367,0.7205162,0.14908008
4069512933,0.38631138,0.3172146,0.296474
4069681727,0.29513714,0.3970735,0.30778936
4069693724,0.24935983,0.44721162,0.30342862
4069772273,0.1605675,0.6612413,0.17819121
4069775959,0.3218815,0.31917223,0.3589463
4069810402,0.3592514,0.3569293,0.28381932
4069846970,0.3196059,0.36365673,0.31673738
4070030042,0.41035366,0.30954668,0.2800997
4070087005,0.17732462,0.58532935,0.23734607
4070127844,0.24897061,0.49983996,0.25118938
4070148345,0.23915257,0.2327608,0.52808666
4070292061,0.35503396,0.3552086,0.2897575
4070317979,0.3403278,0.33860934,0.3210629
4070378210,0.3912544,0.28336602,0.32537955
4070381359,0.65486866,0.16338108,0.18175025
4070389371,0.57585007,0.20753737,0.21661255
4070397160,0.39368403,0.25611877,0.35019723
4070397178,0.40382907,0.28155255,0.31461835
4070575319,0.3177603,0.2492171,0.4330226
4070638075,0.27454388,0.33149967,0.3939564
4070660949,0.38239226,0.34313795,0.27446985
4070854847,0.44480294,0.28451908,0.27067798
4070915413,0.43387574,0.28303796,0.28308633
4070986027,0.41444448,0.31532767,0.27022782
4071104243,0.29717645,0.38978416,0.3130394
4071119475,0.22141309,0.2978747,0.48071226
4071131918,0.4101576,0.3385227,0.25131968
4071205860,0.43764374,0.23720838,0.32514787
4071302322,0.3061393,0.30682424,0.3870365
4071324754,0.17549227,0.15446508,0.67004263
4071354424,0.2595164,0.45481196,0.28567165
4071399303,0.20864014,0.5484347,0.24292526
4071412508,0.55299926,0.23192036,0.21508035
4071414373,0.40662336,0.29497948,0.29839718
4071463415,0.29496732,0.42424867,0.28078395
4071485143,0.2922885,0.27261424,0.43509722
4071564983,0.46377176,0.3127184,0.22350986
4071848956,0.26123217,0.31368482,0.42508304
4071858930,0.4061282,0.27660844,0.31726336
4071963515,0.5153711,0.21560842,0.2690204
4072063393,0.43457463,0.27993456,0.2854908
4072067885,0.21685377,0.1954349,0.58771133
4072120154,0.43154687,0.2940788,0.27437434
4072215550,0.2429441,0.3957324,0.3613235
4072278251,0.32564205,0.26938814,0.40496978
4072383551,0.6606145,0.10731418,0.23207137
4072399741,0.16323835,0.652859,0.18390268
4072429268,0.5319938,0.24811073,0.21989545
4072436549,0.2300493,0.3092972,0.46065354
4072472007,0.12502049,0.16107419,0.7139054
4072472324,0.19411014,0.1857623,0.6201276
4072554069,0.551197,0.24701902,0.20178401
4073067681,0.40743348,0.26964122,0.32292527
4073106694,0.44455233,0.29139644,0.26405123
4073120635,0.31109396,0.416182,0.272724
4073150371,0.17760852,0.18012364,0.64226776
4073271189,0.71355516,0.12479795,0.16164687
4073321243,0.30837733,0.4384539,0.25316882
4073529170,0.16067515,0.6681609,0.17116396
4073612080,0.29220372,0.29685515,0.41094118
4073878241,0.23764943,0.56365573,0.19869483
4073900039,0.21671577,0.3427743,0.44050995
4074013397,0.32367805,0.36919245,0.30712947
4074145000,0.20996445,0.57518184,0.21485381
4074153625,0.6402343,0.17274724,0.18701854
4074258871,0.29367438,0.37339044,0.33293518
4074418385,0.40976623,0.31322193,0.2770118
4074558345,0.3653401,0.34300414,0.29165578
4074564166,0.1961718,0.5801514,0.2236768
4074601120,0.36527327,0.37085578,0.26387087
4074652656,0.39406624,0.32018033,0.28575337
4074714225,0.2657059,0.4626099,0.27168417
4074834643,0.34027767,0.31042954,0.3492927
4074946800,0.19112545,0.17294103,0.63593346
4074949495,0.35943913,0.29559347,0.3449674
4075061105,0.28660247,0.4411922,0.2722053
4075075044,0.3733365,0.337057,0.2896065
4075143499,0.4021753,0.32183236,0.2759923
4075232777,0.2229172,0.2666356,0.51044714
4075360414,0.36103648,0.32931474,0.3096488
4075426844,0.5380643,0.20042206,0.26151356
4075431898,0.24263231,0.440476,0.31689164
4075466007,0.2675317,0.4308771,0.30159134
4075592658,0.28249723,0.41354096,0.3039618
4075625241,0.25109795,0.3900793,0.35882282
4075637719,0.2788876,0.38781664,0.3332958
4075780465,0.36960688,0.3266548,0.3037383
4075783992,0.29992467,0.34680596,0.35326943
4075842465,0.2305955,0.32867104,0.44073346
4075912059,0.10884422,0.73111564,0.16004016
4075973488,0.2096484,0.3948405,0.3955111
4076008993,0.09490313,0.77902645,0.12607044
4076009104,0.40621486,0.3155114,0.27827376
4076174668,0.23435995,0.4739872,0.29165286
4076187205,0.28530324,0.4006621,0.3140347
4076196775,0.20473118,0.4993604,0.29590842
4076256883,0.37246528,0.26598793,0.3615467
4076376295,0.103478126,0.088603064,0.8079188
4076376538,0.1219433,0.72924787,0.14880888
4076386318,0.35705295,0.3198278,0.32311925
4076577978,0.32229242,0.35282725,0.3248804
4076601828,0.3547988,0.29417437,0.35102683
4076618505,0.45240274,0.27147913,0.2761181
4076774888,0.45269987,0.24388574,0.30341437
4076800112,0.15407294,0.6714516,0.17447546
4076800711,0.38244247,0.2806974,0.3368601
4077013702,0.2450516,0.29724482,0.45770362
4077065687,0.26154217,0.25471693,0.48374084
4077100781,0.41673023,0.2847244,0.29854533
4077124495,0.26482323,0.2602929,0.47488388
4077131721,0.5144799,0.22855483,0.25696525
4077185203,0.26614237,0.33078656,0.40307108
4077413874,0.32995895,0.34816077,0.3218803
4077499245,0.40054032,0.34232682,0.2571329
4077499967,0.526476,0.24839823,0.22512576
4077678318,0.29063198,0.3116958,0.3976722
4077714913,0.41924125,0.29280922,0.28794962
4077730080,0.3508339,0.3654345,0.2837316
4077739421,0.63087845,0.13725887,0.23186265
4077762699,0.46541396,0.20799258,0.3265935
4077821307,0.25543344,0.48034573,0.26422086
4077898943,0.17184049,0.61467844,0.21348111
4077920554,0.40309978,0.30471045,0.29218972
4077921339,0.45955527,0.29221392,0.24823077
4077941669,0.16922449,0.62004983,0.21072564
4077971495,0.41468406,0.27864268,0.30667326
4078009998,0.68608624,0.13848205,0.17543173
4078309963,0.56136775,0.22408345,0.21454878
4078350528,0.60494864,0.19936782,0.1956835
4078358760,0.41113833,0.36006936,0.22879227
4078370911,0.35439226,0.3497153,0.29589245
4078380089,0.21921785,0.5010739,0.27970824
4078492268,0.5802501,0.22859472,0.1911552
4078503906,0.48757318,0.26818436,0.24424241
4078525141,0.29502752,0.2693137,0.43565878
4078726534,0.3090086,0.27600977,0.41498163
4078793729,0.37746444,0.3351274,0.2874081
4078852249,0.4824334,0.29496917,0.2225975
4078984638,0.46232018,0.24986686,0.28781298
4079034566,0.44461876,0.3161206,0.23926067
4079039865,0.1793738,0.16364469,0.6569815
4079124970,0.3460893,0.26732382,0.3865869
4079125667,0.53577435,0.22531922,0.23890646
4079157109,0.44796792,0.32957184,0.22246026
4079188326,0.32012793,0.32489946,0.35497263
4079331824,0.20316687,0.5796292,0.2172039
4079570273,0.20770673,0.54770815,0.24458508
4079584112,0.2702183,0.4195358,0.31024587
4079697941,0.2172516,0.2818395,0.500909
4079746714,0.5797847,0.21780765,0.20240769
4079795737,0.273834,0.4331457,0.29302034
4079806567,0.2372723,0.4289663,0.33376142
4079965318,0.0798494,0.8164238,0.10372684
4079996357,0.2310594,0.48521373,0.28372684
4080278135,0.34806186,0.27815568,0.3737825
4080374441,0.5318709,0.23018901,0.23794013
4080538406,0.30510658,0.29956678,0.39532667
4080556155,0.61065507,0.18060742,0.20873743
4080562510,0.13876458,0.13027366,0.73096174
4080672836,0.33491677,0.35809943,0.30698377
4080725843,0.23023447,0.26770505,0.50206053
4080772194,0.2918401,0.4200902,0.28806973
4080966544,0.39273947,0.3466539,0.26060665
4081002165,0.27222297,0.16607285,0.56170416
4081003227,0.1558827,0.13672966,0.7073876
4081010539,0.3424004,0.33233765,0.32526192
4081014185,0.15930203,0.68021363,0.16048436
4081195569,0.3315704,0.3927587,0.27567086
4081196767,0.26839906,0.2418922,0.4897088
4081376472,0.26587903,0.43198198,0.30213898
4081516440,0.2567061,0.29257813,0.4507158
4081623959,0.7641789,0.10649449,0.12932663
4081740913,0.29109964,0.29073948,0.41816095
4081786027,0.39224786,0.34495512,0.262797
4081834430,0.38304433,0.2642674,0.35268822
4081980820,0.2494203,0.5247652,0.22581446
4082059339,0.23944731,0.22259542,0.5379573
4082093551,0.3951028,0.3275629,0.2773343
4082162907,0.33126795,0.35444248,0.31428954
4082226582,0.19691475,0.18889165,0.6141936
4082445992,0.31271547,0.3636129,0.3236717
4082472423,0.33822504,0.2902866,0.37148833
4082533476,0.5023902,0.27512753,0.22248232
4082552010,0.5934285,0.20052247,0.20604901
4082559011,0.3103399,0.30682814,0.38283193
4082560358,0.188511,0.2623638,0.5491252
4082687341,0.2646762,0.29517353,0.4401502
4082725784,0.38363686,0.30824515,0.30811805
4082726233,0.349471,0.33189312,0.31863588
4082822557,0.5667683,0.22725458,0.20597707
4082972737,0.26341137,0.38947025,0.34711844
4083088339,0.40930924,0.30919456,0.28149614
4083114455,0.33894333,0.38983655,0.27122015
4083114958,0.22957854,0.39187583,0.3785456
4083166084,0.28771332,0.2633505,0.4489362
4083182360,0.37260738,0.31909823,0.30829442
4083202175,0.23839366,0.22615567,0.5354506
4083236962,0.3711588,0.2608947,0.3679465
4083355146,0.2636433,0.47543314,0.2609236
4083368950,0.2894763,0.4400237,0.27049997
4083374067,0.35594755,0.36751017,0.2765422
4083508337,0.51630455,0.2335804,0.25011507
4083568916,0.30210316,0.25965413,0.43824276
4083764040,0.33903888,0.38631815,0.27464297
4083782894,0.65169966,0.16439101,0.18390921
4083823658,0.4618237,0.2499983,0.28817806
4083891437,0.49035862,0.28769642,0.22194493
4083942348,0.10753275,0.7513336,0.1411337
4084068108,0.40957233,0.306618,0.28380975
4084232581,0.40202624,0.34541535,0.2525584
4084265915,0.3876692,0.3461688,0.266162
4084335541,0.17771758,0.6133289,0.20895354
4084385399,0.20438902,0.568851,0.22676
4084397960,0.4687787,0.26786336,0.26335797
4084487286,0.37614962,0.360861,0.2629894
4084628546,0.28533033,0.36037078,0.35429886
4084863508,0.45769447,0.26268625,0.27961928
4084937968,0.41538382,0.27237415,0.312242
4084942674,0.29191658,0.44648603,0.2615974
4084981409,0.5485983,0.18665598,0.26474574
4084989836,0.21495225,0.4568643,0.3281834
4085125900,0.44804144,0.2821733,0.2697853
4085272835,0.3223784,0.38182735,0.29579425
4085480576,0.35980022,0.29357716,0.34662265
4085672815,0.19087735,0.5741765,0.23494625
4085769270,0.1713849,0.6211875,0.2074276
4085773173,0.26188913,0.46565565,0.27245525
4085797943,0.6480398,0.18022971,0.17173046
4085952889,0.4409158,0.24566036,0.31342387
4085995498,0.44290462,0.29016918,0.26692623
4086036816,0.248982,0.35819665,0.39282134
4086099926,0.30649143,0.36949125,0.32401735
4086108665,0.25757578,0.48105553,0.26136863
4086183252,0.5774882,0.21365781,0.20885396
4086234554,0.25226918,0.4864195,0.26131135
4086236987,0.24919108,0.25677535,0.49403352
4086373713,0.3333838,0.26339522,0.40322095
4086401818,0.46966523,0.3010926,0.22924215
4086753916,0.40239602,0.31243068,0.2851733
4086880504,0.51694137,0.24481434,0.2382443
4086889425,0.34528518,0.31936413,0.33535072
4086955482,0.40451005,0.32394773,0.27154213
4087065530,0.22289117,0.5318755,0.24523342
4087098854,0.3927543,0.33597687,0.27126887
4087104834,0.10096339,0.78263503,0.1164016
4087357623,0.36442447,0.31960893,0.31596655
4087397394,0.6037528,0.19727993,0.1989673
4087636840,0.086423,0.08278956,0.8307875
4087693311,0.34413317,0.33225173,0.32361507
4087834693,0.1470151,0.13399369,0.7189912
4087875964,0.28733626,0.3455944,0.36706936
4087926491,0.37009656,0.31214252,0.31776088
4087986740,0.46985516,0.17323595,0.3569089
4088043430,0.31016436,0.3733267,0.316509
4088072943,0.094868496,0.7968807,0.10825077
4088157285,0.3904861,0.2969321,0.3125818
4088281180,0.2010296,0.5491552,0.24981523
4088288439,0.31026325,0.42680964,0.2629271
4088505362,0.69337225,0.12834765,0.17828012
4088517313,0.45237803,0.29205856,0.2555634
4088659010,0.73429227,0.12210778,0.14359988
4088662247,0.51046544,0.2551246,0.23440999
4088719450,0.6248329,0.16807187,0.2070953
4088724607,0.4501107,0.31838349,0.23150577
4088780445,0.26256394,0.30455202,0.43288404
4089013414,0.21686357,0.4558701,0.32726634
4089120875,0.4211009,0.173082,0.40581712
4089251620,0.08131184,0.8091518,0.109536305
4089495568,0.1024712,0.77123237,0.12629645
4089945587,0.35275513,0.3785132,0.26873162
4090010102,0.78933233,0.09098886,0.11967878
4090062295,0.30234408,0.37189794,0.32575798
4090092668,0.36559114,0.34848052,0.28592828
4090260143,0.22115517,0.25522852,0.5236163
4090314053,0.48626003,0.1743405,0.3393995
4090440655,0.3211297,0.33469385,0.34417644
4090473547,0.48734874,0.23234926,0.280302
4090534886,0.13639557,0.5679963,0.29560804
4090566617,0.8337934,0.06497938,0.10122717
4090632724,0.62788486,0.14943962,0.22267549
4090810850,0.44423828,0.30817023,0.24759148
4090896502,0.103138335,0.092854366,0.80400723
4090933992,0.2843867,0.30549228,0.41012102
4090984037,0.13111414,0.7365676,0.13231821
4091041232,0.40233514,0.30765936,0.29000548
4091095561,0.48923934,0.24663419,0.26412645
4091096198,0.37029907,0.3948134,0.23488756
4091115902,0.41392457,0.26708722,0.31898817
4091135078,0.2014572,0.6003856,0.19815725
4091196013,0.3237172,0.34947485,0.32680798
4091197782,0.25524744,0.3491223,0.39563024
4091209556,0.54893523,0.23685423,0.2142106
4091277407,0.22316815,0.4850095,0.29182234
4091336545,0.21666883,0.54366565,0.23966552
4091694775,0.2982652,0.38115317,0.32058164
4091717985,0.24992837,0.38070813,0.36936358
4091728499,0.34760466,0.31679174,0.33560354
4091795952,0.40051022,0.28844917,0.3110407
4091880241,0.24513,0.22067513,0.5341949
4091912992,0.17278488,0.14182277,0.6853923
4091932308,0.2958862,0.36362132,0.34049246
4092025142,0.28354084,0.31925416,0.39720502
4092222587,0.15193644,0.63602453,0.21203908
4092307011,0.79920614,0.07289195,0.1279019
4092369049,0.17334035,0.63737166,0.189288
4092404815,0.594574,0.21921344,0.18621266
4092412559,0.30763623,0.3546622,0.33770156
4092504655,0.3433531,0.38012397,0.27652293
4092550162,0.5481836,0.23602065,0.21579574
4092672341,0.4139997,0.31148624,0.27451408
4092785683,0.29670763,0.31257483,0.3907175
4092788359,0.31685156,0.3249465,0.35820195
4092912288,0.31675187,0.3714513,0.31179684
4093033360,0.30691352,0.35430777,0.33877867
4093060432,0.5694399,0.22786957,0.20269054
4093103379,0.3150202,0.31515107,0.3698287
4093105365,0.38121495,0.29265425,0.3261308
4093529631,0.3016969,0.19471334,0.5035898
4093550403,0.33614454,0.38697326,0.2768822
4093660961,0.16726808,0.2594811,0.5732508
4093666973,0.13921693,0.70830166,0.15248135
4093693593,0.30925596,0.315529,0.37521505
4093721585,0.39887893,0.38628826,0.21483286
4093729393,0.28136513,0.23779932,0.48083556
4093749582,0.31244087,0.42782378,0.25973526
4093789209,0.20060913,0.56753546,0.23185547
4093808504,0.13916598,0.70255536,0.15827872
4093808630,0.54667455,0.18284406,0.27048138
4093864547,0.3273187,0.34036285,0.33231845
4093937346,0.5752309,0.22008005,0.20468904
4094043850,0.5506199,0.23131359,0.2180666
4094198877,0.10807221,0.73501796,0.15690982
4094228206,0.4775097,0.2805034,0.24198683
4094258397,0.5548448,0.1445367,0.3006185
4094422797,0.15173227,0.67958367,0.16868411
4094498349,0.25006837,0.4397657,0.31016603
4094540335,0.3275688,0.31652716,0.35590404
4094547137,0.22444229,0.31232002,0.46323767
4094548618,0.31249368,0.37580186,0.31170443
4094552948,0.35445336,0.33143198,0.31411463
4094555127,0.43189925,0.25414222,0.31395856
4094654247,0.3307888,0.34142515,0.3277861
4094696013,0.32397366,0.349965,0.32606134
4094731783,0.3523478,0.35580012,0.29185203
4094904805,0.20396921,0.48941544,0.3066154
4095168073,0.48481184,0.25831905,0.25686908
4095242985,0.4214663,0.3433562,0.2351775
4095312914,0.4181647,0.29254818,0.2892871
4095327252,0.382422,0.36964875,0.24792929
4095335222,0.16404836,0.14512497,0.6908266
4095397360,0.41187853,0.23097351,0.35714796
4095403192,0.16785593,0.18897717,0.6431669
4095499838,0.22047284,0.4419117,0.33761552
4095811089,0.25519717,0.34974438,0.39505854
4095813678,0.22754511,0.34684232,0.4256125
4095827278,0.37987792,0.34036297,0.27975914
4095832338,0.40361553,0.35121152,0.24517299
4095888653,0.4322716,0.21851572,0.34921277
4095943559,0.122162335,0.74716264,0.13067499
4095962422,0.35580602,0.2975286,0.34666538
4096038293,0.43906426,0.30561623,0.25531957
4096219285,0.19759452,0.24815278,0.5542527
4096328722,0.058386765,0.05767369,0.8839395
4096360913,0.32054698,0.29532063,0.3841324
4096539808,0.37206694,0.37828127,0.2496518
4096560698,0.27055648,0.26902702,0.46041656
4096573801,0.52829313,0.20939408,0.2623128
4096600816,0.31141245,0.28026032,0.40832722
4096699897,0.23874274,0.54752684,0.21373048
4096719548,0.37033227,0.29291683,0.33675092
4096724379,0.4391525,0.32109305,0.23975447
4096743503,0.4822076,0.2334069,0.2843855
4096794633,0.23188005,0.38698146,0.38113853
4096901104,0.43183032,0.29245436,0.2757153
4096916085,0.27284837,0.33587286,0.39127874
4097093071,0.40036035,0.31488663,0.284753
4097135081,0.35595474,0.28679,0.35725534
4097165609,0.28425872,0.28802827,0.42771298
4097194276,0.50251967,0.27583107,0.22164924
4097384790,0.8330435,0.06369542,0.10326106
4097394737,0.35812676,0.3211273,0.32074594
4097497577,0.3419855,0.3424086,0.31560594
4097565880,0.79962313,0.07634475,0.12403214
4097595534,0.40638593,0.318995,0.2746191
4097780779,0.38877898,0.2801431,0.3310779
4097865015,0.26381123,0.35027492,0.3859138
4097914243,0.44980776,0.27218688,0.27800533
4098069257,0.27914682,0.38151386,0.3393392
4098139581,0.36199716,0.3602278,0.27777502
4098148081,0.20223089,0.5656515,0.23211762
4098301496,0.40267277,0.23477872,0.3625485
4098428963,0.43570855,0.28797612,0.27631533
4098483367,0.26784325,0.48588297,0.24627376
4098613415,0.19556461,0.17816743,0.62626797
4098751925,0.40527824,0.3284775,0.26624426
4099092030,0.3987985,0.2651552,0.33604637
4099097746,0.34663698,0.3459465,0.3074166
4099342173,0.20789964,0.5616391,0.23046133
4099367257,0.07399793,0.06822054,0.8577816
4099374315,0.1914439,0.18222739,0.6263287
4099420773,0.37733898,0.3468771,0.27578384
4099631286,0.420331,0.24724485,0.33242416
4099636883,0.16420425,0.64677316,0.18902257
4099772054,0.37374094,0.34523144,0.28102762
4099810323,0.3584861,0.28233835,0.35917553
4099816455,0.54224324,0.201959,0.25579768
4099941913,0.4247325,0.276475,0.29879257
4099998699,0.27067843,0.37889746,0.35042408
4100033736,0.54231596,0.23517379,0.22251031
4100115352,0.14147276,0.6851883,0.1733389
4100456962,0.2896681,0.32833597,0.38199595
4100476656,0.25031993,0.26004952,0.4896306
4100548089,0.31438887,0.36085165,0.32475945
4100552897,0.41629553,0.2899365,0.29376793
4100726823,0.3703845,0.30928823,0.3203272
4100759070,0.53165334,0.25249648,0.21585016
4100807282,0.42207775,0.32858208,0.24934024
4100868572,0.58151674,0.19205685,0.22642642
4100873686,0.45216522,0.2717723,0.2760625
4100888320,0.26314557,0.4225153,0.31433916
4101012217,0.2880178,0.42994082,0.28204134
4101016216,0.398264,0.34479138,0.25694466
4101209982,0.46547252,0.26706076,0.2674667
4101281465,0.4172151,0.35014263,0.23264223
4101374004,0.09902882,0.09536387,0.80560726
4101748463,0.38938147,0.36725658,0.2433619
4101846822,0.3791768,0.31712326,0.30369994
4102024572,0.330331,0.20691839,0.46275067
4102034882,0.26097342,0.31382668,0.4251999
4102068466,0.39116913,0.3056017,0.30322915
4102128365,0.29449707,0.35003722,0.35546577
4102192667,0.23960224,0.46522203,0.29517573
4102326018,0.18552274,0.1884654,0.6260119
4102359692,0.38211432,0.21728718,0.4005985
4102378551,0.61506015,0.18851791,0.19642194
4102433799,0.36148345,0.29010677,0.3484098
4102438679,0.30844837,0.38828412,0.3032676
4102514202,0.25481147,0.37157908,0.37360945
4102651200,0.3422026,0.33538908,0.32240838
4102693162,0.3721445,0.29732224,0.33053327
4102737657,0.34615645,0.38276565,0.27107787
4102811066,0.28304878,0.27877384,0.4381773
4102812675,0.094601385,0.7776885,0.1277101
4102846412,0.24636012,0.4888652,0.2647747
4102918499,0.37868568,0.3095597,0.31175464
4102945508,0.23967661,0.3324685,0.42785487
4102995253,0.25292125,0.46161667,0.28546202
4103012153,0.37566176,0.34649712,0.27784115
4103178520,0.15272693,0.5687053,0.2785678
4103317086,0.36277017,0.3729238,0.2643061
4103337351,0.44618532,0.30106696,0.25274774
4103556507,0.13378596,0.1190009,0.7472131
4103627700,0.32440898,0.35747275,0.3181183
4103674443,0.20130134,0.5947434,0.20395528
4103698096,0.18553586,0.571733,0.2427312
4103792382,0.34866095,0.28541636,0.36592266
4103865666,0.24864262,0.32265988,0.4286975
4103949290,0.37611285,0.30275086,0.3211363
4103967893,0.12985215,0.72650254,0.14364527
4103989287,0.28737125,0.39901367,0.31361508
4104012231,0.41562468,0.24810202,0.33627328
4104260430,0.30939132,0.34969226,0.34091645
4104391452,0.09652691,0.10344618,0.80002695
4104569613,0.34662235,0.4128849,0.24049282
4104600530,0.460456,0.2717995,0.26774442
4104671898,0.15780196,0.11937574,0.72282225
4104783814,0.16254154,0.65650773,0.18095072
4104796310,0.55574316,0.17626981,0.2679871
4104822338,0.49185196,0.2415315,0.26661646
4104842016,0.34400788,0.2996694,0.3563228
4104847949,0.3749407,0.31794482,0.3071145
4104987757,0.23498853,0.4878423,0.27716926
4105092067,0.59949976,0.1937151,0.20678513
4105246080,0.2783295,0.46822345,0.25344703
4105253362,0.23222178,0.31671306,0.45106524
4105271336,0.2713735,0.266493,0.4621336
4105386524,0.33679113,0.34091708,0.32229173
4105424726,0.5508106,0.24410382,0.20508566
4105429804,0.7424506,0.12047807,0.13707134
4105482687,0.23682974,0.29507565,0.46809453
4105625659,0.35338184,0.30749208,0.33912605
4105649286,0.23428702,0.3107367,0.4549763
4105711032,0.6196173,0.17976657,0.20061615
4105714602,0.53927255,0.18846357,0.2722639
4105963822,0.36941558,0.32214513,0.3084393
4106014474,0.5292003,0.25673628,0.21406342
4106054289,0.16876878,0.6433032,0.18792795
4106154680,0.16422175,0.6618035,0.17397472
4106369395,0.5041353,0.2578606,0.2380041
4106386335,0.22856489,0.34762496,0.42381018
4106479562,0.49965024,0.23277259,0.26757714
4106551309,0.27221867,0.2961915,0.43158984
4106757710,0.29746842,0.33741403,0.36511758
4106838621,0.29681975,0.3802991,0.32288116
4107108018,0.30588377,0.34237772,0.35173848
4107206748,0.32976732,0.316732,0.35350072
4107388705,0.25616738,0.31059408,0.43323857
4107398402,0.12690493,0.7279245,0.1451705
4107488050,0.45344087,0.20225315,0.344306
4107517082,0.33597943,0.42815045,0.23587002
4107537042,0.4269046,0.3190138,0.25408158
4107619765,0.14134897,0.15603799,0.70261306
4107801829,0.30503502,0.36877367,0.3261914
4107915054,0.18604544,0.6045008,0.20945375
4107925110,0.16241157,0.15991625,0.67767215
4108015523,0.45388824,0.29981762,0.24629414
4108073171,0.19756667,0.5727085,0.22972487
4108135172,0.20636694,0.1946667,0.59896636
4108143800,0.50451297,0.2618883,0.23359875
4108171981,0.30554965,0.3616632,0.33278713
4108404014,0.21864195,0.5444342,0.23692384
4108438223,0.28842637,0.35789385,0.35367978
4108489858,0.6139963,0.18115826,0.20484543
4108583237,0.2002534,0.55431616,0.24543045
4108636212,0.41806453,0.31678182,0.26515365
4108684618,0.16948946,0.65256816,0.17794234
4108698624,0.3194791,0.39987862,0.28064227
4108745700,0.19829446,0.5758449,0.22586061
4108794998,0.30246297,0.35301358,0.3445235
4108837346,0.33654022,0.32873943,0.3347204
4108843698,0.34215385,0.2844852,0.37336102
4108911575,0.15972549,0.15667781,0.6835968
4108925044,0.22693087,0.4267072,0.346362
4109034876,0.16455239,0.48598847,0.34945923
4109051050,0.2246,0.53852946,0.23687047
4109184216,0.5640361,0.21991909,0.21604484
4109222940,0.21996304,0.5258278,0.25420913
4109223974,0.6646155,0.14921436,0.1861701
4109494475,0.21388945,0.5518099,0.23430058
4109534513,0.52181715,0.251685,0.22649784
4109574720,0.46970016,0.30011284,0.23018707
4109588332,0.24301144,0.44221044,0.31477812
4109605714,0.4690066,0.2926367,0.23835675
4109711883,0.51811236,0.22147383,0.26041383
4109918573,0.49278638,0.28141966,0.22579391
4109942794,0.4191872,0.33344594,0.24736686
4109967894,0.27698728,0.44690886,0.27610385
4110214004,0.4604114,0.30198875,0.23759982
4110243756,0.3224501,0.27099025,0.40655965
4110374894,0.31303653,0.39998215,0.2869814
4110439388,0.4450444,0.29927447,0.25568116
4110463091,0.306657,0.29547885,0.39786416
4110556646,0.36811665,0.28973845,0.3421449
4110616793,0.38165638,0.34137255,0.2769711
4110680169,0.2248358,0.21009934,0.5650649
4110719422,0.37049922,0.3477363,0.2817645
4110731096,0.2526956,0.46569714,0.2816072
4110788775,0.38005537,0.36149567,0.2584489
4111007555,0.6366694,0.16700259,0.19632801
4111031334,0.37861797,0.32468894,0.29669312
4111092301,0.2534529,0.5036604,0.24288668
4111275186,0.2573313,0.24970715,0.49296153
4111510164,0.25351194,0.14203198,0.6044561
4111530926,0.3578042,0.32146108,0.32073474
4111595641,0.39118403,0.33921435,0.26960164
4111622453,0.31016982,0.4216575,0.2681726
4111797815,0.1782989,0.17046717,0.6512339
4111887193,0.27171803,0.31149128,0.4167906
4112045435,0.3917014,0.35573742,0.2525612
4112324019,0.2537165,0.30829692,0.43798658
4112349114,0.3966131,0.29340997,0.30997697
4112400012,0.41641426,0.32810003,0.2554857
4112596914,0.3898727,0.26695177,0.3431755
4112601377,0.38109332,0.32012823,0.29877844
4112666704,0.25875992,0.29660046,0.4446396
4112837100,0.21922565,0.55832994,0.22244446
4112996790,0.73191667,0.10335539,0.16472797
4113027609,0.39899367,0.3483561,0.25265023
4113098387,0.39134216,0.3281263,0.28053147
4113151185,0.28628466,0.36220855,0.3515067
4113352990,0.24842934,0.47352988,0.27804086
4113356199,0.4434091,0.31290737,0.24368362
4113534165,0.7030484,0.09265281,0.20429875
4113618432,0.29364017,0.38712355,0.3192363
4113646048,0.35986152,0.33592615,0.3042124
4113656197,0.34428415,0.39188647,0.2638294
4113698135,0.20392723,0.58971465,0.20635813
4113734497,0.48144373,0.27336636,0.24518985
4113767482,0.26381063,0.42597976,0.31020957
4113779533,0.35458773,0.33215302,0.3132593
4113854293,0.33979487,0.38012588,0.2800793
4113979630,0.62130314,0.15084168,0.22785525
4114068816,0.61046934,0.19043423,0.19909644
4114090318,0.37025672,0.36717424,0.26256904
4114149162,0.17436627,0.6020501,0.22358364
4114179339,0.26976454,0.42082992,0.30940548
4114230697,0.15246905,0.14080864,0.70672226
4114264723,0.30241245,0.2640887,0.43349892
4114348953,0.45701802,0.26989838,0.27308354
4114449848,0.3166607,0.3406722,0.34266713
4114599565,0.08807652,0.7940718,0.1178516
4114681906,0.24175313,0.46648958,0.29175726
4114759879,0.10497727,0.09498801,0.8000347
4114766683,0.086826764,0.78963125,0.12354205
4114831581,0.24981423,0.24410167,0.5060841
4114870092,0.07013463,0.82255733,0.10730809
4114932932,0.28598735,0.474125,0.23988762
4115102298,0.42955938,0.33123943,0.23920125
4115105884,0.2999955,0.3355023,0.36450225
4115127058,0.49754432,0.25589707,0.24655862
4115176872,0.46661046,0.17016442,0.36322516
4115304967,0.3437427,0.4085062,0.24775103
4115361724,0.37809652,0.35897064,0.26293284
4115508178,0.29873464,0.24986257,0.45140287
4115648217,0.35442203,0.38799283,0.25758508
4115696626,0.3001611,0.35142216,0.34841678
4115739129,0.19803008,0.54884815,0.2531217
4115776009,0.2946486,0.29878345,0.40656796
4115851147,0.21543849,0.55109423,0.23346731
4116134745,0.27386507,0.3946124,0.3315225
4116197018,0.13571763,0.13828695,0.72599536
4116284588,0.47291294,0.26851678,0.2585703
4116355423,0.27794716,0.35248533,0.36956754
4116435187,0.13761485,0.6893739,0.17301118
4116483260,0.3455053,0.3643337,0.29016107
4116513754,0.32245237,0.29491082,0.38263685
4116639638,0.23773444,0.22973856,0.532527
4116684181,0.24579129,0.37593725,0.37827143
4116783115,0.13699637,0.13644284,0.7265609
4116825232,0.48082072,0.24154821,0.27763098
4116856726,0.22530654,0.2784946,0.49619892
4117050068,0.38173407,0.28340018,0.33486572
4117063982,0.26166058,0.28348413,0.4548553
4117226385,0.25471255,0.5204651,0.22482243
4117226597,0.26441193,0.30075896,0.4348291
4117283513,0.25820664,0.41594368,0.3258497
4117427035,0.58635485,0.21417671,0.19946846
4117476760,0.25581998,0.36601987,0.37816012
4117581194,0.31957996,0.4019836,0.27843645
4117589633,0.62943393,0.17953007,0.19103603
4117670614,0.20175447,0.5919121,0.20633343
4117694850,0.10898545,0.1112758,0.77973884
4117750753,0.28932256,0.29966003,0.41101742
4117754350,0.7100503,0.12508248,0.16486727
4117758636,0.17722799,0.40705222,0.41571978
4117846084,0.27256927,0.41906527,0.3083655
4117861351,0.40430462,0.32984355,0.2658518
4117977656,0.32587412,0.33695465,0.33717123
4118217043,0.4836291,0.27045268,0.24591818
4118286669,0.5841922,0.19498439,0.22082344
4118304709,0.2857669,0.31315753,0.40107557
4118374483,0.23766048,0.44740015,0.3149393
4118424631,0.4259454,0.309817,0.26423758
4118544763,0.1203182,0.7455552,0.13412653
4118665458,0.19118287,0.15409881,0.65471834
4118695428,0.32633156,0.32722023,0.34644827
4118786843,0.30125788,0.42978576,0.2689564
4118856695,0.27051327,0.38717672,0.34230995
4118911991,0.58944356,0.2045037,0.20605282
4118946065,0.6527109,0.14281385,0.20447527
4118954991,0.44322026,0.287867,0.26891276
4119023883,0.31835696,0.26076698,0.42087603
4119064431,0.22007386,0.49633574,0.28359032
4119202219,0.6823714,0.15377948,0.16384909
4119218456,0.15923753,0.64835584,0.19240664
4119318788,0.17832483,0.59679806,0.22487713
4119516251,0.2934813,0.3015208,0.40499797
4119571986,0.5355985,0.25494537,0.2094561
4119728891,0.36179748,0.31104904,0.3271535
4119871729,0.4562333,0.30547848,0.23828822
4120053204,0.39980516,0.27782118,0.32237363
4120106093,0.5309474,0.2525628,0.21648985
4120106148,0.38230947,0.32666588,0.29102474
4120217174,0.26469022,0.439371,0.2959388
4120365540,0.44263533,0.30888563,0.24847895
4120549802,0.24218868,0.1811864,0.57662493
4120631279,0.24293217,0.4980617,0.25900617
4120702809,0.6701198,0.12832901,0.20155112
4120734066,0.11936011,0.10521654,0.77542335
4120802048,0.3494734,0.35041913,0.30010748
4120859604,0.22452486,0.5545108,0.22096436
4120866439,0.2857756,0.40104052,0.31318387
4120965643,0.18901818,0.2117361,0.5992457
4120973398,0.23575296,0.51772416,0.24652293
4121028686,0.15456367,0.1512637,0.6941726
4121049913,0.26278508,0.4642969,0.2729181
4121163290,0.33685002,0.33604333,0.32710665
4121175672,0.46530175,0.2481221,0.28657615
4121255919,0.47099054,0.29032752,0.23868197
4121269481,0.20002693,0.25167164,0.54830146
4121315843,0.3078674,0.2856212,0.4065114
4121342747,0.36154398,0.2857597,0.35269627
4121373088,0.09371124,0.80147356,0.10481517
4121537886,0.09117628,0.79508644,0.11373723
4121651943,0.33411533,0.16650236,0.49938238
4121719051,0.5882422,0.21943754,0.19232026
4121735287,0.6012578,0.18065181,0.21809043
4121838459,0.63134104,0.20370033,0.16495861
4121920275,0.48796573,0.26850325,0.24353102
4121969664,0.31533128,0.37247422,0.31219456
4121982145,0.31255582,0.40006188,0.28738227
4122082885,0.82843685,0.06920097,0.10236216
4122162081,0.3045539,0.4035584,0.2918877
4122205000,0.37076393,0.39440456,0.2348315
4122574820,0.4690291,0.2850634,0.24590756
4122634548,0.13814458,0.11892534,0.74293005
4122708799,0.21820146,0.50827277,0.27352577
4122709252,0.1986399,0.49464783,0.3067123
4123020590,0.33424893,0.22600028,0.43975076
4123077977,0.13199537,0.69236064,0.17564403
4123092383,0.13239045,0.7230855,0.14452396
4123099103,0.65867263,0.12833264,0.2129948
4123099272,0.24004512,0.27249154,0.4874634
4123179092,0.34126812,0.32988897,0.32884294
4123270995,0.22488579,0.24420159,0.5309126
4123448778,0.21784697,0.58281416,0.19933885
4123649389,0.37325752,0.3284589,0.29828355
4123668526,0.19416592,0.2174447,0.5883894
4123697601,0.5203849,0.25953135,0.22008382
4123732069,0.20378165,0.55731803,0.23890038
4123746080,0.37694997,0.37834993,0.2447002
4123793861,0.36969313,0.26522526,0.36508155
4123823913,0.20413129,0.5623235,0.23354521
4123964154,0.3088919,0.3872939,0.30381417
4124033072,0.5953422,0.19647956,0.20817827
4124286259,0.28436816,0.16806288,0.547569
4124343614,0.69219905,0.13687468,0.17092624
4124382311,0.40065747,0.33748257,0.26185992
4124384200,0.27607948,0.35095584,0.3729647
4124430166,0.24802376,0.27485442,0.47712177
4124521528,0.29832006,0.36409628,0.33758366
4124641753,0.2965915,0.35018146,0.3532271
4124644292,0.49216685,0.25301006,0.25482303
4124791570,0.26008612,0.3062747,0.4336391
4124992462,0.42699596,0.2637314,0.30927265
4125029023,0.51856375,0.23215352,0.24928273
4125061563,0.38484606,0.3357163,0.27943766
4125066637,0.12528253,0.7402751,0.13444233
4125075530,0.14817363,0.6804777,0.17134874
4125084697,0.49009734,0.24676324,0.2631394
4125104329,0.30147997,0.3313486,0.36717147
4125195101,0.26575997,0.48473284,0.24950725
4125252649,0.21126397,0.5618944,0.22684164
4125484124,0.43163928,0.300469,0.26789173
4125594232,0.17263381,0.63600934,0.19135691
4125661075,0.3297469,0.34674877,0.32350433
4125944554,0.25870833,0.2786253,0.4626664
4125998331,0.27749372,0.3460897,0.37641656
4126005064,0.41900775,0.3091932,0.27179906
4126006585,0.44391564,0.25787246,0.29821193
4126109433,0.28977865,0.35213175,0.35808963
4126281991,0.29565498,0.28559905,0.41874596
4126410932,0.2656458,0.415425,0.31892923
4126481629,0.33598953,0.33439797,0.32961243
4126503902,0.3610394,0.2629038,0.3760568
4126612761,0.19041096,0.55426556,0.2553235
4126761898,0.16277799,0.67547923,0.1617427
4126794935,0.39000925,0.21213493,0.39785582
4127035740,0.54249763,0.23191488,0.22558755
4127100823,0.15608197,0.16375893,0.68015915
4127194932,0.55884457,0.20273419,0.23842123
4127375792,0.22737224,0.22197577,0.55065197
4127402581,0.3467268,0.34940168,0.3038715
4127459475,0.42233232,0.22782713,0.34984055
4127523028,0.17687714,0.38918793,0.43393493
4127535314,0.5146636,0.24072954,0.24460681
4127597432,0.36374474,0.2701307,0.36612463
4127711303,0.36143938,0.338108,0.30045262
4127745008,0.2191434,0.6238074,0.15704921
4127980058,0.28383884,0.35480598,0.36135513
4127984183,0.18774338,0.5546721,0.25758457
4127989386,0.10042809,0.7900873,0.10948463
4128018884,0.59174997,0.19132829,0.2169217
4128085873,0.7276227,0.11188499,0.16049232
4128193727,0.4283733,0.33690852,0.23471816
4128289626,0.26346305,0.4744447,0.26209226
4128359480,0.27273837,0.36218575,0.36507592
4128604898,0.41515025,0.32429275,0.26055697
4128655203,0.07381073,0.82721704,0.09897216
4128692796,0.49355105,0.25024423,0.25620466
4128721971,0.7952005,0.072500944,0.13229847
4128746334,0.39852163,0.30427516,0.29720315
4128761484,0.20006438,0.56170106,0.23823449
4128769631,0.6146248,0.1580639,0.22731131
4128839620,0.5033375,0.27930403,0.21735846
4128953041,0.24781416,0.4018061,0.35037968
4129127269,0.39085442,0.28009337,0.32905224
4129500606,0.29171962,0.43827656,0.27000374
4129570490,0.4084992,0.26803476,0.32346603
4129600660,0.42012048,0.31062102,0.26925853
4129765973,0.36594054,0.39174777,0.24231164
4129795093,0.3094016,0.3765282,0.31407017
4130069713,0.22956692,0.24478829,0.5256448
4130156980,0.31141675,0.34223276,0.34635046
4130164025,0.32531562,0.34787366,0.32681072
4130261941,0.37269703,0.33471888,0.2925841
4130328444,0.76964164,0.101137795,0.1292206
4130351079,0.31799272,0.3160498,0.3659575
4130402713,0.30107173,0.30990863,0.3890196
4130418750,0.32450584,0.37609088,0.2994032
4130444697,0.42423487,0.2915035,0.2842617
4130489037,0.35337955,0.32493326,0.3216872
4130590499,0.27491748,0.3588467,0.36623582
4130620953,0.3204553,0.34231725,0.33722752
4130649904,0.32626948,0.33004993,0.3436806
4130660098,0.21267551,0.34657338,0.4407511
4130752406,0.21770084,0.1850004,0.59729874
4130974375,0.38301447,0.3198319,0.29715362
4130977833,0.3040832,0.34439915,0.35151768
4130989758,0.22281748,0.49764353,0.27953896
4130990586,0.77931166,0.0795799,0.14110842
4131135985,0.45022815,0.30063078,0.2491411
4131215878,0.3085305,0.4126534,0.2788161
4131345014,0.38810453,0.30280557,0.30908993
4131378465,0.6478678,0.12209126,0.23004091
4131504049,0.26274076,0.38839588,0.34886336
4131605067,0.35726908,0.35897586,0.28375515
4131647075,0.17467138,0.6220634,0.20326525
4131712886,0.4955948,0.19715293,0.30725232
4131751766,0.25605115,0.27881283,0.46513602
4131770726,0.43522245,0.26875758,0.29602
4131884646,0.28702572,0.25686368,0.45611063
4131908326,0.79191166,0.09589534,0.112192914
4132252590,0.48126066,0.2542747,0.2644646
4132714299,0.3684072,0.28344047,0.3481523
4132714818,0.53407025,0.2235353,0.24239448
4132779342,0.3365023,0.27841014,0.38508752
4132901423,0.07675705,0.81386834,0.1093746
4132906941,0.34456044,0.34155995,0.31387964
4132909425,0.3964662,0.28342134,0.32011244
4132922382,0.6254537,0.14454606,0.2300002
4132965176,0.26711163,0.4498629,0.28302544
4132995526,0.36963284,0.38364297,0.24672422
4132997135,0.48195356,0.293651,0.2243954
4133023437,0.3603645,0.35075635,0.28887916
4133103340,0.30328727,0.46853277,0.22817993
4133162476,0.25973022,0.29346094,0.44680884
4133230887,0.07816114,0.8106345,0.111204326
4133332508,0.6927456,0.119402714,0.1878517
4133561971,0.29362288,0.278681,0.4276961
4133685563,0.32893646,0.3606108,0.31045276
4133848483,0.25624794,0.21300516,0.53074694
4133862104,0.5299,0.25532636,0.21477355
4133874409,0.3928964,0.30536866,0.30173495
4134007184,0.47148716,0.20922618,0.3192867
4134011954,0.38027292,0.33051327,0.28921375
4134035947,0.2494533,0.4275806,0.32296604
4134182999,0.1861404,0.5237745,0.29008514
4134219738,0.428762,0.3198609,0.2513772
4134258891,0.3549271,0.37210158,0.2729714
4134334285,0.24241658,0.27950302,0.47808033
4134427534,0.44075057,0.3307583,0.22849117
4134650539,0.20124926,0.6182202,0.18053056
4134667226,0.30131754,0.42003873,0.2786437
4134691583,0.54868317,0.2323871,0.21892981
4134720014,0.41648048,0.3229652,0.26055434
4134755282,0.7193911,0.11502104,0.1655879
4134805500,0.2598315,0.26080403,0.47936448
4134824796,0.25322026,0.36753154,0.37924817
4134879267,0.32210827,0.39561433,0.2822774
4135176728,0.31558436,0.3712313,0.31318432
4135218559,0.52975374,0.25961325,0.21063294
4135510849,0.27099788,0.34509772,0.38390434
4135529116,0.4941016,0.2429333,0.26296517
4135626469,0.38650423,0.33115122,0.28234458
4135713978,0.166445,0.6389272,0.19462775
4135761275,0.13694768,0.14235161,0.7207007
4135766767,0.42679095,0.22431943,0.3488896
4135784562,0.48229006,0.26126707,0.25644284
4135834094,0.27353275,0.33620754,0.39025977
4135871705,0.3885871,0.35428607,0.25712687
4135911914,0.31397304,0.272211,0.41381595
4136025247,0.17821048,0.58944786,0.23234169
4136029347,0.20618507,0.5884707,0.20534426
4136042924,0.43602663,0.29083443,0.27313906
4136079906,0.25048202,0.25515133,0.4943667
4136129928,0.41865316,0.3484922,0.23285462
4136163860,0.16857752,0.6028484,0.2285741
4136203848,0.36254385,0.2536582,0.38379797
4136258766,0.11957631,0.1257771,0.75464654
4136277994,0.24311388,0.47578946,0.2810967
4136468669,0.3424004,0.33233765,0.32526192
4136579783,0.15524048,0.6731798,0.17157975
4136587469,0.44118172,0.28245836,0.27635995
4136666407,0.4422378,0.35272327,0.20503895
4136709444,0.7524155,0.09618464,0.15139994
4136729998,0.18173513,0.17005925,0.64820564
4136785023,0.29369226,0.36127433,0.34503332
4136853169,0.39391416,0.29831845,0.30776736
4136913504,0.11826991,0.11372795,0.76800215
4136972964,0.4751967,0.27657104,0.24823225
4137281042,0.39093128,0.30656606,0.30250266
4137293684,0.08363112,0.8064885,0.109880336
4137302876,0.29345044,0.41607177,0.2904778
4137313476,0.37865296,0.33339375,0.2879533
4137375897,0.34462214,0.4303743,0.2250035
4137405734,0.29126605,0.42909938,0.2796346
4137441083,0.5601599,0.19506529,0.24477476
4137472241,0.24061327,0.27734593,0.48204073
4137481105,0.19671735,0.17576994,0.62751263
4137592403,0.39848706,0.27762488,0.32388803
4137735612,0.40985897,0.3049817,0.2851593
4137915882,0.43769616,0.2423479,0.31995592
4137996970,0.38645592,0.296673,0.31687102
4138006393,0.32929742,0.37389302,0.29680955
4138042189,0.463197,0.2754584,0.26134452
4138179183,0.39879632,0.30983868,0.291365
4138182991,0.29074055,0.28010532,0.4291542
4138225869,0.29697636,0.2810555,0.42196816
4138368225,0.07971109,0.81515086,0.105138145
4138400912,0.2608452,0.38366604,0.3554887
4138405412,0.43477017,0.29036787,0.27486196
4138422942,0.14175808,0.66564983,0.19259213
4138616575,0.2595046,0.30759385,0.4329016
4138739624,0.31537655,0.35776532,0.3268582
4138876538,0.094506405,0.7820352,0.12345841
4138889838,0.4335233,0.30244341,0.26403338
4139064981,0.3857359,0.33183256,0.28243154
4139067879,0.24772236,0.4486416,0.30363604
4139140271,0.24888405,0.39901924,0.3520967
4139178952,0.18647367,0.5507765,0.2627499
4139191738,0.16190638,0.6445588,0.19353475
4139256941,0.65760344,0.1574591,0.1849374
4139605189,0.26989102,0.27120477,0.45890418
4139612279,0.44582692,0.26254725,0.2916258
4139631758,0.77296734,0.09646863,0.13056408
4139642500,0.3549141,0.3703078,0.274778
4139851842,0.21964681,0.5631013,0.21725191
4139906326,0.5547138,0.20639564,0.23889056
4139914835,0.40053207,0.35958007,0.23988783
4139960622,0.48545864,0.28218484,0.23235652
4140005530,0.47629508,0.2605047,0.26320022
4140079955,0.31122324,0.31034902,0.37842774
4140200102,0.31895822,0.30622932,0.37481248
4140393062,0.23602356,0.26878488,0.49519166
4140403334,0.20914695,0.33306074,0.45779234
4140412752,0.5021322,0.25943938,0.23842838
4140547518,0.28781518,0.37965894,0.33252597
4140583498,0.23184054,0.26536694,0.5027925
4140736007,0.3967356,0.32687038,0.27639398
4140781624,0.23511267,0.4316817,0.33320567
4140855493,0.22821286,0.23112863,0.54065853
4140919239,0.72740936,0.1252764,0.14731415
4140956092,0.2681259,0.47375435,0.25811976
4141231081,0.21397428,0.26607057,0.51995516
4141240228,0.16850099,0.17970802,0.65179104
4141355079,0.33967948,0.2638194,0.39650118
4141357125,0.28138575,0.26728067,0.45133355
4141416656,0.23690549,0.49310845,0.26998606
4141418273,0.30586153,0.24868344,0.44545504
4141449051,0.3878047,0.34161684,0.2705785
4141607749,0.24817729,0.2479238,0.50389886
4141826723,0.326989,0.34232008,0.3306909
4142060969,0.34198236,0.342022,0.31599563
4142102782,0.41693252,0.32251668,0.2605508
4142243865,0.45958388,0.2675696,0.2728465
4142344572,0.26174247,0.41419718,0.3240604
4142522243,0.27369905,0.41588613,0.31041488
4142528753,0.21214056,0.5697607,0.21809876
4142554835,0.11289184,0.7530291,0.13407908
4142653457,0.40819868,0.31832486,0.27347645
4142692117,0.26925787,0.23788552,0.49285662
4142742635,0.2207697,0.2329489,0.54628134
4143081279,0.75412065,0.099945016,0.14593431
4143105715,0.39339688,0.33755025,0.26905283
4143181863,0.33372638,0.34154296,0.3247306
4143194920,0.088634856,0.79715115,0.11421395
4143415875,0.12653689,0.71247077,0.16099231
4143543088,0.36078167,0.35388687,0.28533152
4143596807,0.3610376,0.36292702,0.2760353
4143638029,0.3363095,0.31543154,0.34825894
4143671482,0.405587,0.28317875,0.31123433
4143673319,0.7088701,0.10610235,0.18502757
4143835830,0.3157745,0.3275362,0.35668924
4143970976,0.26538658,0.33367297,0.40094042
4143998942,0.15955548,0.16589905,0.67454547
4144092616,0.30843058,0.3841304,0.30743903
4144115042,0.38181803,0.3462514,0.2719306
4144153945,0.270143,0.4704888,0.25936827
4144166469,0.20815842,0.5455759,0.24626562
4144301009,0.5086071,0.24710763,0.24428529
4144436775,0.37063572,0.29262942,0.33673486
4144488171,0.46745777,0.28388822,0.248654
4144590311,0.3929393,0.34017548,0.26688522
4144624674,0.3224813,0.3557076,0.32181108
4144749065,0.25326347,0.33107662,0.41565993
4144770144,0.22011182,0.23316841,0.54671985
4144770386,0.4403532,0.31267932,0.24696743
4144838203,0.29943037,0.46978638,0.23078327
4144909849,0.33941057,0.34168088,0.3189086
4145137073,0.24619596,0.28139043,0.47241357
4145172423,0.46724904,0.2797632,0.25298774
4145173669,0.39368176,0.33122995,0.27508828
4145287130,0.2925111,0.32618642,0.38130245
4145443448,0.2752922,0.37321836,0.35148954
4145449233,0.117631085,0.7491659,0.13320307
4145549851,0.35071298,0.14465852,0.50462854
4145630811,0.4763409,0.29061916,0.23303995
4145652418,0.35731828,0.28514215,0.35753965
4145755863,0.42322457,0.31267828,0.26409715
4145815259,0.2732231,0.18585947,0.54091746
4145950187,0.12336969,0.11275868,0.7638716
4145979616,0.09796754,0.7717844,0.13024803
4145998733,0.12999627,0.71802616,0.15197755
4146007563,0.08932013,0.79525214,0.11542774
4146235611,0.2752496,0.3094184,0.415332
4146467431,0.49140278,0.2827293,0.2258679
4146485262,0.38008884,0.33553958,0.28437153
4146538646,0.12331743,0.7368355,0.13984707
4146558305,0.5330638,0.19297561,0.27396053
4146647855,0.1933184,0.14048381,0.66619784
4146759700,0.43106538,0.31883773,0.25009686
4146944399,0.26987708,0.36278683,0.36733612
4146949489,0.28295755,0.2573065,0.45973602
4147001923,0.15002109,0.1678297,0.6821493
4147020545,0.24108404,0.27743027,0.48148572
4147197812,0.49874935,0.25385028,0.2474004
4147367459,0.2099068,0.53590316,0.25418997
4147384765,0.35767135,0.36479136,0.2775373
4147390701,0.13043718,0.72160435,0.14795844
4147391374,0.15321197,0.6653066,0.18148132
4147521786,0.43164042,0.25743634,0.31092325
4147573552,0.35448837,0.35828754,0.28722402
4147659756,0.4130047,0.32560363,0.26139164
4147890415,0.1970137,0.4877776,0.31520858
4147944636,0.13111997,0.72650254,0.14237756
4147987911,0.24357204,0.2339173,0.5225106
4148107077,0.3317495,0.30941993,0.35883048
4148235796,0.44588044,0.26084715,0.29327244
4148246014,0.25417125,0.41635072,0.32947794
4148311732,0.45760146,0.30041105,0.24198751
4148423248,0.2092421,0.5404792,0.25027862
4148561516,0.6245213,0.14155386,0.23392478
4148660315,0.45444876,0.2823538,0.2631974
4148749202,0.32949254,0.27039346,0.40011403
4148767296,0.16199934,0.6788765,0.15912417
4148827122,0.42673743,0.28036472,0.29289788
4148999458,0.2273481,0.53858,0.23407184
4149158452,0.39250493,0.30924383,0.2982513
4149160149,0.43516013,0.2205181,0.3443218
4149177705,0.40064606,0.30695686,0.29239705
4149209343,0.37893748,0.3617056,0.25935692
4149235469,0.31944644,0.34657773,0.33397582
4149246139,0.25593397,0.22430845,0.51975757
4149263032,0.35531643,0.35414848,0.2905351
4149319564,0.30256712,0.27850288,0.41893
4149374031,0.26044518,0.38228533,0.3572695
4149503140,0.20726156,0.21511725,0.57762116
4149651911,0.20127395,0.22816251,0.57056355
4149845323,0.19388361,0.23012955,0.57598674
4149853853,0.325415,0.36065868,0.3139264
4149876820,0.72098696,0.11781409,0.16119893
4149895746,0.2317021,0.2435817,0.52471626
4149904144,0.26848918,0.4410287,0.29048213
4149928153,0.37683818,0.3572886,0.2658732
4150063517,0.24391957,0.49077943,0.26530102
4150082300,0.53800595,0.2263196,0.23567449
4150125228,0.27610892,0.33645308,0.38743803
4150142900,0.517868,0.2698452,0.2122868
4150178952,0.3558215,0.20297445,0.4412041
4150194940,0.66315454,0.13793875,0.1989066
4150225591,0.41096956,0.32880926,0.26022118
4150273346,0.43355724,0.3365383,0.22990443
4150279810,0.43694466,0.2666356,0.29641977
4150307014,0.23741584,0.34868854,0.41389564
4150317813,0.3378492,0.32935104,0.3327997
4150364603,0.30204993,0.32471117,0.3732389
4150561937,0.10984016,0.75546414,0.13469572
4150646111,0.38171887,0.36717373,0.25110736
4150696140,0.5785278,0.19521,0.22626223
4150922843,0.18672661,0.5962205,0.21705295
4150994705,0.086425126,0.07525907,0.8383158
4151119741,0.4267477,0.27903384,0.29421848
4151396289,0.52610844,0.24208628,0.2318053
4151433309,0.23002367,0.53407615,0.23590025
4151439713,0.14064878,0.71870357,0.14064763
4151554296,0.37800056,0.33513945,0.28686002
4151555151,0.26766372,0.2645826,0.46775365
4151780367,0.52826047,0.25763583,0.2141037
4151956227,0.45306543,0.31570622,0.23122837
4152076785,0.39150137,0.3361744,0.27232423
4152103771,0.5432465,0.23421104,0.22254245
4152239760,0.34553635,0.35669896,0.29776463
4152346354,0.57517487,0.2258526,0.19897246
4152583604,0.44157234,0.24312702,0.3153006
4152599050,0.2453338,0.22376557,0.53090054
4152637034,0.35717112,0.33846232,0.30436662
4152708184,0.13876994,0.13083678,0.73039323
4152892528,0.4748458,0.27494535,0.25020885
4152975921,0.20772992,0.54702187,0.24524817
4153054549,0.31051657,0.40290043,0.28658307
4153322261,0.42385793,0.28589693,0.2902451
4153460417,0.2063273,0.58233684,0.21133578
4153518401,0.20143494,0.5771481,0.22141698
4153519215,0.15220755,0.13863151,0.7091609
4153588410,0.3439598,0.3541457,0.3018946
4153593539,0.123578474,0.1289021,0.7475194
4153644606,0.51803637,0.26514578,0.21681789
4153665781,0.31771684,0.34066948,0.34161374
4153724253,0.2620729,0.2727538,0.4651733
4153746062,0.22272947,0.5201201,0.25715047
4153792459,0.25118935,0.1848403,0.56397027
4153796147,0.2693908,0.4786649,0.25194427
4153850017,0.3593405,0.32624632,0.31441322
4153935234,0.57815176,0.20648892,0.21535927
4154605379,0.3772454,0.319009,0.30374557
4154627784,0.39805263,0.3602325,0.24171491
4154713182,0.29700887,0.37181884,0.3311723
4154720652,0.73450667,0.10568254,0.15981075
4154789780,0.3399848,0.29642594,0.36358923
4154827103,0.50612295,0.227192,0.266685
4154907220,0.45412207,0.27136126,0.27451673
4154950014,0.24569461,0.4192413,0.33506405
4155045444,0.3107377,0.26922837,0.42003396
4155081458,0.36036187,0.34877414,0.29086402
4155322269,0.36563724,0.31610578,0.318257
4155457363,0.23005421,0.29735446,0.47259125
4155480157,0.23647927,0.522284,0.24123679
4155607772,0.33447152,0.36391228,0.30161622
4155614089,0.3885722,0.3337747,0.27765316
4155738270,0.23410541,0.4697937,0.29610088
4155815570,0.25711006,0.52101266,0.22187719
4155821431,0.37764108,0.32229838,0.30006054
4155964869,0.47410548,0.27992266,0.24597178
4156167210,0.31689337,0.31271926,0.3703874
4156200449,0.41561657,0.33260608,0.25177735
4156241840,0.33936563,0.39469212,0.26594225
4156246813,0.24600303,0.42081425,0.33318272
4156247061,0.25148338,0.4990656,0.24945098
4156426946,0.5838844,0.16905801,0.24705757
4156446558,0.4286366,0.32646614,0.2448973
4156516667,0.20701085,0.50471395,0.2882752
4156751029,0.48588094,0.28782922,0.22628982
4156808632,0.249652,0.4876884,0.26265958
4156819718,0.18650962,0.14264584,0.6708445
4156835026,0.41990417,0.3289442,0.2511516
4156877995,0.32367644,0.37058115,0.30574253
4156903170,0.5569563,0.22493933,0.21810442
4156944609,0.4416526,0.3064549,0.2518925
4156975367,0.19443493,0.19563304,0.60993207
4157042518,0.31906807,0.29198286,0.3889491
4157065930,0.34481782,0.36846787,0.2867143
4157121856,0.40881985,0.28795502,0.30322513
4157202179,0.2659972,0.40649256,0.32751027
4157271433,0.4696971,0.30043185,0.229871
4157328519,0.37206835,0.23821814,0.38971353
4157351619,0.2809868,0.2574669,0.46154636
4157468989,0.32179278,0.38483256,0.29337454
4157553702,0.5453585,0.2332911,0.22135042
4157596697,0.33105755,0.37952748,0.289415
4157850840,0.32952031,0.345307,0.3251726
4157862922,0.15194255,0.6747043,0.1733531
4158162820,0.33246383,0.3752744,0.29226178
4158216844,0.33599412,0.2386801,0.42532584
4158319044,0.32055202,0.3572439,0.32220414
4158320246,0.21985449,0.34707835,0.43306717
4158384386,0.2890019,0.2735852,0.43741283
4158443445,0.5645111,0.20512077,0.23036808
4158451273,0.28794608,0.2531619,0.458892
4158482969,0.4218757,0.21589394,0.36223036
4158741913,0.09580744,0.10304988,0.8011427
4158743498,0.4922646,0.14339553,0.36433983
4158847343,0.4048991,0.34593898,0.24916193
4158871941,0.20778635,0.5397431,0.2524705
4158956064,0.54952425,0.23574302,0.21473274
4159132124,0.44734895,0.297996,0.25465503
4159212573,0.06752238,0.84162724,0.09085037
4159245152,0.21241826,0.26164836,0.52593344
4159252230,0.4097507,0.22566396,0.36458534
4159309891,0.29861897,0.353876,0.3475051
4159507048,0.39932525,0.3257595,0.27491522
4159676266,0.3632969,0.31148967,0.32521346
4159678504,0.44147468,0.27351132,0.285014
4159762343,0.5556585,0.19183126,0.25251025
4159862376,0.22075132,0.20289966,0.57634896
4159871276,0.47031242,0.26122063,0.26846695
4159921574,0.23557131,0.47287077,0.2915579
4159948020,0.54694515,0.24860497,0.20444998
4160041844,0.23357585,0.4321474,0.33427674
4160043630,0.28601065,0.420467,0.2935224
4160080732,0.36278954,0.38210618,0.25510427
4160195396,0.5421153,0.21395718,0.24392761
4160207478,0.28798276,0.43162334,0.28039396
4160326571,0.39470047,0.31415161,0.2911479
4160406211,0.55461496,0.24375805,0.20162691
4160558878,0.096136235,0.07958957,0.8242742
4160567278,0.3988076,0.29476464,0.3064278
4160677320,0.10882373,0.75531614,0.13586015
4160779326,0.12046447,0.73372155,0.145814
4160818915,0.17299806,0.59737366,0.22962831
4161222090,0.55944663,0.21757911,0.2229743
4161257562,0.37764496,0.2680462,0.35430878
4161326752,0.10458874,0.09584211,0.7995691
4161333523,0.24149267,0.3109431,0.44756418
4161345695,0.31192696,0.2051896,0.4828835
4161443903,0.5580347,0.22267704,0.21928826
4161645561,0.27778322,0.30697933,0.41523746
4161759410,0.36849776,0.35085818,0.28064412
4161839611,0.25661108,0.44685873,0.29653028
4161847157,0.32374918,0.37662187,0.299629
4161848152,0.21775708,0.5272203,0.25502256
4161852052,0.34471247,0.4003625,0.254925
4161900564,0.12126383,0.73983717,0.13889898
4161922183,0.53198755,0.26038384,0.20762864
4162051164,0.2584788,0.45986977,0.28165144
4162117496,0.3027897,0.23228006,0.46493018
4162252188,0.57401913,0.21263143,0.21334945
4162272312,0.30887797,0.39607146,0.2950505
4162350830,0.31212795,0.29422063,0.3936514
4162408060,0.3014588,0.36435667,0.3341846
4162445817,0.24370883,0.47673783,0.27955335
4162449054,0.37063745,0.31556323,0.31379926
4162459939,0.12045721,0.102064505,0.7774783
4162528555,0.21438035,0.5688675,0.21675216
4162616489,0.31864107,0.29961228,0.3817466
4162672809,0.257942,0.3969512,0.34510678
4162768760,0.510514,0.27713606,0.21234995
4162802966,0.3327525,0.33301312,0.33423433
4162823459,0.29168984,0.3805305,0.3277797
4162842140,0.27120784,0.3640831,0.36470908
4162857843,0.25431445,0.45700696,0.28867853
4162967201,0.42374182,0.33217058,0.2440876
4162977085,0.5059599,0.22386292,0.2701771
4162979002,0.43754917,0.29255268,0.2698981
4163070523,0.13024488,0.1285584,0.74119663
4163224880,0.15935983,0.59668016,0.24395998
4163413237,0.5013242,0.24997643,0.24869934
4163446392,0.38802043,0.30133873,0.31064084
4163483123,0.38791043,0.29682702,0.31526262
4163549039,0.2144896,0.21536756,0.5701428
4163730433,0.5695992,0.22002348,0.21037741
4163825007,0.4467364,0.29643807,0.25682554
4163853717,0.36464056,0.38233358,0.25302598
4163995818,0.0853235,0.801396,0.11328048
4164019995,0.3267298,0.4207455,0.25252473
4164020584,0.51535326,0.23737277,0.24727395
4164053465,0.37115115,0.25387374,0.3749751
4164180430,0.10286157,0.7846079,0.112530515
4164190091,0.35939816,0.38137192,0.2592299
4164360491,0.4231455,0.29763436,0.27922016
4164366962,0.34369445,0.35287547,0.30343008
4164422800,0.32096323,0.3098553,0.36918133
4164639546,0.5465587,0.25313306,0.2003083
4164946281,0.5842921,0.214266,0.20144191
4164988558,0.38614967,0.19975403,0.4140963
4165049322,0.30215418,0.38564137,0.31220448
4165104544,0.18959406,0.20891143,0.6014945
4165192940,0.78081864,0.0911284,0.12805295
4165271952,0.2391254,0.48020664,0.2806679
4165400724,0.19934608,0.21681637,0.5838375
4165598458,0.3303133,0.38603953,0.28364724
4165613284,0.32248065,0.35189646,0.32562283
4165744583,0.317644,0.34764075,0.33471525
4165765810,0.2002935,0.58568907,0.21401747
4165816512,0.35458457,0.34876165,0.29665375
4165843200,0.33592656,0.35835618,0.30571732
4165888321,0.6247381,0.15993561,0.21532628
4165941804,0.3230188,0.350098,0.3268832
4165947662,0.38651854,0.333557,0.27992445
4165975140,0.23736943,0.4442013,0.31842935
4165982499,0.310514,0.27613008,0.4133558
4165983842,0.23756297,0.45626643,0.3061706
4166047617,0.28884625,0.1692453,0.54190844
4166070957,0.3485999,0.3201441,0.33125603
4166109946,0.51956534,0.25059417,0.22984053
4166154475,0.13146035,0.11567134,0.75286824
4166166502,0.37561774,0.35122186,0.2731604
4166166911,0.31549814,0.34950227,0.33499956
4166206527,0.31463394,0.35901847,0.32634756
4166258201,0.6367709,0.14452522,0.21870384
4166271996,0.27758303,0.338795,0.38362196
4166403423,0.30154648,0.20546818,0.49298534
4166443743,0.24850364,0.23508938,0.516407
4166520754,0.30454013,0.2763419,0.419118
4166591931,0.21172091,0.22277093,0.5655081
4166636068,0.42738113,0.311894,0.26072487
4166657957,0.30937606,0.4178601,0.2727639
4166691224,0.21524358,0.37851688,0.4062395
4166813154,0.39601663,0.37078565,0.23319773
4166902731,0.32720166,0.33629507,0.3365032
4166921552,0.45372477,0.3093557,0.23691952
4166994506,0.354919,0.29650557,0.3485754
4167041644,0.2765211,0.3883423,0.3351367
4167068924,0.22036438,0.2321378,0.5474978
4167096971,0.51512104,0.22195838,0.26292047
4167273702,0.5941585,0.20980228,0.19603926
4167318793,0.30918112,0.34258708,0.3482318
4167319996,0.721158,0.13874795,0.14009406
4167466838,0.37510455,0.30832425,0.31657115
4167510653,0.32318327,0.30530122,0.37151545
4167550578,0.6078803,0.19330834,0.19881147
4167675963,0.11611167,0.11611563,0.7677727
4167705965,0.35210028,0.24401955,0.40388012
4167900022,0.29325312,0.26607245,0.44067442
4167903727,0.32148665,0.26068014,0.41783318
4167987440,0.34022325,0.33814147,0.32163522
4168015805,0.28930184,0.3767852,0.333913
4168035588,0.09566338,0.09813991,0.8061967
4168086490,0.28960496,0.25032488,0.46007013
4168195654,0.70168364,0.12140767,0.17690875
4168217861,0.6955493,0.118158124,0.18629253
4168221952,0.13988636,0.11310892,0.74700475
4168436541,0.34015268,0.40405053,0.2557968
4168612425,0.30657583,0.3328951,0.360529
4168819879,0.19885464,0.18077151,0.62037385
4168863051,0.25854108,0.34679046,0.3946685
4168905424,0.32179105,0.39254603,0.28566295
4168940012,0.2571511,0.30220813,0.44064072
4168973736,0.41967726,0.27962416,0.30069858
4169040683,0.2896841,0.2575739,0.45274204
4169063775,0.27078214,0.3410476,0.38817027
4169152145,0.26921678,0.45456943,0.27621365
4169233066,0.609617,0.17454591,0.21583705
4169282752,0.32488602,0.44953966,0.22557437
4169308866,0.36041752,0.31561232,0.32397017
4169343630,0.09174038,0.7979091,0.11035052
4169352682,0.35963854,0.20873472,0.4316268
4169363171,0.3412311,0.29793823,0.36083066
4169521484,0.5430957,0.21286988,0.24403444
4169604162,0.4640994,0.29783192,0.23806876
4169672936,0.41918856,0.2846221,0.2961893
4169808721,0.23833393,0.20498842,0.55667764
4169883039,0.0875467,0.79732496,0.11512843
4170007001,0.33716974,0.41403526,0.24879493
4170060125,0.32111555,0.43403533,0.24484907
4170134628,0.19582458,0.57297736,0.2311981
4170283219,0.46697012,0.2777508,0.25527912
4170309703,0.25338963,0.28658447,0.46002588
4170410272,0.31777424,0.3138052,0.36842066
4170496928,0.16573603,0.56870776,0.26555625
4170507213,0.34944984,0.3259863,0.3245638
4170676183,0.47271204,0.26787677,0.25941113
4170695439,0.103464216,0.779344,0.11719175
4170739200,0.43991178,0.3187623,0.24132593
4170768954,0.43180108,0.28441343,0.2837856
4170788078,0.32666686,0.3299745,0.3433586
4170903915,0.14262308,0.70649904,0.15087788
4171067017,0.21879059,0.40826595,0.3729434
4171077677,0.23598236,0.2597614,0.5042563
4171176799,0.3525959,0.30135944,0.3460447
4171201817,0.36604315,0.26199165,0.3719652
4171224670,0.54563046,0.19951591,0.25485367
4171271542,0.38082856,0.3683308,0.25084066
4171279316,0.19552319,0.5919199,0.21255696
4171574309,0.21307825,0.52731335,0.25960836
4171577104,0.21832155,0.5811484,0.20053004
4171593426,0.31703424,0.26494896,0.41801682
4171729273,0.25708675,0.45822993,0.2846833
4171816182,0.2958498,0.32891315,0.37523702
4171845034,0.61463827,0.19903046,0.1863312
4171879266,0.46539268,0.25762257,0.2769848
4171891685,0.26437747,0.40353993,0.3320826
4171998584,0.4065864,0.36016524,0.23324831
4172190642,0.2005146,0.5508471,0.24863839
4172199233,0.20512432,0.554655,0.24022064
4172303561,0.26580244,0.28518936,0.44900823
4172309444,0.40699676,0.2508901,0.3421131
4172354426,0.4843332,0.24405193,0.27161485
4172472084,0.41550454,0.2736521,0.31084335
4172499314,0.47582197,0.25185013,0.27232793
4172584142,0.33219132,0.3240194,0.3437893
4172609151,0.4278443,0.33876282,0.23339288
4172633408,0.46907616,0.26646832,0.2644555
4172669833,0.37678596,0.3253717,0.29784238
4172674866,0.111449316,0.77054757,0.11800313
4172864939,0.38692728,0.36519223,0.24788047
4172898321,0.4911255,0.2797313,0.22914328
4172915139,0.57622826,0.20745984,0.21631183
4172947196,0.32517242,0.38529992,0.2895277
4172965563,0.15317589,0.67523247,0.17159164
4172989254,0.29499957,0.31680685,0.38819364
4173074985,0.09406437,0.7997307,0.10620493
4173100975,0.2932135,0.3610537,0.34573284
4173425439,0.3563148,0.28130767,0.3623775
4173530859,0.21342604,0.21802983,0.56854415
4173700973,0.22803651,0.4895074,0.2824561
4173785422,0.28902408,0.33129734,0.37967858
4173848971,0.29048318,0.45850232,0.25101453
4173924736,0.11580671,0.7137908,0.17040251
4174058512,0.571115,0.21690328,0.2119817
4174180886,0.11633209,0.7507949,0.13287303
4174344180,0.11664146,0.15182005,0.7315385
4174432572,0.55839294,0.22111093,0.22049609
4174462741,0.49770176,0.26055342,0.24174482
4174489058,0.5286582,0.19695589,0.27438593
4174491416,0.65812683,0.16535,0.17652315
4174492587,0.45475504,0.29648918,0.24875574
4174542085,0.3444302,0.38923606,0.2663337
4174658190,0.492694,0.210881,0.29642504
4174718145,0.348908,0.38113272,0.26995927
4174835967,0.21199429,0.35644248,0.4315633
4174883723,0.3183901,0.38712665,0.29448324
4174948918,0.3348039,0.33194327,0.3332528
4174972482,0.28381467,0.36727378,0.3489115
4175203725,0.48936164,0.28914797,0.22149037
4175245801,0.18112376,0.16610129,0.652775
4175305822,0.30626357,0.3652691,0.3284674
4175367636,0.5832968,0.2111548,0.20554836
4175436066,0.61645705,0.1597737,0.22376928
4175477007,0.22843495,0.52027214,0.25129288
4175546451,0.48465195,0.24239735,0.2729507
4175772759,0.12381239,0.10910742,0.7670802
4175808371,0.18192105,0.6154845,0.20259441
4175995372,0.31081918,0.31745756,0.3717232
4176087396,0.29962924,0.4049469,0.2954238
4176110595,0.5735326,0.22067487,0.20579256
4176288077,0.55043584,0.23397294,0.21559124
4176290590,0.39134648,0.32525536,0.2833982
4176358993,0.20582831,0.1690945,0.6250772
4176408034,0.32577395,0.32892048,0.34530553
4176523478,0.31506792,0.37357497,0.3113571
4176524112,0.3516074,0.4215693,0.22682324
4176579531,0.3448736,0.30723694,0.34788945
4176634784,0.5077132,0.2680614,0.22422542
4176660341,0.60113347,0.20281169,0.19605485
4177032161,0.09545977,0.097632766,0.80690753
4177043408,0.2311481,0.23638305,0.53246886
4177193680,0.50061977,0.25662297,0.2427572
4177214417,0.17472592,0.112412505,0.71286166
4177496237,0.4156422,0.31474465,0.26961315
4177511337,0.3203334,0.39529395,0.2843727
4177565166,0.2527988,0.32265308,0.42454815
4177623046,0.326231,0.38856614,0.2852029
4177758178,0.62142843,0.16327149,0.2153001
4177781973,0.43376392,0.30575186,0.2604843
4177809642,0.110316366,0.747695,0.14198864
4177848792,0.11602255,0.7574611,0.12651639
4178012968,0.13563088,0.7192171,0.14515203
4178090534,0.25436476,0.23864135,0.5069939
4178113438,0.46118915,0.22776249,0.31104845
4178202274,0.30726212,0.3313166,0.36142135
4178221700,0.45526296,0.2917431,0.25299394
4178409811,0.25555167,0.21194904,0.53249925
4178422625,0.22667624,0.43120745,0.34211636
4178580974,0.22211353,0.5440148,0.2338717
4178691933,0.17927794,0.5975306,0.22319147
4178779416,0.16595963,0.6495999,0.18444042
4178798364,0.09978944,0.7908204,0.109390125
4178875598,0.44402993,0.2800213,0.2759487
4178878979,0.1936888,0.5390861,0.26722515
4178943362,0.48027086,0.25723293,0.26249614
4178952599,0.15971191,0.662866,0.17742208
4179085769,0.36083403,0.3610984,0.27806756
4179093073,0.28865552,0.26208168,0.4492628
4179193113,0.37810823,0.35257024,0.26932144
4179290343,0.33745408,0.44561046,0.21693541
4179296178,0.17867544,0.19167472,0.6296499
4179339679,0.3498925,0.34315425,0.30695325
4179381779,0.32031068,0.41952074,0.2601686
4179516353,0.29892632,0.3692232,0.33185053
4179674948,0.37814897,0.32250842,0.2993426
4179889805,0.24203971,0.4796509,0.27830946
4180035916,0.32003507,0.3099305,0.3700344
4180095908,0.50722504,0.26010954,0.2326654
4180110449,0.43240973,0.3060521,0.26153815
4180159800,0.3877119,0.36004618,0.25224185
4180217850,0.32093388,0.3703834,0.30868277
4180244527,0.3574846,0.3905973,0.25191802
4180289171,0.39148504,0.34150428,0.26701072
4180340316,0.35828227,0.34338015,0.29833764
4180442451,0.2922863,0.37373775,0.33397594
4180555882,0.35934287,0.33140668,0.30925035
4180691754,0.21565054,0.2153674,0.56898206
4180730753,0.31691915,0.27911767,0.40396318
4180749461,0.28025356,0.31964317,0.40010324
4180754702,0.5565373,0.1438583,0.29960448
4181032576,0.34424984,0.25073528,0.40501487
4181116519,0.4169953,0.33465868,0.24834609
4181143702,0.3458937,0.3379109,0.3161954
4181145755,0.09116117,0.09093827,0.8179006
4181333398,0.16780101,0.64242744,0.18977153
4181356924,0.21923319,0.5324034,0.24836338
4181369541,0.28478467,0.39556435,0.31965095
4181408495,0.46257398,0.29483256,0.24259345
4181782696,0.3444351,0.26900145,0.38656342
4181784550,0.43398124,0.30927193,0.25674692
4181836058,0.20957486,0.4938733,0.29655185
4181869843,0.22748138,0.4488538,0.3236648
4181957411,0.39801353,0.27521527,0.3267711
4182139432,0.23898903,0.2213659,0.539645
4182287043,0.32472762,0.40470037,0.2705721
4182333701,0.5550633,0.23176824,0.21316844
4182362431,0.32080743,0.38677388,0.29241872
4182412427,0.32979813,0.2723062,0.3978956
4182568415,0.52761525,0.17525592,0.2971288
4182612223,0.32156903,0.40458706,0.27384385
4182616832,0.56173116,0.22775923,0.21050958
4182676184,0.5335249,0.23531346,0.2311617
4182769502,0.2931371,0.32254282,0.38432
4182769623,0.311146,0.32490146,0.3639526
4182804422,0.23052962,0.14640158,0.62306875
4183025586,0.41680717,0.33575523,0.24743763
4183084229,0.30983484,0.39147303,0.29869214
4183098708,0.44847393,0.31613103,0.23539507
4183250484,0.4372706,0.26864344,0.29408604
4183528909,0.3062704,0.31007838,0.3836513
4183561471,0.31717888,0.31733215,0.36548895
4183613999,0.34162435,0.34262252,0.31575313
4183670912,0.16232973,0.6561058,0.18156445
4183802871,0.3457439,0.32169387,0.33256224
4183954545,0.31865504,0.34122527,0.34011978
4183983954,0.3145342,0.35295933,0.33250654
4184016576,0.42419538,0.30901578,0.26678878
4184055512,0.17953965,0.5997186,0.2207418
4184120652,0.2547802,0.45412496,0.2910948
4184151175,0.097527854,0.08104965,0.8214225
4184202084,0.17372221,0.6141283,0.21214952
4184269064,0.4569785,0.24218355,0.30083802
4184383183,0.30245066,0.2229247,0.4746247
4184609760,0.4191856,0.34861147,0.23220293
4184844164,0.31755024,0.30818635,0.37426332
4184957425,0.37444553,0.28756362,0.3379909
4185040809,0.3741712,0.23578776,0.39004105
4185050265,0.18585156,0.62795055,0.18619795
4185055657,0.31023404,0.29990286,0.3898631
4185132007,0.33317554,0.28744957,0.3793749
4185134029,0.22617601,0.2550433,0.51878077
4185135579,0.083378136,0.8224372,0.09418464
4185190563,0.36023834,0.3678783,0.27188343
4185273438,0.13164213,0.7150526,0.15330526
4185328818,0.264035,0.3190644,0.4169006
4185499146,0.23455507,0.30865794,0.45678693
4185509374,0.23089896,0.43485957,0.33424157
4185563072,0.26292607,0.29679805,0.44027594
4185585688,0.7071226,0.113392085,0.1794853
4185590859,0.2521192,0.31931335,0.42856738
4185651940,0.21981125,0.25248986,0.527699
4185724417,0.22965014,0.4528076,0.31754223
4185741329,0.40579277,0.33488107,0.2593262
4185904846,0.35704887,0.34463507,0.29831612
4186030397,0.22289543,0.5912026,0.18590197
4186061511,0.28127912,0.28016615,0.43855482
4186244509,0.62472266,0.18430673,0.19097057
4186253347,0.25969028,0.5368029,0.20350681
4186489337,0.4468017,0.31765816,0.23554015
4186489411,0.413027,0.32928747,0.25768557
4186538905,0.23144504,0.39106527,0.37748975
4186640350,0.19927092,0.5123026,0.28842652
4186708974,0.35299742,0.31475663,0.332246
4186823096,0.4814321,0.18989155,0.32867628
4186864445,0.31611523,0.3267445,0.35714027
4186955213,0.41570583,0.2828198,0.3014743
4187058305,0.25348556,0.24311577,0.50339866
4187060144,0.2195515,0.2363305,0.544118
4187382747,0.3908642,0.3163083,0.29282746
4187413969,0.47008413,0.23098764,0.2989282
4187450057,0.23057713,0.2226425,0.5467804
4187578611,0.2852826,0.31241786,0.40229943
4187659488,0.2579596,0.3170507,0.42498973
4187706060,0.29893336,0.3379333,0.36313334
4187818011,0.505087,0.26157117,0.23334186
4187953419,0.3041644,0.34224054,0.35359505
4187995788,0.44809955,0.28222114,0.2696793
4188033308,0.6347589,0.1666992,0.19854186
4188095022,0.3264379,0.31837368,0.35518846
4188323107,0.60387474,0.20430452,0.1918208
4188329461,0.52896994,0.21832125,0.2527088
4188382989,0.09403931,0.089496106,0.8164646
4188445429,0.339065,0.3163673,0.34456772
4188572588,0.44319665,0.26853958,0.28826383
4188701931,0.3205779,0.3083368,0.37108532
4188718061,0.26940724,0.4320224,0.2985704
4188719719,0.33122578,0.32924187,0.33953235
4188720589,0.3480573,0.3692775,0.2826652
4188723645,0.38371614,0.3585785,0.25770536
4188882777,0.12434167,0.736543,0.13911536
4189032911,0.2814233,0.427941,0.29063576
4189070973,0.25988185,0.54239917,0.19771896
4189199849,0.20647982,0.52616835,0.26735187
4189240769,0.32870054,0.2819446,0.38935485
4189373812,0.6027448,0.17493029,0.22232494
4189448748,0.09207432,0.7902071,0.117718495
4189475053,0.1250205,0.11647954,0.7585
4189485313,0.26367652,0.34416866,0.3921548
4189594789,0.43249193,0.2842126,0.28329554
4189628934,0.41841683,0.34363773,0.23794545
4189673017,0.43862662,0.25269803,0.30867526
4189903114,0.3611265,0.34776598,0.29110748
4189903570,0.51410073,0.1540897,0.33180958
4190026775,0.13886091,0.66265184,0.19848724
4190044324,0.31873095,0.3122678,0.36900115
4190092214,0.5165404,0.21745127,0.2660084
4190120121,0.4307831,0.28710684,0.2821101
4190123713,0.11788473,0.70647985,0.1756355
4190164448,0.38885438,0.37320206,0.23794352
4190172079,0.0758831,0.8183988,0.10571816
4190207085,0.7226,0.12539937,0.15200067
4190355019,0.12503155,0.7333135,0.1416549
4190607147,0.10133567,0.7667915,0.1318728
4190625764,0.07124376,0.82883126,0.099924944
4190694161,0.31409872,0.30245635,0.38344494
4190774693,0.46012828,0.28493223,0.2549394
4190840232,0.25479895,0.4757421,0.26945892
4191214483,0.4399829,0.31480157,0.24521554
4191278050,0.3132,0.3631085,0.32369158
4191350323,0.25043875,0.27896503,0.47059625
4191491926,0.32717842,0.36736742,0.30545413
4191560269,0.48784193,0.25588906,0.256269
4191582295,0.33185506,0.37859696,0.28954795
4191601943,0.3230369,0.35119528,0.32576782
4191803774,0.42783234,0.25992623,0.31224146
4191809121,0.4205256,0.32863742,0.25083694
4191825747,0.29318494,0.34121782,0.36559722
4191871087,0.18766823,0.5830729,0.22925885
4191998097,0.14921394,0.17615993,0.6746262
4192070310,0.5109871,0.24126132,0.2477516
4192103700,0.12512828,0.7088953,0.16597639
4192140404,0.4911972,0.29343945,0.21536332
4192165148,0.32372496,0.37688863,0.29938632
4192204784,0.26641333,0.4557209,0.2778657
4192337966,0.51116246,0.2637297,0.22510782
4192406678,0.26216587,0.5149876,0.22284654
4192407066,0.39173606,0.35443598,0.25382796
4192445564,0.24361406,0.4627378,0.29364815
4192448522,0.36761403,0.31358987,0.31879613
4192504949,0.20814651,0.17822753,0.613626
4192639084,0.14610831,0.6741829,0.17970884
4192691058,0.18190092,0.6318373,0.18626177
4192697246,0.3976556,0.3136759,0.28866845
4192767001,0.49500492,0.2685187,0.23647636
4192781863,0.20030199,0.5884406,0.21125737
4192994643,0.5252238,0.19414175,0.2806344
4193064537,0.4963351,0.28896162,0.21470335
4193224903,0.44627345,0.304185,0.24954154
4193237152,0.4320208,0.28861317,0.27936602
4193273252,0.36145368,0.36094493,0.27760133
4193307072,0.41308436,0.3206657,0.26625004
4193318395,0.4826683,0.27527645,0.24205528
4193338956,0.20059223,0.12172677,0.67768097
4193465699,0.38130987,0.35737824,0.26131186
4193685101,0.6058709,0.19730684,0.19682223
4193688494,0.22147444,0.54687107,0.23165452
4193775352,0.21713836,0.5538209,0.2290407
4193908690,0.27030838,0.37724784,0.35244378
4194150310,0.26695406,0.44651398,0.28653204
4194164191,0.094525866,0.085980944,0.81949323
4194213797,0.21561712,0.545363,0.23901983
4194340648,0.68923616,0.14989612,0.16086768
4194365901,0.2643934,0.4965193,0.23908733
4194370349,0.26481187,0.47081867,0.26436958
4194387370,0.29857165,0.3828173,0.31861106
4194522033,0.37208062,0.35800815,0.26991123
4194578980,0.40328288,0.33962733,0.25708976
4194615553,0.3886774,0.31815827,0.29316434
4194842638,0.34208497,0.38627735,0.2716377
4194909693,0.38831183,0.32197687,0.2897113
4194936305,0.45185906,0.28695872,0.26118216
4194973013,0.18569414,0.63577014,0.1785358
4195019530,0.3387319,0.32757968,0.3336884
4195185784,0.2889763,0.42604443,0.28497922
4195312630,0.46933058,0.27823472,0.25243482
4195348438,0.5558843,0.19452007,0.24959555
4195403958,0.25022364,0.25409746,0.4956789
4195417677,0.5629208,0.18016595,0.25691327
4195418175,0.4022646,0.34905034,0.2486851
4195459891,0.19883147,0.20234163,0.5988269
4195489230,0.16022487,0.14193176,0.6978433
4195574869,0.20246173,0.62193453,0.1756038
4195618506,0.24845807,0.4859526,0.26558936
4195818957,0.581627,0.21720494,0.201168
4195835698,0.31501135,0.3865852,0.29840347
4196018712,0.26740474,0.28116766,0.4514277
4196088169,0.15432699,0.6716303,0.1740427
4196104333,0.5024539,0.25163707,0.24590904
4196209059,0.3922856,0.3062454,0.30146912
4196273503,0.46706635,0.27355346,0.2593802
4196281932,0.38007948,0.30659997,0.31332052
4196302229,0.21345957,0.18474042,0.60179996
4196425669,0.3415074,0.3687843,0.28970838
4196464969,0.36210498,0.30315542,0.3347396
4196492906,0.27577907,0.28840137,0.43581963
4196529871,0.37266392,0.35599777,0.2713383
4196542797,0.29217815,0.27833992,0.42948198
4196605305,0.47284523,0.23555501,0.29159978
4196634256,0.34184673,0.34524935,0.3129039
4196740661,0.32515204,0.30176702,0.3730809
4196862242,0.52574766,0.22006609,0.25418627
4196938435,0.53139347,0.25745252,0.21115398
4196962833,0.1408238,0.6867224,0.17245384
4197054597,0.67100173,0.15618607,0.17281218
4197094854,0.33617264,0.32966912,0.33415824
4197226936,0.5496283,0.24722931,0.20314239
4197297122,0.25524616,0.4745969,0.27015704
4197301939,0.39763314,0.34806833,0.25429845
4197384588,0.35051474,0.34395203,0.3055332
4197442691,0.15858765,0.15133707,0.6900753
4197483593,0.3781482,0.30277604,0.31907585
4197502399,0.32829922,0.35056236,0.32113838
4197668521,0.4485576,0.30094692,0.2504955
4197706170,0.30650336,0.24296091,0.45053566
4197732275,0.3562275,0.31689373,0.32687882
4197739414,0.30439866,0.32919985,0.36640143
4197869230,0.41948032,0.31356287,0.2669568
4197926115,0.3112179,0.20490025,0.48388186
4198015647,0.23593286,0.3209503,0.4431168
4198213261,0.51513153,0.25460646,0.23026209
4198230943,0.6027845,0.21932954,0.17788592
4198326990,0.17384063,0.64849377,0.17766564
4198361575,0.33867645,0.32480145,0.3365221
4198382072,0.328008,0.37778538,0.29420662
4198384283,0.4361626,0.27514923,0.28868818
4198426697,0.29029226,0.45536438,0.25434327
4198453021,0.22814903,0.26837233,0.5034787
4198462022,0.3128218,0.37747926,0.3096989
4198495861,0.31893572,0.3616639,0.3194004
4198638321,0.37564653,0.36938342,0.25497004
4198665000,0.30364785,0.366457,0.32989523
4198765301,0.24090573,0.5142944,0.24479994
4198823489,0.20876053,0.2085634,0.582676
4198839115,0.32369393,0.39307195,0.2832342
4198855286,0.5765561,0.21604186,0.20740205
4198921068,0.36769563,0.32381403,0.3084903
4198930172,0.32571903,0.34072956,0.33355144
4198991505,0.26355785,0.42963967,0.30680242
4199341465,0.12477727,0.72988397,0.14533882
4199377257,0.6747181,0.13326955,0.19201235
4199490204,0.102681585,0.09845896,0.7988594
4199527387,0.7630054,0.10336077,0.13363373
4199554564,0.13515681,0.60243493,0.2624082
4199591707,0.3574715,0.32667565,0.31585282
4199657944,0.27450156,0.4421666,0.28333184
4199710834,0.33080333,0.33683795,0.33235878
4199746767,0.2163831,0.28541616,0.4982007
4199749410,0.33027473,0.31896418,0.350761
4199915994,0.51361,0.2369282,0.24946187
4199959504,0.5790589,0.22041553,0.20052555
4200012415,0.2521358,0.27026927,0.47759485
4200041412,0.23693362,0.29579923,0.46726716
4200088116,0.09831896,0.09888118,0.8027998
4200116363,0.40757063,0.2714968,0.3209326
4200178121,0.35375002,0.28779966,0.35845026
4200232113,0.3021627,0.39336157,0.3044757
4200354648,0.40694773,0.31834772,0.27470455
4200624010,0.40922827,0.3259764,0.26479542
4200662971,0.1279825,0.11142994,0.7605875
4200802270,0.20726223,0.1905193,0.6022184
4200906337,0.5951587,0.1476934,0.2571479
4201029752,0.31465402,0.47498626,0.2103597
4201139957,0.29841325,0.4191241,0.28246266
4201190277,0.24136601,0.36471486,0.39391914
4201251586,0.42094153,0.28154463,0.29751387
4201340181,0.2383102,0.3179474,0.44374236
4201351583,0.43481466,0.25885987,0.3063255
4201405075,0.19628201,0.21042538,0.5932926
4201462799,0.30974016,0.32964408,0.36061573
4201568106,0.5203266,0.26016822,0.21950512
4201572470,0.36944464,0.33475628,0.29579908
4201597732,0.13640565,0.7253618,0.13823253
4201858738,0.21512438,0.20622319,0.5786525
4201958783,0.15010612,0.16462573,0.6852681
4202190863,0.08503912,0.7985719,0.116388924
4202216689,0.77993494,0.07490693,0.14515814
4202253676,0.40984607,0.2977401,0.2924138
4202272395,0.3016052,0.36393526,0.3344596
4202313126,0.6656545,0.17467567,0.1596698
4202369684,0.3458691,0.40285864,0.25127232
4202449564,0.3071369,0.36060297,0.33226022
4202470157,0.4341802,0.2892739,0.27654585
4202546283,0.28465697,0.40460238,0.31074062
4202588088,0.15787162,0.16941252,0.67271584
4202628431,0.0889034,0.080771245,0.83032537
4202732049,0.33905074,0.32662892,0.33432037
4202758869,0.38264152,0.30158308,0.3157754
4202774026,0.325839,0.38454002,0.28962106
4202792520,0.24633336,0.36429155,0.3893751
4202808023,0.1989194,0.5886569,0.21242367
4202867269,0.1434576,0.13566113,0.7208812
4202907543,0.39132497,0.33584565,0.27282935
4203001345,0.34863767,0.24567892,0.4056834
4203049462,0.36456373,0.328921,0.30651525
4203159050,0.15840171,0.5699516,0.27164668
4203215347,0.60223573,0.21353032,0.18423396
4203226639,0.3881261,0.28889483,0.3229791
4203271127,0.2551254,0.38248765,0.36238697
4203311514,0.2347797,0.19969893,0.5655214
4203336799,0.36991882,0.30810627,0.32197487
4203370903,0.5667373,0.2115138,0.22174884
4203382257,0.27493224,0.41306707,0.31200072
4203389920,0.45975575,0.30088693,0.2393573
4203447979,0.49408495,0.22714807,0.2787669
4203453793,0.20866786,0.5646535,0.22667868
4203467251,0.22527222,0.594595,0.18013275
4203472375,0.37632966,0.31892148,0.30474886
4203500866,0.3092889,0.35164848,0.3390627
4203558115,0.39758924,0.32334635,0.2790645
4203678080,0.2527985,0.31220233,0.4349992
4203708763,0.34625137,0.34973663,0.30401203
4203735144,0.5653463,0.21774189,0.21691181
4203897703,0.5847135,0.21008737,0.20519912
4203921554,0.2636241,0.40850496,0.3278709
4203929745,0.31351915,0.36702463,0.31945622
4204148722,0.2322778,0.32702872,0.44069347
4204251587,0.3986978,0.3147476,0.28655463
4204296983,0.35073158,0.30641297,0.34285545
4204314195,0.34245157,0.3720576,0.2854908
4204395194,0.30985734,0.38853106,0.30161154
4204395711,0.10472186,0.78083277,0.11444547
4204499980,0.16410467,0.62042946,0.21546589
4204597476,0.17702097,0.19781685,0.62516224
4204614920,0.27038452,0.24969748,0.47991797
4204728837,0.51338965,0.26109594,0.22551443
4204760976,0.23243327,0.2338893,0.5336774
4204923022,0.50160044,0.22751175,0.2708878
4205207896,0.41228205,0.27777582,0.30994216
4205227067,0.3379169,0.30335134,0.35873178
4205236413,0.21303748,0.51174426,0.27521828
4205408166,0.30147618,0.34234768,0.35617614
4205416862,0.35621563,0.26081422,0.38297018
4205448449,0.23456888,0.5404417,0.2249894
4205475972,0.37579405,0.35798895,0.26621693
4205539430,0.42341977,0.3083251,0.2682551
4205556850,0.56342834,0.24664614,0.18992555
4205590831,0.35849473,0.35964787,0.28185737
4205660616,0.21262962,0.161902,0.6254683
4205700834,0.13494857,0.7167498,0.14830165
4205918529,0.22737159,0.22150455,0.5511238
4205926084,0.41076383,0.31313595,0.27610022
4206104127,0.48887238,0.26063305,0.2504945
4206620868,0.32226828,0.38367012,0.29406157
4206644455,0.12651609,0.14801809,0.7254658
4206692298,0.23619306,0.5043093,0.2594977
4206771947,0.49812818,0.27643883,0.22543292
4206856770,0.12296628,0.73420596,0.14282775
4206857843,0.09406707,0.08256357,0.8233693
4206928033,0.19268455,0.5899828,0.2173326
4206978375,0.10145537,0.7471483,0.15139636
4207117515,0.29502,0.33627883,0.36870113
4207145444,0.63200253,0.15051843,0.21747908
4207230250,0.31924915,0.27690205,0.40384886
4207350137,0.6685227,0.1615713,0.16990599
4207399881,0.17197461,0.6383852,0.18964021
4207419389,0.39576328,0.36773145,0.23650531
4207458018,0.32055265,0.33292896,0.3465184
4207608715,0.4189856,0.27300304,0.30801135
4207644382,0.4579706,0.20149858,0.34053084
4207712693,0.38243613,0.35567543,0.26188838
4207858001,0.6697824,0.14155532,0.1886623
4207872091,0.20757411,0.25320706,0.53921884
4207955292,0.38274282,0.32636875,0.2908885
4208005018,0.22846517,0.4221643,0.34937057
4208033247,0.32716402,0.2568431,0.4159929
4208070973,0.30769038,0.3605413,0.3317684
4208094018,0.26057822,0.47718474,0.26223707
4208245481,0.3304614,0.36076632,0.30877224
4208264163,0.3083588,0.33648932,0.35515195
4208315932,0.36400726,0.33505535,0.30093738
4208337852,0.61436874,0.2001598,0.1854714
4208358725,0.118925124,0.73602104,0.14505379
4208363462,0.4325691,0.31511515,0.25231573
4208377575,0.24921632,0.27978122,0.4710025
4208666725,0.7561106,0.089094624,0.15479478
4208691918,0.28665173,0.26921412,0.44413418
4208697224,0.42463452,0.27194783,0.30341765
4208856820,0.50975233,0.2618323,0.2284153
4208888433,0.31778866,0.38246086,0.29975048
4209039686,0.20500039,0.17676759,0.61823195
4209043802,0.35087928,0.34504545,0.30407527
4209106876,0.3998101,0.30192167,0.29826814
4209241314,0.19875377,0.1647313,0.6365149
4209242419,0.2971938,0.4334148,0.2693914
4209248786,0.259285,0.24825203,0.49246296
4209314291,0.34229103,0.31834143,0.3393675
4209346609,0.41780293,0.30880442,0.27339268
4209382341,0.156626,0.6715518,0.17182213
4209560151,0.40945354,0.30820835,0.28233814
4209717362,0.38610357,0.3191461,0.29475033
4209884162,0.38150713,0.3499277,0.2685652
4209952560,0.54645365,0.23987442,0.21367197
4210007768,0.42258903,0.29430234,0.2831086
4210113770,0.11987672,0.101117074,0.7790062
4210188715,0.2754046,0.41551328,0.30908218
4210219819,0.53826636,0.24540563,0.21632807
4210274742,0.3769836,0.3112702,0.31174612
4210339544,0.33419847,0.3637701,0.30203146
4210429094,0.3885735,0.33132994,0.28009656
4210751808,0.20771226,0.5083157,0.283972
4210895034,0.21979633,0.41375938,0.36644432
4210933969,0.20529254,0.28555548,0.509152
4210968637,0.3336068,0.3201267,0.3462665
4210995470,0.35739195,0.2881713,0.35443676
4211106202,0.1749141,0.18511154,0.63997436
4211109453,0.7048774,0.13346542,0.16165721
4211116217,0.66362005,0.15039246,0.18598752
4211159893,0.2239485,0.49171197,0.28433958
4211248122,0.51681876,0.24621183,0.2369695
4211385637,0.42200065,0.27495497,0.30304444
4211405339,0.47589138,0.25318375,0.27092487
4211559987,0.28807637,0.39020342,0.32172015
4211791373,0.24487251,0.21261643,0.5425111
4211877091,0.3510096,0.36908293,0.2799075
4211935322,0.35270682,0.35907155,0.28822166
4211973456,0.33291575,0.28935376,0.37773055
4212004032,0.62523633,0.1819148,0.19284895
4212250620,0.36472255,0.33831516,0.29696226
4212312947,0.39707524,0.2359135,0.36701134
4212432760,0.3024007,0.38455674,0.31304252
4212480740,0.4932178,0.2398532,0.266929
4212517026,0.42862055,0.29300186,0.27837753
4212683043,0.40512237,0.33562127,0.25925636
4212701199,0.23143676,0.26113382,0.5074294
4213015875,0.34399283,0.37037838,0.28562889
4213039786,0.32628414,0.36430508,0.30941075
4213057466,0.31046355,0.3518923,0.3376443
4213118986,0.14178279,0.13177761,0.7264396
4213159674,0.121328935,0.7390105,0.13966054
4213165401,0.20916791,0.18889216,0.60194
4213202148,0.2546699,0.38136256,0.36396757
4213413316,0.31087896,0.3933549,0.29576617
4213461981,0.36736283,0.32090363,0.31173354
4213513260,0.12334551,0.13194518,0.7447094
4213513434,0.42146143,0.30594411,0.27259445
4213558167,0.1682322,0.16526842,0.6664994
4213576227,0.24216281,0.3046689,0.45316833
4213638078,0.22588567,0.2475096,0.5266047
4213703396,0.33142066,0.4026206,0.26595867
4213950427,0.42589816,0.32654318,0.2475587
4214054512,0.20263687,0.5505054,0.24685769
4214265819,0.39517653,0.36432102,0.24050254
4214279148,0.08756641,0.80224884,0.11018481
4214325799,0.21287896,0.1873664,0.5997546
4214450583,0.27448544,0.4260561,0.2994585
4214689421,0.2887598,0.25916728,0.45207292
4214757383,0.47330832,0.2423655,0.2843262
4214785258,0.31226146,0.26877937,0.4189592
4214811844,0.23401117,0.54330903,0.22267978
4214871646,0.4914057,0.21990964,0.28868458
4214876898,0.13640471,0.6518259,0.21176942
4214893518,0.38865995,0.17406608,0.43727398
4214992724,0.2642244,0.51524645,0.22052917
4215069194,0.56693476,0.23960602,0.19345912
4215105062,0.23583631,0.27530935,0.48885438
4215140113,0.2019736,0.55129945,0.24672692
4215172659,0.29057458,0.4169055,0.2925199
4215257267,0.41422665,0.2832332,0.30254024
4215346086,0.19108959,0.14567146,0.66323894
4215382708,0.33834207,0.34920454,0.31245348
4215486948,0.100878045,0.085646264,0.8134757
4215506531,0.43088296,0.26547217,0.3036449
4215540619,0.38520935,0.33751047,0.27728015
4215550633,0.22163142,0.54678416,0.23158441
4215775875,0.3325418,0.3839619,0.2834963
4215802168,0.66002023,0.1624488,0.17753096
4215855431,0.23125957,0.49837998,0.27036038
4215922658,0.19254218,0.55890155,0.2485562
4215941661,0.3604759,0.35948113,0.28004298
4215943106,0.19239132,0.26206127,0.54554737
4215952705,0.40365246,0.15750337,0.43884426
4216024617,0.15575702,0.66747963,0.17676325
4216063518,0.31539202,0.30946204,0.37514597
4216086527,0.16605577,0.6083868,0.22555745
4216093509,0.17626041,0.5610623,0.26267734
4216097527,0.12704666,0.72069025,0.15226306
4216142538,0.3851047,0.30633914,0.30855623
4216204587,0.25389355,0.44280753,0.30329895
4216337905,0.44461358,0.31173754,0.24364895
4216393500,0.34885606,0.3334426,0.3177013
4216398877,0.4327484,0.30168912,0.2655625
4216460780,0.25747687,0.214255,0.5282681
4216471352,0.14292566,0.62615263,0.23092167
4216704538,0.24806067,0.47127795,0.2806614
4216751888,0.30505943,0.36360446,0.3313361
4216769264,0.5600752,0.21434584,0.22557902
4216888231,0.38880843,0.3279981,0.28319347
4217081008,0.22002809,0.40224776,0.37772414
4217089179,0.31335092,0.33380952,0.35283953
4217158358,0.26486403,0.25753224,0.47760367
4217162489,0.33486116,0.32270956,0.3424292
4217163582,0.55038434,0.23964675,0.20996894
4217167328,0.2931961,0.36710778,0.3396961
4217207737,0.22842243,0.20678343,0.5647941
4217305068,0.37568864,0.28253624,0.34177518
4217499598,0.58902484,0.18606041,0.22491473
4217667437,0.3758473,0.3016551,0.32249767
4217724456,0.108439244,0.09131942,0.8002413
4217759934,0.3025635,0.41456786,0.28286862
4217960996,0.1538123,0.6630455,0.18314211
4218005059,0.22375119,0.24964853,0.52660024
4218036675,0.13464543,0.7279818,0.13737275
4218187867,0.3195113,0.2970663,0.3834224
4218205855,0.69453347,0.124649726,0.1808168
4218242690,0.42535657,0.28361952,0.29102394
4218567078,0.2845178,0.33772886,0.3777533
4218587748,0.50655675,0.21007898,0.28336427
4218709426,0.31205145,0.37248552,0.315463
4218722664,0.50465506,0.25766256,0.23768234
4218747282,0.29627016,0.31326753,0.3904623
4219003246,0.4042264,0.280332,0.3154416
4219016194,0.19372751,0.5684787,0.23779377
4219055044,0.3128789,0.40302792,0.28409314
4219086767,0.4005412,0.2703533,0.3291055
4219126037,0.30262703,0.28808606,0.4092869
4219126153,0.3980322,0.32867488,0.273293
4219148809,0.6664784,0.14111929,0.19240232
4219164523,0.5076244,0.2501038,0.24227181
4219212483,0.30902535,0.33290473,0.35806996
4219233608,0.51194215,0.24781252,0.2402453
4219270156,0.37299564,0.3483939,0.2786104
4219323722,0.19547062,0.19266026,0.6118691
4219506837,0.36573374,0.3096554,0.32461092
4219516491,0.1689336,0.29837963,0.5326867
4219634469,0.09851251,0.09540852,0.80607903
4219667568,0.31320724,0.3937136,0.2930792
4219980097,0.46349266,0.2728645,0.26364294
4220056378,0.3695268,0.36791456,0.26255864
4220063789,0.19864695,0.1968082,0.6045449
4220149347,0.13899766,0.7067501,0.15425219
4220233372,0.31402645,0.3460319,0.33994162
4220240385,0.33432737,0.35049018,0.31518248
4220290774,0.31187892,0.3189918,0.36912924
4220305502,0.13203518,0.10829607,0.7596687
4220311356,0.426736,0.29804838,0.27521563
4220495759,0.23634756,0.45755258,0.30609986
4220521423,0.37300387,0.32624283,0.3007533
4220663412,0.3625261,0.2475499,0.38992396
4220674200,0.14057209,0.69886047,0.16056748
4220721936,0.14040077,0.13128978,0.7283094
4220751793,0.3390979,0.37206253,0.2888396
4220753267,0.75047696,0.110921845,0.13860121
4220767928,0.21935232,0.5638707,0.21677692
4220800031,0.12109699,0.7428555,0.13604748
4220898398,0.38541746,0.33030808,0.28427443
4220954882,0.32679296,0.2903431,0.38286394
4221188589,0.18797411,0.60597765,0.20604827
4221212915,0.25133637,0.301583,0.44708058
4221368533,0.44024774,0.31107664,0.24867566
4221534759,0.24337806,0.3431133,0.41350853
4221564991,0.27327496,0.42624024,0.30048484
4221594129,0.30775738,0.32641473,0.36582786
4221656851,0.5688735,0.22975047,0.201376
4221668962,0.3835563,0.29640514,0.32003853
4221720001,0.17582454,0.43467444,0.38950104
4221790380,0.57211614,0.22281677,0.20506707
4221854008,0.09317679,0.78449184,0.12233133
4221900502,0.41769716,0.3041245,0.2781783
4221941249,0.38876253,0.22992143,0.38131607
4221959654,0.32629228,0.344127,0.32958075
4221973016,0.38174006,0.31452066,0.3037393
4222028214,0.3251748,0.32279903,0.35202622
4222086737,0.12452375,0.11876855,0.75670767
4222174166,0.33970696,0.2928497,0.3674434
4222267907,0.3347221,0.3087385,0.35653946
4222362831,0.3316756,0.3915529,0.27677155
4222431561,0.7641445,0.097574405,0.13828109
4222536975,0.30765513,0.33361277,0.35873207
4222545106,0.16528045,0.26296744,0.5717521
4222577204,0.25108683,0.24967988,0.49923325
4222740905,0.32500067,0.4191348,0.25586456
4222785443,0.17755754,0.5943916,0.22805087
4222806304,0.11892616,0.7174654,0.16360849
4222815897,0.36642453,0.3434089,0.2901666
4222847658,0.27615833,0.29152346,0.43231824
4222896710,0.26757732,0.31252792,0.41989475
4222953595,0.3655837,0.23520395,0.3992123
4222961817,0.3535285,0.29620025,0.35027122
4223244199,0.382262,0.26593977,0.35179818
4223301255,0.12581034,0.11917564,0.755014
4223340612,0.07563616,0.8319677,0.092396155
4223345373,0.1441194,0.65504473,0.20083585
4223387653,0.33588383,0.40122637,0.26288986
4223399997,0.66083413,0.16616024,0.1730056
4223410220,0.34161663,0.34391662,0.3144667
4223413602,0.30987692,0.3531308,0.33699223
4223746574,0.5202343,0.25446543,0.22530031
4223763439,0.22074385,0.3875459,0.39171016
4223764049,0.3287716,0.3541064,0.31712198
4223786561,0.2842377,0.44273695,0.2730253
4223913492,0.36822614,0.35641554,0.27535832
4223951278,0.26081088,0.23508626,0.5041029
4223990868,0.15521954,0.6585026,0.18627787
4224066676,0.3946092,0.3390173,0.26637354
4224115839,0.626936,0.16485563,0.20820834
4224123809,0.2859102,0.1832693,0.5308205
4224330542,0.33671436,0.34537753,0.3179081
4224487971,0.25187045,0.27131784,0.47681174
4224488475,0.31534246,0.40498257,0.27967498
4224532506,0.4278443,0.33876282,0.23339288
4224546335,0.24507742,0.3117083,0.44321424
4224565288,0.28235802,0.36519215,0.35244983
4224707626,0.30011213,0.36988053,0.33000734
4224728234,0.4820217,0.25972065,0.2582577
4224797115,0.14754194,0.6659346,0.18652338
4224812135,0.39182308,0.25294933,0.3552276
4224860363,0.3154882,0.3109899,0.3735219
4224863280,0.30127648,0.28038785,0.4183357
4224929567,0.3627637,0.35551676,0.28171954
4225011878,0.2650896,0.17614833,0.558762
4225023243,0.35146773,0.35111716,0.2974151
4225093378,0.3856618,0.34761932,0.2667189
4225138094,0.25046346,0.44303215,0.30650434
4225163398,0.3868064,0.33537233,0.27782124
4225174423,0.3305212,0.34450793,0.32497096
4225202894,0.28887436,0.34368852,0.3674371
4225209826,0.27513638,0.31980422,0.40505937
4225353156,0.28962845,0.3875028,0.32286873
4225429292,0.38652983,0.3352916,0.27817854
4225507700,0.13307409,0.12857278,0.73835313
4225571345,0.26220074,0.24210116,0.49569812
4225692102,0.16139711,0.6276945,0.21090841
4225694468,0.30006015,0.37355986,0.32637998
4225794120,0.11655571,0.74169797,0.14174625
4225867641,0.2003791,0.18733843,0.61228245
4225915327,0.5171078,0.23742174,0.24547048
4226163107,0.58486766,0.21616049,0.1989718
4226180259,0.33221778,0.21151127,0.45627096
4226256701,0.2191083,0.5192221,0.26166967
4226335147,0.20896408,0.54491585,0.24612
4226462335,0.34747565,0.3368368,0.3156875
4226561711,0.27653462,0.34402817,0.37943715
4226791036,0.18143609,0.18187417,0.6366898
4226795445,0.16576964,0.6432732,0.19095722
4226859051,0.34516108,0.27993467,0.37490425
4226920149,0.35180786,0.3468091,0.30138302
4226971091,0.4151835,0.34196448,0.24285193
4227027374,0.50314903,0.23890845,0.2579425
4227115802,0.32495725,0.35985255,0.3151902
4227221919,0.4086225,0.25843373,0.33294377
4227253840,0.23576126,0.25171053,0.51252824
4227300365,0.28111896,0.26867414,0.45020697
4227312268,0.54483426,0.22074616,0.23441954
4227370967,0.46107566,0.26195306,0.2769713
4227388144,0.3378492,0.32935104,0.3327997
4227422444,0.2664074,0.40726784,0.32632473
4227477791,0.28758547,0.32100266,0.39141184
4227490224,0.36431003,0.34010118,0.29558876
4227491806,0.5756095,0.18819876,0.23619176
4227573282,0.20831795,0.54678154,0.24490047
4227608081,0.36650184,0.2681239,0.36537424
4227673279,0.123777844,0.72989315,0.14632902
4227706654,0.65226114,0.1608727,0.18686612
4227725606,0.30051157,0.2089668,0.4905216
4228007665,0.57770115,0.18494073,0.23735823
4228017915,0.2674546,0.2709547,0.46159083
4228053482,0.47449496,0.26765132,0.2578537
4228081378,0.22895084,0.4767297,0.29431942
4228111213,0.29695967,0.2717038,0.43133655
4228138689,0.27916765,0.25185615,0.46897623
4228256019,0.7795418,0.101109184,0.11934902
4228318696,0.34484923,0.3700255,0.28512532
4228353914,0.40031144,0.34992552,0.24976306
4228357419,0.43638495,0.3178346,0.24578041
4228478004,0.3539134,0.34762943,0.29845724
4228514324,0.28511333,0.22525214,0.4896346
4228604298,0.36377105,0.18249407,0.45373484
4228672218,0.28376594,0.40678555,0.30944854
4228693234,0.50141656,0.2710894,0.227494
4228695445,0.3602213,0.3548769,0.2849018
4228846139,0.14384213,0.14639102,0.7097669
4228864129,0.09328883,0.7934305,0.11328067
4228881315,0.15898761,0.1590429,0.68196946
4228958963,0.07357542,0.81492853,0.111496
4228984049,0.5901804,0.20702615,0.2027935
4228989625,0.27116397,0.51634336,0.21249263
4228994472,0.40811452,0.3183743,0.27351123
4229021901,0.30710083,0.36844322,0.3244559
4229024373,0.25197214,0.31272855,0.43529928
4229026270,0.3174792,0.41201818,0.27050263
4229029324,0.7007245,0.14630166,0.15297394
4229267872,0.12968348,0.72268474,0.14763172
4229308244,0.33920714,0.32075852,0.34003437
4229384919,0.18190432,0.17215917,0.6459365
4229393037,0.5493118,0.20749177,0.24319641
4229455167,0.41621464,0.28686166,0.29692376
4229518975,0.12608232,0.124019094,0.7498987
4229565591,0.13649035,0.7109903,0.15251936
4229729456,0.27683595,0.36279303,0.36037102
4229760992,0.3381468,0.388472,0.2733813
4229891109,0.34587163,0.36049056,0.29363775
4229911856,0.28960437,0.34793326,0.36246237
4229941807,0.33133534,0.36673725,0.3019274
4230005877,0.1987923,0.58806187,0.21314584
4230038459,0.16419485,0.22249594,0.6133092
4230051950,0.13888805,0.16148147,0.6996305
4230143796,0.40129012,0.31922317,0.27948672
4230209886,0.23888406,0.5125142,0.24860175
4230246994,0.29972813,0.2647661,0.43550575
4230389296,0.2215869,0.5315489,0.24686424
4230393646,0.30972266,0.35193345,0.338344
4230414336,0.56906617,0.22458506,0.2063488
4230441485,0.1991664,0.546888,0.25394565
4230597810,0.3148994,0.44372392,0.24137665
4230621637,0.1271287,0.10927132,0.76359993
4230632701,0.44117564,0.26027972,0.29854465
4230647450,0.42803335,0.3200966,0.25187
4230691533,0.3091899,0.3764564,0.3143538
4230725414,0.37762758,0.35382116,0.2685513
4230727371,0.22421087,0.27640605,0.49938303
4230739518,0.425725,0.31292358,0.26135147
4230845744,0.6405462,0.17580049,0.18365332
4230892453,0.13496688,0.71848685,0.14654623
4230898138,0.4190322,0.27711678,0.30385104
4231074056,0.4743637,0.27091616,0.25472012
4231121122,0.31976303,0.32354426,0.35669276
4231143363,0.21573733,0.5801517,0.20411105
4231263115,0.19197817,0.5800374,0.22798437
4231384754,0.22948103,0.5133989,0.2571201
4231390516,0.36073583,0.30753514,0.33172908
4231390741,0.45954072,0.30417022,0.23628901
4231468933,0.43137437,0.30014944,0.26847622
4231503949,0.22731873,0.19526587,0.57741535
4231575331,0.28107187,0.31445947,0.4044687
4231628683,0.17170165,0.14950803,0.67879033
4231644896,0.6021149,0.20458364,0.19330147
4231741198,0.38335207,0.35088795,0.26575997
4231776347,0.3062496,0.3769868,0.31676358
4231835971,0.08564247,0.80910665,0.10525088
4231882408,0.34096617,0.33684197,0.3221919
4231995963,0.24961397,0.19404337,0.5563426
4232134892,0.26854506,0.367319,0.3641359
4232164637,0.21581373,0.52366763,0.2605187
4232184126,0.30001137,0.40292048,0.29706812
4232255270,0.35409105,0.22602105,0.41988787
4232302965,0.06873044,0.8350379,0.09623164
4232369605,0.44757408,0.32395738,0.22846857
4232369931,0.23966637,0.2829222,0.47741145
4232370083,0.1776067,0.20353244,0.6188609
4232378807,0.09468046,0.79052657,0.11479299
4232402348,0.10049666,0.765667,0.13383636
4232425627,0.33182877,0.3266028,0.34156844
4232543179,0.40042192,0.34981674,0.2497613
4232732728,0.34983578,0.3447925,0.30537176
4232786108,0.4348684,0.29996133,0.26517028
4232791784,0.34898314,0.28767267,0.36334416
4232797987,0.3635515,0.3072098,0.32923874
4232938051,0.12561928,0.7336846,0.14069608
4233296717,0.16051595,0.16037317,0.6791108
4233308113,0.51313347,0.26797622,0.21889038
4233383829,0.35732424,0.28896543,0.35371035
4233458392,0.35154796,0.27009627,0.3783558
4233537623,0.23270127,0.33179298,0.4355057
4233581413,0.44041938,0.28604555,0.2735351
4233633398,0.3459662,0.30666652,0.34736732
4233715289,0.33680764,0.2911382,0.3720542
4233716294,0.44200328,0.29453212,0.2634646
4233722455,0.29842484,0.27542943,0.42614576
4233774292,0.13982527,0.14195697,0.71821773
4233902611,0.44518232,0.31335697,0.24146065
4234042907,0.32833877,0.36747143,0.30418983
4234091756,0.39681533,0.3230158,0.2801689
4234169862,0.40965372,0.2673756,0.3229707
4234203318,0.43235853,0.30183452,0.26580697
4234264844,0.31552604,0.3320395,0.3524345
4234452082,0.30561206,0.35763213,0.3367558
4234476464,0.22337359,0.48598057,0.2906458
4234523403,0.4635179,0.2685524,0.26792967
4234651840,0.30016142,0.3220549,0.3777837
4234701091,0.5198616,0.25683025,0.22330813
4234712904,0.38829195,0.34779143,0.2639166
4234765453,0.15879005,0.17466012,0.6665498
4234795762,0.5266682,0.24161325,0.2317186
4234829909,0.23352382,0.2560783,0.51039785
4234950574,0.44678074,0.23657861,0.3166406
4235164855,0.32971948,0.3773242,0.29295635
4235217465,0.60809344,0.18527706,0.20662944
4235255992,0.24484581,0.25629705,0.49885714
4235276634,0.18095821,0.58698297,0.23205881
4235349088,0.5137322,0.24634835,0.2399195
4235485065,0.06426063,0.84644675,0.08929263
4235648171,0.27214518,0.39095148,0.33690327
4235738750,0.08886471,0.8010833,0.110051945
4235860183,0.11382686,0.09729563,0.7888774
4235879501,0.27978235,0.283138,0.43707958
4236051016,0.109850764,0.10424185,0.7859074
4236078838,0.6963548,0.13795468,0.16569059
4236095246,0.112412415,0.7501574,0.13743027
4236273125,0.34235904,0.21791974,0.43972126
4236294114,0.38835064,0.26752502,0.3441244
4236306493,0.09302446,0.077382796,0.82959276
4236381781,0.40136507,0.3009843,0.29765064
4236412174,0.23688477,0.22465214,0.5384631
4236414699,0.14181389,0.12679489,0.73139125
4236514722,0.114121296,0.7471038,0.1387749
4236571663,0.3710328,0.3181595,0.3108077
4236629607,0.5137799,0.23024096,0.25597918
4236728758,0.49285993,0.25458694,0.25255316
4236828450,0.41723022,0.29119715,0.29157266
4237064537,0.5430794,0.2566109,0.20030974
4237182354,0.13194697,0.13608943,0.73196363
4237294362,0.34393492,0.3591549,0.2969102
4237302973,0.39152238,0.3419803,0.2664973
4237394671,0.14121051,0.6458829,0.21290658
4237448181,0.56789124,0.21582614,0.21628265
4237549667,0.33235872,0.32058716,0.34705412
4237575976,0.252556,0.40896475,0.33847928
4237692704,0.3153889,0.41134673,0.27326435
4237758938,0.13649084,0.13050827,0.73300093
4237890612,0.21123932,0.5705617,0.21819898
4238139643,0.40482917,0.3135442,0.28162664
4238232738,0.62274545,0.18931943,0.18793508
4238239499,0.5347067,0.21307799,0.2522153
4238256918,0.31772345,0.42317635,0.25910017
4238456955,0.59343415,0.21489614,0.19166967
4238511728,0.2808038,0.33613008,0.3830661
4238618740,0.39217198,0.32533982,0.2824882
4238625973,0.32194737,0.30953714,0.3685155
4238639849,0.5711881,0.20427917,0.22453268
4238728244,0.3642509,0.3051474,0.33060166
4238735928,0.19923092,0.6021147,0.19865443
4238879331,0.10076449,0.11368759,0.7855479
4238884365,0.41619098,0.32235968,0.26144937
4238905317,0.39587948,0.3195324,0.28458807
4238996187,0.48542386,0.23588803,0.27868813
4239091133,0.3601167,0.35084268,0.28904063
4239175528,0.23238477,0.34215245,0.4254627
4239286406,0.40193316,0.26920706,0.32885975
4239396447,0.4940955,0.28359404,0.22231045
4239696605,0.48559484,0.2806528,0.23375241
4239785503,0.3886001,0.33722436,0.27417555
4239786468,0.48174304,0.21965715,0.29859975
4239797148,0.5971011,0.20966358,0.1932353
4239825910,0.45758054,0.29766527,0.24475418
4239870328,0.7797855,0.09229256,0.12792191
4239881018,0.37366623,0.3608388,0.265495
4239926309,0.2780085,0.39273524,0.32925633
4240073128,0.29036716,0.36975193,0.3398809
4240139486,0.40256795,0.34166828,0.2557638
4240162389,0.12615366,0.70708233,0.16676398
4240290277,0.24831907,0.4517176,0.29996333
4240526944,0.25779104,0.25653544,0.48567343
4240586774,0.2742739,0.22684959,0.49887654
4240644936,0.31852904,0.35029453,0.33117646
4240757348,0.44172114,0.25063935,0.30763957
4240761128,0.32232577,0.31078684,0.36688736
4240768613,0.33982033,0.34750438,0.3126754
4240788527,0.14366722,0.6736593,0.18267348
4240801841,0.32266173,0.37828085,0.29905745
4240824080,0.32451627,0.3386475,0.33683622
4240832884,0.4935689,0.24974912,0.25668207
4240992154,0.22791572,0.5231777,0.24890658
4241066553,0.36346826,0.41511387,0.2214178
4241077718,0.3514347,0.34094924,0.30761608
4241218476,0.3440568,0.37465033,0.28129292
4241233464,0.51045877,0.21632384,0.27321747
4241290715,0.52203244,0.2526765,0.22529104
4241325093,0.64106745,0.16257136,0.19636123
4241355217,0.390043,0.3394625,0.27049443
4241435251,0.23928827,0.49807695,0.26263487
4241437587,0.33777207,0.34715715,0.31507075
4241475102,0.3368042,0.31160587,0.3515899
4241508462,0.19854397,0.17896035,0.62249565
4241535373,0.54032993,0.23438354,0.22528659
4241539495,0.2880737,0.27184764,0.44007862
4241549408,0.28195295,0.48954618,0.22850084
4241576673,0.24748255,0.5006129,0.25190455
4241624870,0.15217188,0.68667233,0.1611558
4241628733,0.45123443,0.29630208,0.25246346
4241735652,0.35207763,0.34894985,0.29897255
4241740209,0.34554154,0.31883812,0.33562037
4241859190,0.7823123,0.08571191,0.13197577
4241948896,0.3303221,0.3585747,0.31110325
4241954583,0.23467018,0.2690017,0.49632815
4241970758,0.34775606,0.32836998,0.32387397
4242010621,0.22690552,0.4620602,0.31103426
4242193184,0.25649518,0.5068513,0.23665355
4242444282,0.7206113,0.122475,0.15691371
4242574699,0.2778361,0.389487,0.3326769
4242665893,0.32860017,0.35268024,0.3187196
4242799175,0.24127041,0.45031634,0.30841333
4242807664,0.278728,0.3762134,0.34505856
4242852890,0.21141882,0.34279996,0.4457812
4242990067,0.43745658,0.30093473,0.26160863
4243121188,0.17351659,0.18617624,0.6403071
4243204289,0.13441029,0.7187918,0.14679791
4243287349,0.088136345,0.80182976,0.11003396
4243326482,0.33010593,0.31018078,0.35971326
4243465992,0.32625765,0.35475695,0.31898534
4243481980,0.5899619,0.20128602,0.20875205
4243491505,0.15351592,0.6499602,0.19652387
4243571764,0.34458283,0.343994,0.31142312
4243595775,0.31175745,0.35639542,0.3318471
4243624067,0.38157257,0.33636972,0.28205776
4243652941,0.10046487,0.10562669,0.79390854
4243714918,0.3483833,0.38119128,0.2704255
4243756166,0.11318082,0.7210795,0.1657397
4243756531,0.23678383,0.44468576,0.31853044
4243770332,0.25519896,0.30586174,0.43893927
4243823481,0.5207024,0.23569858,0.24359897
4243849908,0.49428245,0.25924736,0.24647024
4243879017,0.41142985,0.29304892,0.2955212
4243946394,0.5734465,0.20097291,0.22558057
4243979266,0.33910096,0.31217998,0.348719
4244054400,0.47948164,0.20840096,0.31211743
4244070647,0.4515977,0.2945087,0.25389355
4244095332,0.30231255,0.28868398,0.4090035
4244101139,0.60617423,0.21849515,0.17533062
4244151675,0.20158724,0.24875349,0.5496593
4244250227,0.0776362,0.81744486,0.104918905
4244284786,0.24025494,0.298406,0.4613391
4244417844,0.48617136,0.20769475,0.30613384
4244431598,0.17966034,0.30121982,0.5191198
4244474169,0.074325815,0.81740314,0.10827108
4244624277,0.43352935,0.28067136,0.28579932
4244955800,0.3049714,0.44803023,0.24699834
4244975385,0.30226937,0.23287424,0.46485636
4245042959,0.43093422,0.28342775,0.28563806
4245370350,0.3364343,0.3210937,0.34247196
4245482056,0.21579483,0.23591815,0.5482871
4245482950,0.24212593,0.2580333,0.4998408
4245546857,0.40037563,0.3247382,0.27488616
4245576702,0.12162098,0.7245895,0.15378943
4245742064,0.34601656,0.33960375,0.31437975
4245850351,0.1682143,0.20603459,0.62575114
4245852874,0.2821445,0.43219832,0.28565726
4245922310,0.34454083,0.251208,0.40425116
4246029635,0.09764379,0.76986474,0.13249138
4246075787,0.23360276,0.21250758,0.5538897
4246104267,0.15021317,0.6680041,0.18178277
4246145958,0.57228,0.23417902,0.19354096
4246199688,0.15352066,0.6348177,0.21166168
4246239046,0.32130203,0.30667603,0.37202185
4246304840,0.40415084,0.3237144,0.27213478
4246483945,0.2204778,0.55229133,0.22723089
4246753507,0.37769526,0.3353492,0.2869555
4246770411,0.18804139,0.32072568,0.49123287
4246836600,0.2987644,0.26423368,0.43700188
4246854744,0.39531174,0.3262328,0.2784554
4246910794,0.21287973,0.212096,0.57502425
4246960264,0.4433325,0.28766435,0.2690031
4247015726,0.37426627,0.28540438,0.34032938
4247020731,0.29163027,0.39111406,0.31725577
4247060309,0.32689404,0.26337153,0.4097344
4247092076,0.3853555,0.3450121,0.2696324
4247098446,0.6538342,0.16193481,0.18423101
4247112438,0.30731088,0.2997597,0.39292946
4247165262,0.23183364,0.28389183,0.48427445
4247203258,0.3540594,0.33046708,0.31547353
4247235353,0.12953095,0.7239537,0.14651537
4247287548,0.60034674,0.20927957,0.19037369
4247790577,0.41989094,0.31521633,0.26489273
4247811575,0.29213902,0.38367525,0.3241857
4247868851,0.30043632,0.30487153,0.3946922
4247996950,0.23413081,0.4633739,0.30249524
4248128259,0.2734755,0.32468054,0.40184402
4248248688,0.2966905,0.23373294,0.46957657
4248269209,0.59946954,0.20532615,0.19520429
4248288950,0.39836493,0.33455276,0.26708224
4248420073,0.3438705,0.4203203,0.23580913
4248422661,0.22500841,0.5108666,0.26412502
4248667785,0.3487422,0.3334566,0.31780127
4248918673,0.5198436,0.22272666,0.25742975
4248979414,0.1944878,0.59979665,0.20571557
4249060047,0.35719398,0.30414116,0.33866483
4249061273,0.36350626,0.293761,0.3427327
4249085989,0.48100683,0.25015476,0.26883844
4249231691,0.4275263,0.2858244,0.28664938
4249381288,0.20650704,0.1499115,0.6435815
4249591092,0.2359709,0.22741735,0.53661174
4249759461,0.30326635,0.30818745,0.38854626
4249779990,0.28357446,0.45950222,0.2569233
4249815004,0.73636824,0.10333172,0.16030005
4249865171,0.33044857,0.405547,0.26400447
4249877240,0.29687834,0.27538624,0.42773545
4250152966,0.31579697,0.3832882,0.30091488
4250251028,0.28774434,0.3082076,0.4040481
4250303195,0.14725812,0.1505078,0.7022341
4250342551,0.22569159,0.22598575,0.5483226
4250431344,0.33312333,0.31862715,0.34824955
4250439150,0.28743717,0.35943425,0.3531286
4250515153,0.31311765,0.3405321,0.3463502
4250671172,0.3214251,0.40615076,0.2724241
4250710791,0.470354,0.24077359,0.28887245
4250789938,0.3909199,0.3158468,0.29323325
4250851020,0.17230402,0.16105373,0.66664225
4250929531,0.35642055,0.35612425,0.28745523
4250938512,0.18462086,0.591188,0.2241911
4250986046,0.28340492,0.37131953,0.3452756
4251027822,0.3891152,0.3258627,0.2850221
4251266470,0.45202386,0.2907068,0.25726935
4251416142,0.12561828,0.15652531,0.7178564
4251419663,0.4984651,0.25024328,0.2512917
4251429279,0.79385614,0.09186542,0.11427844
4251452860,0.41897124,0.32712734,0.2539014
4251496736,0.35060832,0.3104287,0.3389629
4251559276,0.30203658,0.32409874,0.37386474
4251559333,0.1820867,0.64141387,0.17649937
4251575107,0.24519673,0.22133459,0.5334687
4251612311,0.18960352,0.17249787,0.6378986
4251655740,0.41953945,0.29702434,0.28343624
4251917489,0.166768,0.6218591,0.21137297
4251997215,0.2874938,0.31568208,0.39682415
4252105159,0.2853252,0.33913693,0.37553787
4252148758,0.7686243,0.09144179,0.13993393
4252161142,0.12535973,0.13275468,0.7418856
4252192977,0.18546712,0.18155545,0.6329774
4252236885,0.13161026,0.7282963,0.1400935
4252239775,0.28178537,0.26388258,0.45433205
4252278635,0.4300856,0.2444784,0.32543603
4252493496,0.36194047,0.2999873,0.33807224
4252534482,0.32625765,0.35475695,0.31898534
4252611580,0.42790732,0.2905972,0.2814955
4252613030,0.3937251,0.32216343,0.28411147
4252675149,0.32230765,0.33351126,0.34418106
4252780540,0.23979975,0.4538186,0.30638158
4252787969,0.37204129,0.31690446,0.3110543
4252880806,0.21426925,0.4976204,0.28811035
4252890088,0.23857348,0.25873393,0.5026926
4252945271,0.27113143,0.25898778,0.4698808
4252983166,0.3676984,0.29367176,0.3386298
4253030125,0.3162286,0.32245773,0.36131367
4253056609,0.06770425,0.8400176,0.09227819
4253105766,0.29256922,0.19117908,0.5162516
4253133475,0.50520116,0.24382286,0.25097597
4253175751,0.21980436,0.19529405,0.58490163
4253458875,0.10452574,0.0975943,0.79787993
4253543341,0.36854106,0.34033993,0.29111898
4253684062,0.20790558,0.55626476,0.2358297
4253743033,0.38988757,0.30048,0.3096324
4253855217,0.15215,0.15957698,0.6882731
4253868786,0.592975,0.2165784,0.19044653
4253954230,0.12053064,0.7353429,0.14412642
4253980276,0.3797936,0.3573786,0.26282778
4254014246,0.2997344,0.3115101,0.3887555
4254030033,0.32755917,0.36607277,0.30636808
4254044254,0.33579957,0.369868,0.29433239
4254163601,0.30579108,0.33177558,0.3624334
4254193206,0.378737,0.32451662,0.29674634
4254291157,0.17208602,0.6373817,0.19053239
4254556595,0.21688868,0.2020046,0.5811067
4254601014,0.14257878,0.7198116,0.13760963
4254627312,0.4702257,0.2766263,0.25314808
4254718393,0.33965406,0.34095195,0.31939396
4254719559,0.1874547,0.57238007,0.24016514
4254762145,0.5016059,0.25576383,0.2426303
4254995417,0.50183874,0.28002045,0.21814086
4254997382,0.3042996,0.33237746,0.3633229
4255112092,0.3072356,0.40152964,0.29123485
4255202752,0.53854233,0.1857366,0.27572107
4255281904,0.3340117,0.32399145,0.34199688
4255396969,0.2698075,0.32521513,0.40497732
4255439310,0.32718995,0.38419685,0.2886132
4255470922,0.27842587,0.45391005,0.2676641
4255946083,0.16454156,0.14023015,0.6952283
4255994314,0.30222127,0.35989258,0.33788615
4256111360,0.40168473,0.30947423,0.288841
4256116847,0.27732036,0.40174696,0.3209327
4256163050,0.7566611,0.08705056,0.15628828
4256179369,0.25957844,0.3830177,0.35740387
4256233163,0.34835455,0.33887613,0.31276932
4256267847,0.30547392,0.28881255,0.40571356
4256363151,0.24712247,0.20813566,0.5447419
4256363743,0.118113235,0.121176384,0.7607104
4256422362,0.20174043,0.16055356,0.637706
4256557356,0.66403,0.16571544,0.17025462
4256622843,0.34724265,0.2781682,0.3745891
4256675407,0.28630635,0.44016698,0.27352673
4256678143,0.572333,0.20077068,0.22689639
4256757373,0.13827577,0.12403513,0.737689
4257247464,0.3496176,0.34299767,0.30738476
4257385400,0.30861998,0.2765987,0.41478136
4257394453,0.25168046,0.2834222,0.4648973
4257507218,0.2728989,0.41458932,0.31251174
4257588577,0.41435152,0.27075368,0.3148948
4257682815,0.28789803,0.45679763,0.25530428
4257730913,0.22483423,0.22868419,0.54648155
4257761980,0.3465917,0.32377455,0.32963368
4257769834,0.36173117,0.31901133,0.3192575
4257864795,0.29916888,0.42345914,0.27737197
4257913568,0.33192053,0.3510779,0.31700152
4258041419,0.58545893,0.17872223,0.23581888
4258041814,0.25075075,0.44054937,0.30869997
4258096767,0.41105226,0.3086563,0.28029144
4258115708,0.41500363,0.2576674,0.32732892
4258161701,0.7336295,0.118565395,0.14780517
4258369845,0.44093168,0.3110735,0.2479948
4258399976,0.29922932,0.35572195,0.3450487
4258428039,0.36298758,0.2870826,0.34992984
4258496722,0.20738856,0.5586207,0.23399074
4258514130,0.51742274,0.22084741,0.26172993
4258667494,0.3378492,0.32935104,0.3327997
4258703887,0.21252705,0.22075278,0.5667201
4258765705,0.25777256,0.44641402,0.29581338
4258843037,0.17048009,0.42903093,0.40048906
4258859881,0.54060626,0.21970987,0.23968385
4258925590,0.5305866,0.25110576,0.21830764
4258988790,0.4177999,0.29845825,0.28374183
4259207233,0.21724,0.4604398,0.32232022
4259226169,0.44555655,0.24086142,0.31358206
4259402419,0.23577793,0.22454797,0.53967416
4259422240,0.22247468,0.50425786,0.27326742
4259445178,0.38662684,0.28818217,0.32519102
4259559419,0.35505146,0.38174617,0.26320228
4259795979,0.32138908,0.27873343,0.39987746
4259979711,0.156932,0.6643517,0.17871636
4260076805,0.1498956,0.12464445,0.72545993
4260108353,0.6172733,0.20518771,0.17753896
4260299428,0.64246136,0.13268773,0.22485083
4260318706,0.40421957,0.28957367,0.30620667
4260360143,0.42796117,0.24393675,0.3281021
4260393721,0.26871037,0.48095965,0.25033
4260473622,0.24028645,0.2626191,0.49709445
4260589581,0.2610222,0.36436698,0.3746108
4260657781,0.27511993,0.28482673,0.44005337
4260686685,0.32151854,0.39087737,0.28760415
4260806564,0.3370821,0.36022246,0.30269548
4260808044,0.32210553,0.3184199,0.35947457
4260822012,0.18094832,0.19692385,0.6221278
4260952099,0.36866945,0.35523105,0.2760995
4261028517,0.21933523,0.29756877,0.48309597
4261043741,0.2987469,0.34569025,0.3555628
4261045573,0.37542975,0.3266306,0.29793966
4261147158,0.27448082,0.3078618,0.41765738
4261216431,0.27474886,0.27549022,0.44976088
4261237457,0.5866673,0.16037945,0.25295314
4261273385,0.35508946,0.17366119,0.4712493
4261292892,0.10498139,0.100258514,0.7947601
4261316605,0.33143163,0.2966597,0.37190866
4261336515,0.1780777,0.20417203,0.6177502
4261380281,0.37250584,0.3577562,0.26973802
4261420325,0.11239383,0.09725996,0.7903462
4261471939,0.3809825,0.33088297,0.28813452
4261478515,0.72133183,0.12693885,0.15172935
4261497204,0.4295427,0.3125575,0.2578999
4261561116,0.25379148,0.17896143,0.5672471
4261741941,0.43254215,0.32970175,0.23775615
4261742467,0.5705265,0.15715599,0.2723175
4261965388,0.49796697,0.25540537,0.24662766
4262068665,0.20212734,0.20997956,0.58789307
4262121285,0.6668231,0.14652061,0.18665619
4262136455,0.0982098,0.10096226,0.80082786
4262210152,0.12498933,0.74483603,0.1301746
4262557415,0.46911612,0.22487177,0.3060121
4262605526,0.36595878,0.29914844,0.3348928
4262744023,0.33202097,0.4750795,0.1928995
4262849744,0.27471069,0.36035317,0.36493608
4262858440,0.5013068,0.18606459,0.31262866
4262860715,0.41209146,0.26933137,0.31857717
4262871745,0.26481497,0.44066444,0.29452056
4262902523,0.57069486,0.22658603,0.20271906
4262921954,0.41227633,0.2955908,0.29213282
4263165266,0.3778361,0.3535171,0.2686468
4263172738,0.50640607,0.2604928,0.23310113
4263175476,0.30570424,0.37990302,0.31439283
4263215147,0.4455432,0.31555766,0.23889911
4263476909,0.27850395,0.40199623,0.31949982
4263561225,0.30110314,0.30043072,0.39846605
4263591872,0.102039754,0.76486474,0.1330955
4263610366,0.40487698,0.34099534,0.25412774
4263618688,0.74652576,0.108058326,0.14541586
4263631006,0.14926979,0.61462796,0.23610222
4263637750,0.57774824,0.206031,0.21622081
4263647233,0.12371787,0.14975066,0.7265314
4263648122,0.25572294,0.4403748,0.3039022
4263676223,0.36632875,0.3301075,0.3035637
4263714852,0.062352043,0.8345587,0.10308921
4263727916,0.23738061,0.14988326,0.6127361
4263738907,0.3732395,0.340132,0.28662848
4263811653,0.14516875,0.21539281,0.63943845
4263936275,0.45949546,0.27904555,0.26145893
4263965264,0.34740797,0.2947835,0.35780853
4263966547,0.41599947,0.30327109,0.28072938
4264143483,0.4525476,0.23584232,0.3116101
4264235586,0.6676412,0.13872933,0.19362946
4264293918,0.13694768,0.14235161,0.7207007
4264392483,0.30171576,0.38368627,0.314598
4264624971,0.45977148,0.3004708,0.23975775
4264651374,0.17558482,0.16067258,0.6637426
4264659096,0.37464347,0.30149823,0.32385835
4264681933,0.42960754,0.33572048,0.23467197
4265154113,0.2703039,0.41524062,0.31445545
4265282380,0.10433459,0.10933844,0.78632694
4265285152,0.31559318,0.36658671,0.31782013
4265299832,0.29926997,0.38777778,0.31295222
4265449646,0.34989655,0.35183892,0.2982645
4265569404,0.24095458,0.49744087,0.26160458
4265613587,0.50925523,0.25610074,0.234644
4265681306,0.38143924,0.3556365,0.26292425
4265755159,0.28473514,0.30949372,0.40577117
4265825667,0.47530735,0.2992832,0.2254094
4265864989,0.23551379,0.34133807,0.42314813
4266017182,0.26188272,0.4617816,0.27633572
4266065748,0.25519004,0.5049952,0.23981477
4266189146,0.091526836,0.09524197,0.81323117
4266227053,0.13719039,0.72403896,0.13877067
4266236042,0.45729327,0.31518736,0.2275194
4266241917,0.16531178,0.6201616,0.21452667
4266376055,0.35824898,0.2831763,0.35857472
4266423169,0.44639656,0.25544414,0.2981593
4266722122,0.22796284,0.22627342,0.5457638
4266936872,0.3234694,0.3590978,0.31743282
4267006161,0.17409071,0.3348419,0.49106735
4267024127,0.096360795,0.7713938,0.13224539
4267061034,0.2884712,0.44583103,0.26569778
4267097719,0.34130988,0.3239096,0.33478054
4267196458,0.34212562,0.35746315,0.30041113
4267199301,0.3722318,0.37624258,0.25152567
4267349730,0.29619178,0.44070324,0.26310503
4267369230,0.39468026,0.33814174,0.26717794
4267412342,0.22708188,0.5375883,0.23532988
4267463946,0.2983733,0.3689375,0.3326892
4267557334,0.6072075,0.17674688,0.21604568
4267587008,0.26649237,0.33420932,0.39929825
4267624202,0.36938804,0.34315312,0.28745884
4267658380,0.19975853,0.2701,0.53014153
4267665021,0.22377007,0.45383823,0.32239172
4267705016,0.43160513,0.3266225,0.24177247
4267816052,0.3179908,0.33283582,0.34917334
4267825232,0.5958507,0.20016146,0.20398779
4267834087,0.23420726,0.23733398,0.5284587
4267842464,0.42667878,0.2714315,0.30188972
4267863455,0.36846036,0.32740194,0.3041377
4267918914,0.17709614,0.5451449,0.27775893
4267970306,0.31370965,0.39982095,0.28646946
4268087459,0.43602526,0.28584862,0.27812606
4268111462,0.4357861,0.19736268,0.36685118
4268139529,0.38230646,0.3586469,0.25904667
4268146196,0.52256584,0.23446159,0.24297261
4268331700,0.24088639,0.5270253,0.23208833
4268463572,0.3965521,0.30850628,0.29494157
4268623850,0.41509026,0.3035436,0.28136617
4268635271,0.48556122,0.23876853,0.27567026
4268964956,0.39069033,0.3186228,0.29068694
4269134558,0.3767851,0.34561893,0.27759597
4269176867,0.4618549,0.32071966,0.21742538
4269177005,0.4452976,0.21199542,0.34270692
4269403387,0.0877855,0.09008157,0.8221329
4269432262,0.20304024,0.2178716,0.5790882
4269483786,0.43819156,0.30440503,0.25740346
4269875860,0.22929403,0.24949218,0.5212138
4269934547,0.48095503,0.30962202,0.20942298
4269942668,0.23922393,0.26195914,0.49881697
4270119062,0.3359799,0.24808997,0.4159301
4270158198,0.39873692,0.3646354,0.2366277
4270208921,0.47819617,0.27671003,0.24509384
4270224673,0.5664421,0.22530046,0.20825742
4270319858,0.33218297,0.3657308,0.3020861
4270325914,0.08996629,0.79032457,0.119709134
4270454534,0.092523195,0.7957849,0.11169193
4270462930,0.28227377,0.29716313,0.42056313
4270471774,0.2257877,0.4697011,0.30451122
4270483798,0.13816257,0.12225726,0.73958015
4270909995,0.2096763,0.56499916,0.22532456
4270923962,0.32429606,0.4234562,0.25224778
4270976008,0.60077906,0.15149862,0.2477224
4270989643,0.50168735,0.24669454,0.25161812
4270999872,0.29548603,0.32016602,0.38434798
4271142424,0.5295048,0.2576361,0.21285915
4271157145,0.26978838,0.4579019,0.27230972
4271166901,0.4733382,0.25636026,0.27030158
4271180206,0.48459864,0.2665922,0.2488091
4271194621,0.32986262,0.30148277,0.36865464
4271230859,0.41604012,0.31261247,0.27134737
4271372727,0.33153948,0.38665396,0.28180656
4271397976,0.4092836,0.28589103,0.30482537
4271601043,0.2694472,0.46710262,0.26345018
4271789892,0.48884866,0.22766948,0.2834819
4271916856,0.2825275,0.45253697,0.26493552
4271983620,0.37669653,0.32640335,0.29690018
4272103104,0.38898024,0.34743536,0.26358443
4272156486,0.32143888,0.36753923,0.31102183
4272242920,0.3663865,0.33036274,0.30325073
4272339443,0.16881174,0.6336825,0.19750571
4272437710,0.32883942,0.34965432,0.32150623
4272531315,0.31017432,0.3949003,0.2949254
4272595695,0.64003575,0.17511517,0.18484913
4272630913,0.23107743,0.40661898,0.36230358
4272662512,0.3377632,0.36131603,0.30092078
4272676520,0.22900732,0.40839618,0.36259648
4272853548,0.35922915,0.3405116,0.30025917
4272956219,0.5864394,0.21450281,0.19905776
4273008965,0.3230703,0.2933967,0.38353297
4273071664,0.3869549,0.33928943,0.2737557
4273144571,0.12359012,0.10442229,0.77198756
4273405892,0.4487676,0.30860573,0.24262667
4273597147,0.27440703,0.1864419,0.5391511
4273602763,0.28175658,0.2410102,0.4772333
4273675873,0.20420448,0.55551505,0.24028045
4273695866,0.24001688,0.26601085,0.49397224
4273702146,0.2364976,0.4054671,0.3580354
4273865862,0.22207032,0.50674707,0.27118263
4273873978,0.38062942,0.30501318,0.3143574
4274051522,0.28850698,0.39368522,0.31780776
4274073514,0.23224592,0.40997595,0.3577781
4274076811,0.27553952,0.3774563,0.34700415
4274103601,0.60195994,0.20647593,0.1915641
4274106997,0.20478961,0.50108945,0.2941209
4274137569,0.3776477,0.27062964,0.35172275
4274170042,0.35328916,0.3037667,0.34294415
4274213987,0.20300716,0.53942627,0.25756654
4274344281,0.21742015,0.5029273,0.27965254
4274479649,0.34523723,0.29415768,0.36060506
4274707768,0.5833587,0.20200956,0.21463178
4274709381,0.5726423,0.21018551,0.21717218
4274752284,0.32287928,0.46439826,0.2127225
4274761773,0.27229768,0.38126722,0.3464351
4274854986,0.5497278,0.23694186,0.21333028
4275184152,0.2166764,0.53933555,0.24398804
4275275519,0.6491189,0.18114877,0.16973235
4275302318,0.2551905,0.33156675,0.4132427
4275389524,0.3199665,0.38456875,0.29546475
4275439023,0.6229858,0.18051527,0.19649902
4275450265,0.12531644,0.13079031,0.7438932
4275488726,0.48406813,0.25819823,0.25773367
4275703320,0.32925937,0.37150264,0.29923812
4275723868,0.6569322,0.15142134,0.19164644
4275731597,0.13670266,0.7005071,0.16279028
4276132444,0.3759578,0.33815968,0.28588256
4276171493,0.3600773,0.32784224,0.31208047
4276258094,0.24748187,0.52249825,0.23001993
4276398848,0.19693635,0.39898685,0.40407678
4276683665,0.47601274,0.28181148,0.24217574
4276805534,0.35342625,0.29168153,0.3548922
4276823101,0.20955935,0.5733841,0.21705651
4277008043,0.37349203,0.32017988,0.30632812
4277223851,0.4396359,0.30019537,0.26016876
4277271545,0.25830427,0.44098672,0.300709
4277393233,0.10764011,0.7418036,0.1505563
4277414510,0.24557202,0.44702464,0.30740336
4277509038,0.3408013,0.38486767,0.2743311
4277837113,0.5396927,0.2469033,0.21340396
4277867024,0.24162006,0.2520026,0.50637734
4278049467,0.37520838,0.3501845,0.27460712
4278169486,0.47603005,0.2372132,0.28675678
4278306836,0.06450475,0.8440283,0.091466956
4278320316,0.30078202,0.3460842,0.35313377
4278354569,0.33400893,0.34754214,0.318449
4278458723,0.15790103,0.16659254,0.6755064
4278482422,0.25338054,0.3867766,0.3598429
4278511339,0.4364783,0.28375763,0.2797641
4278584980,0.4383855,0.32495022,0.23666427
4278844497,0.39213964,0.30833802,0.29952234
4278849615,0.49157786,0.26631114,0.24211107
4278861981,0.27001163,0.32116157,0.40882674
4278892891,0.47553426,0.2563969,0.26806888
4278928586,0.1743704,0.16597857,0.65965104
4278983238,0.09936053,0.77485055,0.1257889
4279020634,0.25011986,0.486427,0.2634531
4279022453,0.35047996,0.41116685,0.23835318
4279209684,0.45549306,0.26289606,0.28161082
4279221131,0.388794,0.28576288,0.32544312
4279223698,0.2109735,0.26109394,0.5279325
4279241262,0.15937488,0.15198073,0.6886444
4279320646,0.49014968,0.2661365,0.24371375
4279394335,0.24493638,0.24793176,0.5071319
4279484921,0.07623662,0.07231623,0.85144717
4279561409,0.4278449,0.3347098,0.23744531
4279569985,0.3154641,0.33654305,0.34799287
4279681581,0.40037796,0.35369655,0.24592549
4279950172,0.32631066,0.34667063,0.3270188
4280016212,0.102742516,0.77634263,0.1209149
4280152015,0.37340316,0.3786333,0.24796352
4280287624,0.4888276,0.2823723,0.22880004
4280390923,0.23604944,0.46217492,0.30177557
4280484596,0.25379255,0.49189547,0.25431207
4280501571,0.3395053,0.36620888,0.29428577
4280584901,0.342604,0.3132085,0.3441875
4280669757,0.123083696,0.72746474,0.14945155
4280711005,0.5711285,0.20680548,0.22206602
4280738114,0.30831406,0.3465889,0.34509698
4280752211,0.28648427,0.48813093,0.22538477
4280797124,0.34219712,0.3773228,0.28048012
4280969214,0.25857612,0.24358262,0.49784118
4281042010,0.3903066,0.32240835,0.2872851
4281046420,0.4173218,0.32588458,0.2567936
4281062380,0.36680198,0.34452358,0.28867447
4281110663,0.34797937,0.34891254,0.3031082
4281154579,0.34389055,0.35011742,0.30599207
4281253512,0.2996572,0.39446434,0.30587834
4281318990,0.44516224,0.2696928,0.28514493
4281325245,0.33274236,0.4178521,0.24940558
4281352225,0.41320476,0.32336503,0.2634302
4281377460,0.4631592,0.29541185,0.24142897
4281763227,0.23107308,0.1700136,0.59891325
4281792270,0.63222975,0.16908225,0.19868799
4281803689,0.29449546,0.3297179,0.37578666
4281808840,0.33467084,0.32492042,0.34040877
4281865286,0.51770794,0.2129968,0.2692953
4281980776,0.39106768,0.3481536,0.26077878
4282109608,0.23288323,0.5186153,0.24850142
4282130043,0.2709615,0.3979533,0.3310853
4282275530,0.3166393,0.36309752,0.32026318
4282315288,0.382905,0.34127143,0.27582347
4282334381,0.36949125,0.28543562,0.34507313
4282382142,0.109982155,0.76769066,0.122327134
4282389129,0.14841953,0.68270105,0.16887937
4282391095,0.25480193,0.41693845,0.3282596
4282447633,0.5492358,0.24026752,0.21049671
4282482144,0.29084444,0.3715088,0.33764672
4282533527,0.09444775,0.0961872,0.8093651
4282659245,0.2728202,0.41008818,0.31709152
4282955839,0.26549256,0.34923553,0.38527185
4282977306,0.2678463,0.4868519,0.24530174
4283060301,0.26974332,0.45215085,0.27810594
4283090386,0.26285705,0.26696375,0.4701792
4283155008,0.1727023,0.16751687,0.6597808
4283201974,0.31191796,0.34404215,0.34403986
4283211695,0.15936618,0.6697521,0.1708817
4283268144,0.18010114,0.62678707,0.19311182
4283302429,0.54183924,0.24418439,0.21397634
4283312699,0.22974633,0.52652067,0.24373305
4283339257,0.2610597,0.41180974,0.32713056
4283365726,0.1429738,0.13584626,0.72117996
4283417150,0.16741306,0.5379624,0.29462454
4283551632,0.3803962,0.29470006,0.32490367
4283568111,0.4270393,0.32222357,0.25073713
4283656635,0.25804794,0.27386627,0.46808583
4284047809,0.27467546,0.41679153,0.30853304
4284085138,0.084976986,0.79774153,0.1172815
4284205368,0.36514235,0.26797968,0.3668779
4284498087,0.25177053,0.18413733,0.56409216
4284651189,0.31564745,0.37572926,0.30862334
4284678321,0.14287657,0.1617926,0.6953308
4284791770,0.14605092,0.13865666,0.71529245
4284813434,0.24248335,0.46809652,0.28942007
4284829096,0.12732589,0.74746364,0.12521051
4284845904,0.4644177,0.31171003,0.22387233
4284911720,0.2729671,0.3285832,0.39844966
4284924803,0.36051565,0.26643375,0.37305063
4284969072,0.24285491,0.42024314,0.33690193
4285002084,0.20158076,0.5458207,0.25259858
4285043527,0.44156194,0.27875298,0.27968508
4285065544,0.15388995,0.6728547,0.17325535
4285075538,0.33764234,0.28680336,0.3755543
4285304482,0.33980393,0.34461954,0.31557652
4285389648,0.34646708,0.25802314,0.3955098
4285469801,0.12405296,0.1012251,0.774722
4285522601,0.14601569,0.15915501,0.69482934
4285604601,0.096234426,0.782158,0.12160759
4285745344,0.30760762,0.3500254,0.34236702
4285850813,0.35603908,0.2974498,0.34651121
4285859683,0.119005226,0.13697252,0.7440223
4286061858,0.5565967,0.2380491,0.2053542
4286063033,0.40325597,0.15712988,0.43961415
4286318990,0.30978456,0.3710336,0.31918192
4286370847,0.44600266,0.33767366,0.21632367
4286405509,0.46202403,0.15780926,0.38016668
4286450466,0.27116,0.24292332,0.4859166
4286463056,0.15642932,0.15421616,0.6893545
4286865889,0.35926569,0.3483257,0.29240862
4286870218,0.5468836,0.23797114,0.21514527
4286873017,0.13968913,0.13342763,0.72688323
4286909142,0.4046209,0.33955792,0.2558212
4286942126,0.44070953,0.19984722,0.35944325
4287058426,0.24511485,0.42784682,0.32703832
4287112149,0.18778226,0.54566616,0.2665516
4287127543,0.27529186,0.23186168,0.49284643
4287142896,0.67576647,0.14329691,0.18093666
4287311513,0.13240694,0.7113729,0.15622015
4287338112,0.44165716,0.27137932,0.28696358
4287543332,0.42363966,0.31861946,0.2577409
4287650976,0.3298013,0.36208573,0.308113
4287905957,0.25150523,0.33987984,0.40861484
4287998773,0.26223987,0.37762234,0.36013785
4288036962,0.23255457,0.45690447,0.31054094
4288100799,0.321036,0.2984195,0.38054445
4288290528,0.1985057,0.18049976,0.62099457
4288572819,0.26025105,0.3940801,0.34566882
4288743085,0.2459801,0.5130249,0.24099489
4288748445,0.16435593,0.6568241,0.17882001
4288828318,0.37101936,0.26738405,0.36159664
4288871502,0.16617626,0.6029432,0.23088059
4288923087,0.20057043,0.1892855,0.61014414
4288967374,0.44250536,0.353252,0.20424266
4289338231,0.5312158,0.22576863,0.24301556
4289597006,0.1492451,0.6859656,0.1647893
4289607724,0.07599838,0.06760551,0.856396
4289676634,0.09852256,0.7685534,0.13292405
4289792977,0.33152604,0.3290154,0.3394586
4289920922,0.20712018,0.56206214,0.23081766
4289921315,0.42145562,0.32884267,0.24970174
4290029285,0.48080882,0.24519114,0.27400005
4290090302,0.33958903,0.3333535,0.32705748
4290218189,0.3030317,0.43579566,0.26117265
4290226288,0.35564604,0.3033828,0.34097114
4290288634,0.53455997,0.257584,0.20785606
4290323631,0.5686042,0.23903197,0.19236383
4290387078,0.3297463,0.34897885,0.32127482
4290567181,0.2800709,0.43443888,0.28549027
4290579575,0.49877006,0.24812594,0.253104
4290669078,0.36366588,0.31161848,0.3247156
4290839285,0.3440239,0.31126553,0.34471056
4290849528,0.31808507,0.37609386,0.30582106
4291106174,0.32184172,0.3595692,0.31858915
4291221942,0.3649447,0.35353342,0.28152192
4291229804,0.21051466,0.51821184,0.2712735
4291235817,0.39008066,0.32012686,0.28979248
4291300179,0.6865663,0.12972547,0.18370827
4291367819,0.30395782,0.41298872,0.28305346
4291399695,0.39091003,0.3809052,0.22818479
4291445966,0.44670996,0.32082757,0.23246248
4291565351,0.35157394,0.37504208,0.27338398
4291600110,0.7043669,0.1334468,0.1621863
4291750124,0.30304772,0.2827696,0.41418266
4291970601,0.41551533,0.30177507,0.2827096
4291983256,0.49906388,0.25605416,0.24488199
4291999244,0.4868902,0.28829083,0.22481892
4292005733,0.41821426,0.34662637,0.23515932
4292053765,0.5160887,0.27646506,0.20744622
4292154969,0.07141891,0.06576198,0.86281914
4292179357,0.28900778,0.20929657,0.50169563
4292218083,0.15523933,0.6593012,0.18545943
4292330026,0.34202352,0.375798,0.2821785
4292346386,0.30446738,0.29997006,0.3955626
4292359809,0.2665872,0.23630956,0.49710315
4292525395,0.27048945,0.24006201,0.48944855
4292563026,0.39675862,0.32509726,0.2781441
4292612499,0.29604915,0.3767421,0.3272088
4292709507,0.40461612,0.29678872,0.29859513
4292800712,0.3011779,0.27974242,0.41907966
4292809931,0.37219298,0.3388259,0.2889811
4292914487,0.31292602,0.34103906,0.34603494
4292960356,0.6516675,0.1411957,0.20713675
4293086442,0.120776854,0.7212852,0.15793793
4293094431,0.22052497,0.44785917,0.33161592
4293227845,0.39654806,0.26683828,0.33661366
4293254649,0.21454407,0.60046124,0.18499465
4293293471,0.3113737,0.4235014,0.2651249
4293415746,0.29614207,0.36442548,0.3394325
4293419884,0.20068099,0.17497663,0.6243424
4293430216,0.25014943,0.504553,0.2452975
4293445688,0.08542022,0.8028096,0.11177023
4293540065,0.5582901,0.22951724,0.21219265
4293543403,0.41205212,0.33637032,0.25157756
4293704939,0.36224762,0.34381726,0.29393515
4293765835,0.21968843,0.5595369,0.22077471
4293767723,0.34023166,0.35286614,0.30690214
4293849459,0.45679355,0.16336411,0.37984225
4293918673,0.5064394,0.17984778,0.3137129
4293965487,0.6869448,0.13678883,0.17626639
4293990653,0.40198252,0.29759893,0.30041853
4294020084,0.33712035,0.34221724,0.3206624
4294068603,0.32508612,0.30861092,0.366303
4294081229,0.34549028,0.31649795,0.33801183
4294144396,0.2006404,0.47649464,0.3228649
4294254797,0.52193505,0.2592076,0.21885735
4294349169,0.3315477,0.35431248,0.31413984
4294452769,0.15112959,0.14222085,0.70664954
4294602932,0.59926933,0.22832768,0.17240296
4294633312,0.3494429,0.3317571,0.31880006
4294656694,0.2252148,0.21757469,0.55721045
4294692063,0.38906714,0.34461007,0.26632288
4294710549,0.37647295,0.37179226,0.25173482
4294899228,0.3385366,0.31522873,0.3462346
4294947231,0.15871844,0.16024816,0.6810334
